uniprot	position	WT	Mut	cluster
A0A075B6L2	8	E	K	M3Z3F4
A0A075B6L2	85	K	N	M3Z3F4
A0A075B6T6	50	G	V	A0A287AYX9
A0A075B6T6	70	F	S	A0A287AYX9
A0A0A0MS01	34	I	V	A0A2I3RXX8
A0A0A0MS01	54	R	Q	A0A2I3RXX8
A0A0A6YYL3	213	E	G	A0A2I3MJF1
A0A0B4J1U6	67	H	Q	A0A0D9R668
A0A1B0GTW7	6	L	P	A0A286YEC0
A0A1B0GTW7	220	A	T	A0A286YEC0
A0A1B0GTW7	263	I	V	A0A286YEC0
A0A1B0GTW7	339	L	Q	A0A286YEC0
A0A1B0GTW7	407	R	Q	A0A286YEC0
A0A1B0GTW7	604	D	G	A0A286YEC0
A0A1B0GTW7	606	N	K	A0A286YEC0
A0A1B0GTW7	655	K	R	A0A286YEC0
A0A1B0GTW7	702	K	R	A0A286YEC0
A0JP26	30	H	D	A0A2I3MJF1
A0JP26	43	M	V	A0A2I3MJF1
A0JP26	340	T	M	A0A2I3MJF1
A0JP26	524	R	H	A0A2I3MJF1
A0PK11	113	L	V	A0A093GHV1
A0PK11	153	A	T	A0A093GHV1
A1A5D9	55	Q	E	A0A2K6ANW8
A1A5D9	58	E	K	A0A2K6ANW8
A1A5D9	273	Q	R	A0A2K6ANW8
A1A5D9	490	L	P	A0A2K6ANW8
A1A5D9	55	Q	E	A0A2K6ANW8
A1A5D9	58	E	K	A0A2K6ANW8
A1A5D9	273	Q	R	A0A2K6ANW8
A1A5D9	490	L	P	A0A2K6ANW8
A2A2Y4	485	D	Y	A0A2U3XGN3
A2RTX5	39	A	S	N6T335
A2RTX5	96	A	G	N6T335
A2RU49	343	K	E	A0A1W5AI71
A2RU49	343	K	E	A0A1W5AI71
A2RU67	174	G	R	A0A212CCE8
A2RU67	295	R	Q	A0A212CCE8
A2RU67	174	G	R	A0A212CCE8
A2RU67	295	R	Q	A0A212CCE8
A5YKK6	299	R	Q	T1ISW7
A5YKK6	1480	A	V	T1ISW7
A5YKK6	1480	A	V	T1ISW7
A6NCS6	64	A	G	A0A2J8TQD9
A6ND91	6	P	R	A0A0G2K549
A6ND91	89	R	H	A0A0G2K549
A6ND91	266	Q	R	A0A0G2K549
A6ND91	270	A	D	A0A0G2K549
A6NFQ2	265	R	W	M7BKP4
A6NFQ2	311	C	R	M7BKP4
A6NFQ2	417	A	V	M7BKP4
A6NFQ2	265	R	W	M7BKP4
A6NFQ2	311	C	R	M7BKP4
A6NFQ2	417	A	V	M7BKP4
A6NIM6	141	H	Q	H0W4U7
A6NIM6	252	R	L	H0W4U7
A6NIM6	271	P	L	H0W4U7
A6NIM6	494	D	E	H0W4U7
A6NJZ7	75	R	H	F6YJE9
A6NJZ7	1116	G	A	F6YJE9
A6NK06	152	N	S	A0A2Y9NLZ3
A6NK06	152	N	S	A0A2Y9NLZ3
A6NK06	273	R	H	A0A2Y9NLZ3
A6NK06	273	R	H	A0A2Y9NLZ3
A6NKK0	70	D	E	F6YQW7
A6NKK0	119	A	T	F6YQW7
A6NKK0	153	I	L	F6YQW7
A6NKK0	181	T	I	F6YQW7
A6NKK0	224	A	T	F6YQW7
A6NKK0	230	S	T	F6YQW7
A6NMX2	21	K	E	A0A2K6FQM6
A6NMX2	21	K	E	A0A2K6FQM6
A6NMX2	21	K	E	A0A2K6FQM6
A8MW95	103	I	M	G1PZN5
A8MW95	103	I	M	G1PZN5
A8MW95	158	E	K	G1PZN5
A8MW95	158	E	K	G1PZN5
A8MW95	243	R	M	G1PZN5
A8MW95	243	R	M	G1PZN5
A8MYU2	768	W	R	Q5QJC5
A8MYU2	911	A	T	Q5QJC5
A8MYU2	911	A	T	Q5QJC5
A8MYU2	916	N	S	Q5QJC5
B2RXH8	26	L	P	H0XX05
B2RXH8	80	A	V	H0XX05
B2RXH8	81	V	D	H0XX05
B2RXH8	134	P	L	H0XX05
B2RXH8	145	R	H	H0XX05
B2RXH8	151	N	D	H0XX05
B2RXH8	208	Q	H	H0XX05
B2RXH8	281	E	K	H0XX05
C9JE40	20	L	P	G3UDA9
C9JE40	88	M	V	G3UDA9
C9JE40	88	M	V	G3UDA9
C9JE40	88	M	V	G3UDA9
C9JE40	252	P	L	G3UDA9
C9JE40	20	L	P	G3UDA9
C9JE40	88	M	V	G3UDA9
C9JE40	88	M	V	G3UDA9
C9JE40	88	M	V	G3UDA9
C9JE40	252	P	L	G3UDA9
C9JI98	14	P	S	A0A2U3W9U3
C9JI98	14	P	S	A0A2U3W9U3
C9JI98	30	G	V	A0A2U3W9U3
E2RYF6	57	S	T	A0A2K5DRX0
E2RYF6	78	A	T	A0A2K5DRX0
E2RYF6	109	R	G	A0A2K5DRX0
E2RYF6	120	G	V	A0A2K5DRX0
E2RYF6	128	I	V	A0A2K5DRX0
E2RYF6	171	I	V	A0A2K5DRX0
E2RYF6	190	T	S	A0A2K5DRX0
E2RYF6	202	S	N	A0A2K5DRX0
E2RYF6	220	T	S	A0A2K5DRX0
E2RYF6	224	E	D	A0A2K5DRX0
E2RYF6	273	T	A	A0A2K5DRX0
E2RYF6	273	T	K	A0A2K5DRX0
E2RYF6	282	I	F	A0A2K5DRX0
E2RYF6	284	A	G	A0A2K5DRX0
E2RYF6	293	A	E	A0A2K5DRX0
E2RYF6	347	T	S	A0A2K5DRX0
E2RYF6	349	V	I	A0A2K5DRX0
E2RYF6	359	V	I	A0A2K5DRX0
E2RYF6	402	V	M	A0A2K5DRX0
E2RYF6	421	T	S	A0A2K5DRX0
E2RYF6	442	A	S	A0A2K5DRX0
E2RYF6	470	S	C	A0A2K5DRX0
E2RYF6	476	T	M	A0A2K5DRX0
E2RYF6	508	A	T	A0A2K5DRX0
E2RYF6	524	K	E	A0A2K5DRX0
E2RYF6	657	T	I	A0A2K5DRX0
E2RYF6	660	I	T	A0A2K5DRX0
E2RYF6	697	I	V	A0A2K5DRX0
E2RYF6	775	M	T	A0A2K5DRX0
E2RYF6	860	T	A	A0A2K5DRX0
E2RYF6	896	T	S	A0A2K5DRX0
E2RYF6	975	T	I	A0A2K5DRX0
E2RYF6	1001	G	V	A0A2K5DRX0
E2RYF6	1036	M	V	A0A2K5DRX0
E2RYF6	1049	T	I	A0A2K5DRX0
E2RYF6	1101	E	K	A0A2K5DRX0
E2RYF6	1164	E	A	A0A2K5DRX0
E2RYF6	1250	I	T	A0A2K5DRX0
E2RYF6	1251	E	K	A0A2K5DRX0
E2RYF6	1356	T	R	A0A2K5DRX0
E2RYF6	1376	T	A	A0A2K5DRX0
E2RYF6	1382	S	G	A0A2K5DRX0
E2RYF6	1437	T	S	A0A2K5DRX0
E2RYF6	1461	S	A	A0A2K5DRX0
E2RYF6	1495	S	T	A0A2K5DRX0
E2RYF6	1539	L	P	A0A2K5DRX0
E2RYF6	1565	L	P	A0A2K5DRX0
E2RYF6	1568	S	T	A0A2K5DRX0
E2RYF6	1687	N	D	A0A2K5DRX0
E2RYF6	1712	N	D	A0A2K5DRX0
E7ETH6	400	C	R	A0A2Y9MFH9
O95298	46	L	V	A0A1D5RHW4
P04156	54	G	S	B2D1U2
P04156	54	G	S	B2D1U2
O00155	159	S	L	H0XL94
O00159	107	V	I	A0A091D5H5
O00159	107	V	I	A0A091D5H5
O00159	131	R	C	A0A091D5H5
O00159	131	R	C	A0A091D5H5
O00159	173	R	Q	A0A091D5H5
O00159	173	R	Q	A0A091D5H5
O00159	281	K	N	A0A091D5H5
O00159	287	V	I	A0A091D5H5
O00159	287	V	I	A0A091D5H5
O00159	414	T	I	A0A091D5H5
O00159	414	T	I	A0A091D5H5
O00159	415	T	M	A0A091D5H5
O00159	450	I	V	A0A091D5H5
O00159	593	D	E	A0A091D5H5
O00159	751	R	W	A0A091D5H5
O00159	785	Q	K	A0A091D5H5
O00159	785	Q	K	A0A091D5H5
O00159	795	V	I	A0A091D5H5
O00159	795	V	I	A0A091D5H5
O00159	799	A	T	A0A091D5H5
O00159	813	R	C	A0A091D5H5
O00159	813	R	C	A0A091D5H5
O00159	826	Q	R	A0A091D5H5
O00159	826	Q	R	A0A091D5H5
O00159	858	K	N	A0A091D5H5
O00159	858	K	N	A0A091D5H5
O00159	858	K	N	A0A091D5H5
O00159	866	E	K	A0A091D5H5
O00159	929	D	N	A0A091D5H5
O00159	929	D	N	A0A091D5H5
O00165	146	E	K	A0A1S2ZW10
O00165	146	E	K	A0A1S2ZW10
O00165	172	V	I	A0A1S2ZW10
O00165	172	V	I	A0A1S2ZW10
O00165	172	V	I	A0A1S2ZW10
O00165	172	V	I	A0A1S2ZW10
O00165	146	E	K	A0A1S2ZW10
O00165	146	E	K	A0A1S2ZW10
O00165	172	V	I	A0A1S2ZW10
O00165	172	V	I	A0A1S2ZW10
O00165	172	V	I	A0A1S2ZW10
O00165	172	V	I	A0A1S2ZW10
O00217	57	R	H	A0A026WYP1
O00217	57	R	H	A0A026WYP1
O00222	10	S	C	M7B366
O00222	10	S	C	M7B366
O00222	21	F	C	M7B366
O00222	21	F	C	M7B366
O00222	32	H	Q	M7B366
O00222	32	H	Q	M7B366
O00222	265	I	T	M7B366
O00222	265	I	T	M7B366
O00222	302	H	R	M7B366
O00222	302	H	R	M7B366
O00222	362	F	Y	M7B366
O00222	512	P	A	M7B366
O00222	512	P	A	M7B366
O00222	513	A	V	M7B366
O00222	513	A	V	M7B366
O00222	555	L	R	M7B366
O00222	555	L	R	M7B366
O00222	872	K	R	M7B366
O00222	872	K	R	M7B366
O00291	35	S	T	L7M6R8
O00291	35	S	T	L7M6R8
O00291	259	R	W	L7M6R8
O00291	259	R	W	L7M6R8
O00291	263	M	K	L7M6R8
O00291	263	M	K	L7M6R8
O00291	508	R	Q	L7M6R8
O00291	508	R	Q	L7M6R8
O00291	526	R	W	L7M6R8
O00291	526	R	W	L7M6R8
O00291	615	L	F	L7M6R8
O00291	615	L	F	L7M6R8
O00291	749	D	N	L7M6R8
O00291	749	D	N	L7M6R8
O00291	749	D	N	L7M6R8
O00291	936	Q	R	L7M6R8
O00291	936	Q	R	L7M6R8
O00303	12	P	L	U3KNL5
O00303	39	P	L	U3KNL5
O00303	76	A	G	U3KNL5
O00303	12	P	L	U3KNL5
O00303	39	P	L	U3KNL5
O00303	76	A	G	U3KNL5
O00391	7	G	R	G3T3H7
O00391	29	A	V	G3T3H7
O00391	114	N	S	G3T3H7
O00391	114	N	S	G3T3H7
O00391	200	G	A	G3T3H7
O00391	444	H	R	G3T3H7
O00391	591	N	H	G3T3H7
O00391	597	P	L	G3T3H7
O00391	597	P	L	G3T3H7
O00391	605	R	P	G3T3H7
O00391	605	R	P	G3T3H7
O00444	139	L	F	A0A212D9V1
O00444	146	R	H	A0A212D9V1
O00444	146	R	H	A0A212D9V1
O00444	232	S	T	A0A212D9V1
O00444	317	P	L	A0A212D9V1
O00444	317	P	L	A0A212D9V1
O00444	333	D	A	A0A212D9V1
O00444	455	N	S	A0A212D9V1
O00444	455	N	S	A0A212D9V1
O00444	481	G	V	A0A212D9V1
O00444	519	W	S	A0A212D9V1
O00444	707	T	I	A0A212D9V1
O00444	707	T	I	A0A212D9V1
O00444	828	T	M	A0A212D9V1
O00444	828	T	M	A0A212D9V1
O00444	830	E	D	A0A212D9V1
O00566	41	S	Y	S4RQW0
O00566	41	S	Y	S4RQW0
O00566	69	E	A	S4RQW0
O00566	115	R	H	S4RQW0
O00566	140	D	N	S4RQW0
O00566	140	D	N	S4RQW0
O00566	154	N	S	S4RQW0
O00566	154	N	S	S4RQW0
O00566	229	E	D	S4RQW0
O00566	240	I	T	S4RQW0
O00566	240	I	T	S4RQW0
O00566	425	L	M	S4RQW0
O00566	634	E	K	S4RQW0
O00567	121	I	V	A0A2Y9RFV3
O00567	121	I	V	A0A2Y9RFV3
O00567	456	A	V	A0A2Y9RFV3
O00567	475	M	T	A0A2Y9RFV3
O00567	475	M	T	A0A2Y9RFV3
O00567	576	V	A	A0A2Y9RFV3
O00567	576	V	A	A0A2Y9RFV3
A0A075B6L2	8	E	K	M3Z3F4
A0A075B6L2	85	K	N	M3Z3F4
A0A075B6T6	50	G	V	A0A287AYX9
A0A075B6T6	70	F	S	A0A287AYX9
A0A0A0MS01	34	I	V	A0A2I3RXX8
A0A0A0MS01	54	R	Q	A0A2I3RXX8
A0A0A6YYL3	213	E	G	A0A2I3MJF1
A0A0B4J1U6	67	H	Q	A0A0D9R668
A0A1B0GTW7	6	L	P	A0A286YEC0
A0A1B0GTW7	220	A	T	A0A286YEC0
A0A1B0GTW7	263	I	V	A0A286YEC0
A0A1B0GTW7	339	L	Q	A0A286YEC0
A0A1B0GTW7	407	R	Q	A0A286YEC0
A0A1B0GTW7	604	D	G	A0A286YEC0
A0A1B0GTW7	606	N	K	A0A286YEC0
A0A1B0GTW7	655	K	R	A0A286YEC0
A0A1B0GTW7	702	K	R	A0A286YEC0
A0JP26	30	H	D	A0A2I3MJF1
A0JP26	43	M	V	A0A2I3MJF1
A0JP26	340	T	M	A0A2I3MJF1
A0JP26	524	R	H	A0A2I3MJF1
A0PK11	113	L	V	A0A093GHV1
A0PK11	153	A	T	A0A093GHV1
A1A5D9	55	Q	E	A0A2K6ANW8
A1A5D9	58	E	K	A0A2K6ANW8
A1A5D9	273	Q	R	A0A2K6ANW8
A1A5D9	490	L	P	A0A2K6ANW8
A1A5D9	55	Q	E	A0A2K6ANW8
A1A5D9	58	E	K	A0A2K6ANW8
A1A5D9	273	Q	R	A0A2K6ANW8
A1A5D9	490	L	P	A0A2K6ANW8
A2A2Y4	485	D	Y	A0A2U3XGN3
A2RTX5	39	A	S	N6T335
A2RTX5	96	A	G	N6T335
A2RU49	343	K	E	A0A1W5AI71
A2RU49	343	K	E	A0A1W5AI71
A2RU67	174	G	R	A0A212CCE8
A2RU67	295	R	Q	A0A212CCE8
A2RU67	174	G	R	A0A212CCE8
A2RU67	295	R	Q	A0A212CCE8
A5YKK6	299	R	Q	T1ISW7
A5YKK6	1480	A	V	T1ISW7
A5YKK6	1480	A	V	T1ISW7
A6NCS6	64	A	G	A0A2J8TQD9
A6ND91	6	P	R	A0A0G2K549
A6ND91	89	R	H	A0A0G2K549
A6ND91	266	Q	R	A0A0G2K549
A6ND91	270	A	D	A0A0G2K549
A6NFQ2	265	R	W	M7BKP4
A6NFQ2	311	C	R	M7BKP4
A6NFQ2	417	A	V	M7BKP4
A6NFQ2	265	R	W	M7BKP4
A6NFQ2	311	C	R	M7BKP4
A6NFQ2	417	A	V	M7BKP4
A6NIM6	141	H	Q	H0W4U7
A6NIM6	252	R	L	H0W4U7
A6NIM6	271	P	L	H0W4U7
A6NIM6	494	D	E	H0W4U7
A6NJZ7	75	R	H	F6YJE9
A6NJZ7	1116	G	A	F6YJE9
A6NK06	152	N	S	A0A2Y9NLZ3
A6NK06	152	N	S	A0A2Y9NLZ3
A6NK06	273	R	H	A0A2Y9NLZ3
A6NK06	273	R	H	A0A2Y9NLZ3
A6NKK0	70	D	E	F6YQW7
A6NKK0	119	A	T	F6YQW7
A6NKK0	153	I	L	F6YQW7
A6NKK0	181	T	I	F6YQW7
A6NKK0	224	A	T	F6YQW7
A6NKK0	230	S	T	F6YQW7
A6NMX2	21	K	E	A0A2K6FQM6
A6NMX2	21	K	E	A0A2K6FQM6
A6NMX2	21	K	E	A0A2K6FQM6
A8MW95	103	I	M	G1PZN5
A8MW95	103	I	M	G1PZN5
A8MW95	158	E	K	G1PZN5
A8MW95	158	E	K	G1PZN5
A8MW95	243	R	M	G1PZN5
A8MW95	243	R	M	G1PZN5
A8MYU2	768	W	R	Q5QJC5
A8MYU2	911	A	T	Q5QJC5
A8MYU2	911	A	T	Q5QJC5
A8MYU2	916	N	S	Q5QJC5
B2RXH8	26	L	P	H0XX05
B2RXH8	80	A	V	H0XX05
B2RXH8	81	V	D	H0XX05
B2RXH8	134	P	L	H0XX05
B2RXH8	145	R	H	H0XX05
B2RXH8	151	N	D	H0XX05
B2RXH8	208	Q	H	H0XX05
B2RXH8	281	E	K	H0XX05
C9JE40	20	L	P	G3UDA9
C9JE40	88	M	V	G3UDA9
C9JE40	88	M	V	G3UDA9
C9JE40	88	M	V	G3UDA9
C9JE40	252	P	L	G3UDA9
C9JE40	20	L	P	G3UDA9
C9JE40	88	M	V	G3UDA9
C9JE40	88	M	V	G3UDA9
C9JE40	88	M	V	G3UDA9
C9JE40	252	P	L	G3UDA9
C9JI98	14	P	S	A0A2U3W9U3
C9JI98	14	P	S	A0A2U3W9U3
C9JI98	30	G	V	A0A2U3W9U3
E2RYF6	57	S	T	A0A2K5DRX0
E2RYF6	78	A	T	A0A2K5DRX0
E2RYF6	109	R	G	A0A2K5DRX0
E2RYF6	120	G	V	A0A2K5DRX0
E2RYF6	128	I	V	A0A2K5DRX0
E2RYF6	171	I	V	A0A2K5DRX0
E2RYF6	190	T	S	A0A2K5DRX0
E2RYF6	202	S	N	A0A2K5DRX0
E2RYF6	220	T	S	A0A2K5DRX0
E2RYF6	224	E	D	A0A2K5DRX0
E2RYF6	273	T	A	A0A2K5DRX0
E2RYF6	273	T	K	A0A2K5DRX0
E2RYF6	282	I	F	A0A2K5DRX0
E2RYF6	284	A	G	A0A2K5DRX0
E2RYF6	293	A	E	A0A2K5DRX0
E2RYF6	347	T	S	A0A2K5DRX0
E2RYF6	349	V	I	A0A2K5DRX0
E2RYF6	359	V	I	A0A2K5DRX0
E2RYF6	402	V	M	A0A2K5DRX0
E2RYF6	421	T	S	A0A2K5DRX0
E2RYF6	442	A	S	A0A2K5DRX0
E2RYF6	470	S	C	A0A2K5DRX0
E2RYF6	476	T	M	A0A2K5DRX0
E2RYF6	508	A	T	A0A2K5DRX0
E2RYF6	524	K	E	A0A2K5DRX0
E2RYF6	657	T	I	A0A2K5DRX0
E2RYF6	660	I	T	A0A2K5DRX0
E2RYF6	697	I	V	A0A2K5DRX0
E2RYF6	775	M	T	A0A2K5DRX0
E2RYF6	860	T	A	A0A2K5DRX0
E2RYF6	896	T	S	A0A2K5DRX0
E2RYF6	975	T	I	A0A2K5DRX0
E2RYF6	1001	G	V	A0A2K5DRX0
E2RYF6	1036	M	V	A0A2K5DRX0
E2RYF6	1049	T	I	A0A2K5DRX0
E2RYF6	1101	E	K	A0A2K5DRX0
E2RYF6	1164	E	A	A0A2K5DRX0
E2RYF6	1250	I	T	A0A2K5DRX0
E2RYF6	1251	E	K	A0A2K5DRX0
E2RYF6	1356	T	R	A0A2K5DRX0
E2RYF6	1376	T	A	A0A2K5DRX0
E2RYF6	1382	S	G	A0A2K5DRX0
E2RYF6	1437	T	S	A0A2K5DRX0
E2RYF6	1461	S	A	A0A2K5DRX0
E2RYF6	1495	S	T	A0A2K5DRX0
E2RYF6	1539	L	P	A0A2K5DRX0
E2RYF6	1565	L	P	A0A2K5DRX0
E2RYF6	1568	S	T	A0A2K5DRX0
E2RYF6	1687	N	D	A0A2K5DRX0
E2RYF6	1712	N	D	A0A2K5DRX0
E7ETH6	400	C	R	A0A2Y9MFH9
O95298	46	L	V	A0A1D5RHW4
P04156	54	G	S	B2D1U2
P04156	54	G	S	B2D1U2
O00155	159	S	L	H0XL94
O00159	107	V	I	A0A091D5H5
O00159	107	V	I	A0A091D5H5
O00159	131	R	C	A0A091D5H5
O00159	131	R	C	A0A091D5H5
O00159	173	R	Q	A0A091D5H5
O00159	173	R	Q	A0A091D5H5
O00159	281	K	N	A0A091D5H5
O00159	287	V	I	A0A091D5H5
O00159	287	V	I	A0A091D5H5
O00159	414	T	I	A0A091D5H5
O00159	414	T	I	A0A091D5H5
O00159	415	T	M	A0A091D5H5
O00159	450	I	V	A0A091D5H5
O00159	593	D	E	A0A091D5H5
O00159	751	R	W	A0A091D5H5
O00159	785	Q	K	A0A091D5H5
O00159	785	Q	K	A0A091D5H5
O00159	795	V	I	A0A091D5H5
O00159	795	V	I	A0A091D5H5
O00159	799	A	T	A0A091D5H5
O00159	813	R	C	A0A091D5H5
O00159	813	R	C	A0A091D5H5
O00159	826	Q	R	A0A091D5H5
O00159	826	Q	R	A0A091D5H5
O00159	858	K	N	A0A091D5H5
O00159	858	K	N	A0A091D5H5
O00159	858	K	N	A0A091D5H5
O00159	866	E	K	A0A091D5H5
O00159	929	D	N	A0A091D5H5
O00159	929	D	N	A0A091D5H5
O00165	146	E	K	A0A1S2ZW10
O00165	146	E	K	A0A1S2ZW10
O00165	172	V	I	A0A1S2ZW10
O00165	172	V	I	A0A1S2ZW10
O00165	172	V	I	A0A1S2ZW10
O00165	172	V	I	A0A1S2ZW10
O00165	146	E	K	A0A1S2ZW10
O00165	146	E	K	A0A1S2ZW10
O00165	172	V	I	A0A1S2ZW10
O00165	172	V	I	A0A1S2ZW10
O00165	172	V	I	A0A1S2ZW10
O00165	172	V	I	A0A1S2ZW10
O00217	57	R	H	A0A026WYP1
O00217	57	R	H	A0A026WYP1
O00222	10	S	C	M7B366
O00222	10	S	C	M7B366
O00222	21	F	C	M7B366
O00222	21	F	C	M7B366
O00222	32	H	Q	M7B366
O00222	32	H	Q	M7B366
O00222	265	I	T	M7B366
O00222	265	I	T	M7B366
O00222	302	H	R	M7B366
O00222	302	H	R	M7B366
O00222	362	F	Y	M7B366
O00222	512	P	A	M7B366
O00222	512	P	A	M7B366
O00222	513	A	V	M7B366
O00222	513	A	V	M7B366
O00222	555	L	R	M7B366
O00222	555	L	R	M7B366
O00222	872	K	R	M7B366
O00222	872	K	R	M7B366
O00291	35	S	T	L7M6R8
O00291	35	S	T	L7M6R8
O00291	259	R	W	L7M6R8
O00291	259	R	W	L7M6R8
O00291	263	M	K	L7M6R8
O00291	263	M	K	L7M6R8
O00291	508	R	Q	L7M6R8
O00291	508	R	Q	L7M6R8
O00291	526	R	W	L7M6R8
O00291	526	R	W	L7M6R8
O00291	615	L	F	L7M6R8
O00291	615	L	F	L7M6R8
O00291	749	D	N	L7M6R8
O00291	749	D	N	L7M6R8
O00291	749	D	N	L7M6R8
O00291	936	Q	R	L7M6R8
O00291	936	Q	R	L7M6R8
O00303	12	P	L	U3KNL5
O00303	39	P	L	U3KNL5
O00303	76	A	G	U3KNL5
O00303	12	P	L	U3KNL5
O00303	39	P	L	U3KNL5
O00303	76	A	G	U3KNL5
O00391	7	G	R	G3T3H7
O00391	29	A	V	G3T3H7
O00391	114	N	S	G3T3H7
O00391	114	N	S	G3T3H7
O00391	200	G	A	G3T3H7
O00391	444	H	R	G3T3H7
O00391	591	N	H	G3T3H7
O00391	597	P	L	G3T3H7
O00391	597	P	L	G3T3H7
O00391	605	R	P	G3T3H7
O00391	605	R	P	G3T3H7
O00444	139	L	F	A0A212D9V1
O00444	146	R	H	A0A212D9V1
O00444	146	R	H	A0A212D9V1
O00444	232	S	T	A0A212D9V1
O00444	317	P	L	A0A212D9V1
O00444	317	P	L	A0A212D9V1
O00444	333	D	A	A0A212D9V1
O00444	455	N	S	A0A212D9V1
O00444	455	N	S	A0A212D9V1
O00444	481	G	V	A0A212D9V1
O00444	519	W	S	A0A212D9V1
O00444	707	T	I	A0A212D9V1
O00444	707	T	I	A0A212D9V1
O00444	828	T	M	A0A212D9V1
O00444	828	T	M	A0A212D9V1
O00444	830	E	D	A0A212D9V1
O00566	41	S	Y	S4RQW0
O00566	41	S	Y	S4RQW0
O00566	69	E	A	S4RQW0
O00566	115	R	H	S4RQW0
O00566	140	D	N	S4RQW0
O00566	140	D	N	S4RQW0
O00566	154	N	S	S4RQW0
O00566	154	N	S	S4RQW0
O00566	229	E	D	S4RQW0
O00566	240	I	T	S4RQW0
O00566	240	I	T	S4RQW0
O00566	425	L	M	S4RQW0
O00566	634	E	K	S4RQW0
O00567	121	I	V	A0A2Y9RFV3
O00567	121	I	V	A0A2Y9RFV3
O00567	456	A	V	A0A2Y9RFV3
O00567	475	M	T	A0A2Y9RFV3
O00567	475	M	T	A0A2Y9RFV3
O00567	576	V	A	A0A2Y9RFV3
O00567	576	V	A	A0A2Y9RFV3
O15541	95	S	R	G3W479
O15541	125	E	Q	G3W479
O15541	242	G	D	G3W479
O15541	242	G	D	G3W479
O15541	245	E	D	G3W479
O15541	255	D	N	G3W479
O15541	255	D	N	G3W479
O15541	255	D	N	G3W479
O15541	336	D	N	G3W479
O15541	336	D	N	G3W479
O15553	13	L	V	A0A2K5QXG4
O15553	120	T	I	A0A2K5QXG4
O15553	120	T	I	A0A2K5QXG4
O15553	139	A	D	A0A2K5QXG4
O15553	139	A	D	A0A2K5QXG4
O15553	202	R	Q	A0A2K5QXG4
O15553	202	R	Q	A0A2K5QXG4
O15553	202	R	Q	A0A2K5QXG4
O15553	588	P	L	A0A2K5QXG4
O15554	77	V	M	D3XE74
O15554	77	V	M	D3XE74
O15554	149	E	D	D3XE74
O15554	149	E	D	D3XE74
O43156	1028	R	K	A0A1S3H4E5
O43156	1028	R	K	A0A1S3H4E5
O43156	1028	R	K	A0A1S3H4E5
O43181	4	V	L	A0A1S3FBY0
O43181	4	V	L	A0A1S3FBY0
O43181	130	T	S	A0A1S3FBY0
O43181	130	T	S	A0A1S3FBY0
O43295	324	Q	L	I3J8M0
O43295	324	Q	L	I3J8M0
O43295	628	I	V	I3J8M0
O43295	628	I	V	I3J8M0
O43295	848	G	E	I3J8M0
O43295	848	G	E	I3J8M0
O43295	894	S	G	I3J8M0
O43295	894	S	G	I3J8M0
O43295	1081	V	M	I3J8M0
O43295	1081	V	M	I3J8M0
O43296	166	G	D	H0XXW7
O43296	181	R	T	H0XXW7
O43296	183	R	H	H0XXW7
O43296	166	G	D	H0XXW7
O43296	181	R	T	H0XXW7
O43296	183	R	H	H0XXW7
O43306	34	R	Q	A0A1L8H9G3
O43306	34	R	Q	A0A1L8H9G3
O43306	120	R	C	A0A1L8H9G3
O43306	138	R	H	A0A1L8H9G3
O43306	445	H	N	A0A1L8H9G3
O43306	445	H	N	A0A1L8H9G3
O43306	547	I	T	A0A1L8H9G3
O43306	547	I	T	A0A1L8H9G3
O43306	674	A	S	A0A1L8H9G3
O43306	677	L	M	A0A1L8H9G3
O43306	677	L	M	A0A1L8H9G3
O43306	34	R	Q	A0A1L8H9G3
O43306	34	R	Q	A0A1L8H9G3
O43306	120	R	C	A0A1L8H9G3
O43306	138	R	H	A0A1L8H9G3
O43306	445	H	N	A0A1L8H9G3
O43306	445	H	N	A0A1L8H9G3
O43306	547	I	T	A0A1L8H9G3
O43306	547	I	T	A0A1L8H9G3
O43306	674	A	S	A0A1L8H9G3
O43306	677	L	M	A0A1L8H9G3
O43306	677	L	M	A0A1L8H9G3
O43353	259	I	T	S4RZK5
O43353	268	L	V	S4RZK5
O43353	268	L	V	S4RZK5
O43422	355	I	V	H2ZUT3
O43493	259	R	W	A0A2R9AP06
O43516	11	P	L	A0A2B4SNR8
O43516	11	P	L	A0A2B4SNR8
O43516	70	G	S	A0A2B4SNR8
O43516	70	G	S	A0A2B4SNR8
O43516	70	G	S	A0A2B4SNR8
O43516	71	G	D	A0A2B4SNR8
O43516	71	G	D	A0A2B4SNR8
O43516	197	S	N	A0A2B4SNR8
O43516	198	P	L	A0A2B4SNR8
O43516	198	P	L	A0A2B4SNR8
O43516	198	P	L	A0A2B4SNR8
O43516	198	P	L	A0A2B4SNR8
O43516	326	S	R	A0A2B4SNR8
O43516	326	S	R	A0A2B4SNR8
O43516	11	P	L	A0A2B4SNR8
O43516	11	P	L	A0A2B4SNR8
O43516	70	G	S	A0A2B4SNR8
O43516	70	G	S	A0A2B4SNR8
O43516	70	G	S	A0A2B4SNR8
O43516	71	G	D	A0A2B4SNR8
O43516	71	G	D	A0A2B4SNR8
O43516	197	S	N	A0A2B4SNR8
O43516	198	P	L	A0A2B4SNR8
O43516	198	P	L	A0A2B4SNR8
O43516	198	P	L	A0A2B4SNR8
O43516	198	P	L	A0A2B4SNR8
O43516	326	S	R	A0A2B4SNR8
O43516	326	S	R	A0A2B4SNR8
O43516	11	P	L	A0A2B4SNR8
O43516	11	P	L	A0A2B4SNR8
O43516	70	G	S	A0A2B4SNR8
O43516	70	G	S	A0A2B4SNR8
O43516	70	G	S	A0A2B4SNR8
O43516	71	G	D	A0A2B4SNR8
O43516	71	G	D	A0A2B4SNR8
O43516	197	S	N	A0A2B4SNR8
O43516	198	P	L	A0A2B4SNR8
O43516	198	P	L	A0A2B4SNR8
O43516	198	P	L	A0A2B4SNR8
O43516	198	P	L	A0A2B4SNR8
O43516	326	S	R	A0A2B4SNR8
O43516	326	S	R	A0A2B4SNR8
O43516	11	P	L	A0A2B4SNR8
O43516	11	P	L	A0A2B4SNR8
O43516	70	G	S	A0A2B4SNR8
O43516	70	G	S	A0A2B4SNR8
O43516	70	G	S	A0A2B4SNR8
O43516	71	G	D	A0A2B4SNR8
O43516	71	G	D	A0A2B4SNR8
O43516	197	S	N	A0A2B4SNR8
O43516	198	P	L	A0A2B4SNR8
O43516	198	P	L	A0A2B4SNR8
O43516	198	P	L	A0A2B4SNR8
O43516	198	P	L	A0A2B4SNR8
O43516	326	S	R	A0A2B4SNR8
O43516	326	S	R	A0A2B4SNR8
O43516	11	P	L	A0A2B4SNR8
O43516	11	P	L	A0A2B4SNR8
O43516	70	G	S	A0A2B4SNR8
O43516	70	G	S	A0A2B4SNR8
O43516	70	G	S	A0A2B4SNR8
O43516	71	G	D	A0A2B4SNR8
O43516	71	G	D	A0A2B4SNR8
O43516	197	S	N	A0A2B4SNR8
O43516	198	P	L	A0A2B4SNR8
O43516	198	P	L	A0A2B4SNR8
O43516	198	P	L	A0A2B4SNR8
O43516	198	P	L	A0A2B4SNR8
O43516	326	S	R	A0A2B4SNR8
O43516	326	S	R	A0A2B4SNR8
O43516	11	P	L	A0A2B4SNR8
O43516	11	P	L	A0A2B4SNR8
O43516	70	G	S	A0A2B4SNR8
O43516	70	G	S	A0A2B4SNR8
O43516	70	G	S	A0A2B4SNR8
O43516	71	G	D	A0A2B4SNR8
O43516	71	G	D	A0A2B4SNR8
O43516	197	S	N	A0A2B4SNR8
O43516	198	P	L	A0A2B4SNR8
O43516	198	P	L	A0A2B4SNR8
O43516	198	P	L	A0A2B4SNR8
O43516	198	P	L	A0A2B4SNR8
O43516	326	S	R	A0A2B4SNR8
O43516	326	S	R	A0A2B4SNR8
O43516	11	P	L	A0A2B4SNR8
O43516	11	P	L	A0A2B4SNR8
O43516	70	G	S	A0A2B4SNR8
O43516	70	G	S	A0A2B4SNR8
O43516	70	G	S	A0A2B4SNR8
O43516	71	G	D	A0A2B4SNR8
O43516	71	G	D	A0A2B4SNR8
O43516	197	S	N	A0A2B4SNR8
O43516	198	P	L	A0A2B4SNR8
O43516	198	P	L	A0A2B4SNR8
O43516	198	P	L	A0A2B4SNR8
O43516	198	P	L	A0A2B4SNR8
O43516	326	S	R	A0A2B4SNR8
O43516	326	S	R	A0A2B4SNR8
O43520	45	N	T	A0A226PB80
O43520	45	N	T	A0A226PB80
O43520	45	N	T	A0A226PB80
O43520	45	N	T	A0A226PB80
O43520	45	N	T	A0A226PB80
O43520	78	H	Q	A0A226PB80
O43520	78	H	Q	A0A226PB80
O43520	78	H	Q	A0A226PB80
O43520	78	H	Q	A0A226PB80
O43520	577	I	V	A0A226PB80
O43520	577	I	V	A0A226PB80
O43520	577	I	V	A0A226PB80
O43520	577	I	V	A0A226PB80
O43520	580	S	N	A0A226PB80
O43520	580	S	N	A0A226PB80
O43520	580	S	N	A0A226PB80
O43520	580	S	N	A0A226PB80
O43520	674	M	T	A0A226PB80
O43520	674	M	T	A0A226PB80
O43520	674	M	T	A0A226PB80
O43520	674	M	T	A0A226PB80
O43520	814	K	N	A0A226PB80
O43520	814	K	N	A0A226PB80
O43520	814	K	N	A0A226PB80
O43520	814	K	N	A0A226PB80
O43520	833	R	Q	A0A226PB80
O43520	833	R	Q	A0A226PB80
O43520	930	R	Q	A0A226PB80
O43520	930	R	Q	A0A226PB80
O43520	930	R	Q	A0A226PB80
O43520	930	R	Q	A0A226PB80
O43520	952	R	Q	A0A226PB80
O43520	952	R	Q	A0A226PB80
O43520	952	R	Q	A0A226PB80
O43520	1152	A	T	A0A226PB80
O43526	62	A	V	L8HNY3
O43526	62	A	V	L8HNY3
O43526	62	A	V	L8HNY3
O43526	62	A	V	L8HNY3
O43526	411	P	L	L8HNY3
O43526	418	G	V	L8HNY3
O43526	418	G	V	L8HNY3
O43526	418	G	V	L8HNY3
O43526	418	G	V	L8HNY3
O43526	418	G	V	L8HNY3
O43526	450	V	M	L8HNY3
O43526	450	V	M	L8HNY3
O43526	450	V	M	L8HNY3
O43526	450	V	M	L8HNY3
O43526	450	V	M	L8HNY3
O43526	611	A	V	L8HNY3
O43526	611	A	V	L8HNY3
O43526	611	A	V	L8HNY3
O43526	611	A	V	L8HNY3
O43526	689	I	L	L8HNY3
O43526	689	I	L	L8HNY3
O43526	689	I	L	L8HNY3
O43526	689	I	L	L8HNY3
O43526	755	Y	C	L8HNY3
O43526	755	Y	C	L8HNY3
O43526	755	Y	C	L8HNY3
O43526	755	Y	C	L8HNY3
O43526	755	Y	C	L8HNY3
O43526	756	G	S	L8HNY3
O43526	756	G	S	L8HNY3
O43526	756	G	S	L8HNY3
O43526	756	G	S	L8HNY3
O43526	777	P	R	L8HNY3
O43526	777	P	R	L8HNY3
O43526	780	N	T	L8HNY3
O43526	780	N	T	L8HNY3
O43526	780	N	T	L8HNY3
O43526	780	N	T	L8HNY3
O43526	780	N	T	L8HNY3
O43526	780	N	T	L8HNY3
O43526	780	N	T	L8HNY3
O43526	793	V	L	L8HNY3
O43526	793	V	L	L8HNY3
O43526	854	R	C	L8HNY3
O43526	854	R	C	L8HNY3
O43526	854	R	C	L8HNY3
O43526	854	R	C	L8HNY3
O43526	871	R	S	L8HNY3
O43526	871	R	S	L8HNY3
O43526	871	R	S	L8HNY3
O43526	871	R	S	L8HNY3
O43526	871	R	S	L8HNY3
O43542	94	R	H	A0A2G8LRK6
O43542	243	R	H	A0A2G8LRK6
O43542	243	R	H	A0A2G8LRK6
O43542	94	R	H	A0A2G8LRK6
O43542	243	R	H	A0A2G8LRK6
O43542	243	R	H	A0A2G8LRK6
O43542	94	R	H	A0A2G8LRK6
O43542	243	R	H	A0A2G8LRK6
O43542	243	R	H	A0A2G8LRK6
O43542	94	R	H	A0A2G8LRK6
O43542	243	R	H	A0A2G8LRK6
O43542	243	R	H	A0A2G8LRK6
O43543	188	R	H	A0A099YRH1
O43543	188	R	H	A0A099YRH1
O43543	270	F	V	A0A099YRH1
O43543	270	F	V	A0A099YRH1
O43543	270	F	V	A0A099YRH1
O43548	15	S	C	L8IQL6
O43548	15	S	C	L8IQL6
O43548	15	S	C	L8IQL6
O43548	105	C	Y	L8IQL6
O43548	105	C	Y	L8IQL6
O43548	105	C	Y	L8IQL6
O43548	109	T	M	L8IQL6
O43548	109	T	M	L8IQL6
O43548	109	T	M	L8IQL6
O43548	170	Q	R	L8IQL6
O43548	170	Q	R	L8IQL6
O43548	241	N	K	L8IQL6
O43548	241	N	K	L8IQL6
O43548	330	K	M	L8IQL6
O43548	330	K	M	L8IQL6
O43548	330	K	M	L8IQL6
O43548	352	A	G	L8IQL6
O43548	352	A	G	L8IQL6
O43548	352	A	G	L8IQL6
O43548	437	R	W	L8IQL6
O43548	437	R	W	L8IQL6
O43548	504	V	M	L8IQL6
O43548	504	V	M	L8IQL6
O43548	504	V	M	L8IQL6
O43548	521	Q	R	L8IQL6
O43548	521	Q	R	L8IQL6
O43548	544	S	R	L8IQL6
O43548	544	S	R	L8IQL6
O43548	607	E	A	L8IQL6
O43548	607	E	A	L8IQL6
O43548	608	K	E	L8IQL6
O43548	608	K	E	L8IQL6
O43548	657	V	A	L8IQL6
O43548	657	V	A	L8IQL6
O43556	47	D	N	G3NTY3
O43556	137	R	H	G3NTY3
O43556	186	A	T	G3NTY3
O43556	186	A	T	G3NTY3
O43556	257	T	P	G3NTY3
O43556	257	T	P	G3NTY3
O43556	257	T	P	G3NTY3
O43556	257	T	P	G3NTY3
O43556	284	T	A	G3NTY3
O43556	389	V	L	G3NTY3
O43556	389	V	L	G3NTY3
O43556	389	V	L	G3NTY3
O43559	159	S	L	A0A1L8GYJ1
O43559	159	S	L	A0A1L8GYJ1
O43559	172	P	L	A0A1L8GYJ1
O43559	172	P	S	A0A1L8GYJ1
O43559	172	P	S	A0A1L8GYJ1
O43559	316	R	Q	A0A1L8GYJ1
O43559	159	S	L	A0A1L8GYJ1
O43559	159	S	L	A0A1L8GYJ1
O43559	172	P	L	A0A1L8GYJ1
O43559	172	P	S	A0A1L8GYJ1
O43559	172	P	S	A0A1L8GYJ1
O43559	316	R	Q	A0A1L8GYJ1
O43586	68	T	M	A0A151MA49
O43586	68	T	M	A0A151MA49
O43586	68	T	M	A0A151MA49
O43586	68	T	M	A0A151MA49
O43586	68	T	M	A0A151MA49
O43586	79	S	F	A0A151MA49
O43586	79	S	F	A0A151MA49
O43586	79	S	F	A0A151MA49
O43586	79	S	F	A0A151MA49
O43586	219	Q	H	A0A151MA49
O43586	219	Q	H	A0A151MA49
O43586	219	Q	H	A0A151MA49
O43586	258	G	A	A0A151MA49
O43586	258	G	A	A0A151MA49
O43586	258	G	A	A0A151MA49
O43586	258	G	A	A0A151MA49
O43586	258	G	A	A0A151MA49
O43586	266	D	N	A0A151MA49
O43586	266	D	N	A0A151MA49
O43586	266	D	N	A0A151MA49
O43586	267	S	G	A0A151MA49
O43586	267	S	G	A0A151MA49
O43586	267	S	G	A0A151MA49
O43586	303	P	L	A0A151MA49
O43586	303	P	L	A0A151MA49
O43586	303	P	L	A0A151MA49
O43586	340	R	W	A0A151MA49
O43586	371	T	I	A0A151MA49
O43586	371	T	I	A0A151MA49
O43586	371	T	I	A0A151MA49
O43586	371	T	I	A0A151MA49
O43586	371	T	I	A0A151MA49
O43586	382	A	V	A0A151MA49
O43586	382	A	T	A0A151MA49
O43586	382	A	T	A0A151MA49
O43586	382	A	V	A0A151MA49
O43586	384	D	G	A0A151MA49
O43586	384	D	G	A0A151MA49
O43586	384	D	G	A0A151MA49
O43586	384	D	G	A0A151MA49
O43614	308	I	V	A0A218VCP3
O43614	431	T	K	A0A218VCP3
O43614	431	T	K	A0A218VCP3
O43614	308	I	V	A0A218VCP3
O43614	431	T	K	A0A218VCP3
O43614	431	T	K	A0A218VCP3
O43670	240	A	S	W5N8H1
O43699	22	A	P	A0A2K5KC68
O43699	22	A	P	A0A2K5KC68
O43699	98	D	Y	A0A2K5KC68
O43699	98	D	Y	A0A2K5KC68
O43699	112	R	Q	A0A2K5KC68
O43699	262	L	F	A0A2K5KC68
O43699	278	G	S	A0A2K5KC68
O43699	346	G	D	A0A2K5KC68
O43699	346	G	D	A0A2K5KC68
O43772	258	R	Q	A0A1Y1WU54
O43772	258	R	Q	A0A1Y1WU54
O43772	258	R	Q	A0A1Y1WU54
O43772	258	R	Q	A0A1Y1WU54
O43813	138	I	M	A0A2K5ED46
O43813	138	I	M	A0A2K5ED46
O43813	138	I	M	A0A2K5ED46
O43813	138	I	M	A0A2K5ED46
O43813	138	I	M	A0A2K5ED46
O43813	138	I	M	A0A2K5ED46
O43813	138	I	M	A0A2K5ED46
O43813	138	I	M	A0A2K5ED46
O43813	138	I	M	A0A2K5ED46
O43813	138	I	M	A0A2K5ED46
O43825	123	Y	D	W5LTQ6
O43825	123	Y	D	W5LTQ6
O43826	181	F	L	A0A061I5C0
O43826	198	N	I	A0A061I5C0
O43826	204	S	F	A0A061I5C0
O43826	210	S	P	A0A061I5C0
O43826	291	A	V	A0A061I5C0
O43826	356	S	T	A0A061I5C0
O43826	403	I	M	A0A061I5C0
O43826	181	F	L	A0A061I5C0
O43826	198	N	I	A0A061I5C0
O43826	204	S	F	A0A061I5C0
O43826	210	S	P	A0A061I5C0
O43826	291	A	V	A0A061I5C0
O43826	356	S	T	A0A061I5C0
O43826	403	I	M	A0A061I5C0
O43827	51	E	D	D3ZDK4
O43827	175	Q	H	D3ZDK4
O43924	136	D	N	A0A1S2ZJM2
O43924	136	D	N	A0A1S2ZJM2
O43924	136	D	N	A0A1S2ZJM2
O43924	137	D	N	A0A1S2ZJM2
O43924	137	D	N	A0A1S2ZJM2
O60216	414	D	E	A0A091DXQ0
O60216	414	D	E	A0A091DXQ0
O60216	414	D	E	A0A091DXQ0
O60216	414	D	E	A0A091DXQ0
O60216	493	Q	H	A0A091DXQ0
O60216	493	Q	H	A0A091DXQ0
O60216	511	N	S	A0A091DXQ0
O60216	511	N	S	A0A091DXQ0
O60216	414	D	E	A0A091DXQ0
O60216	414	D	E	A0A091DXQ0
O60216	414	D	E	A0A091DXQ0
O60216	414	D	E	A0A091DXQ0
O60216	493	Q	H	A0A091DXQ0
O60216	493	Q	H	A0A091DXQ0
O60216	511	N	S	A0A091DXQ0
O60216	511	N	S	A0A091DXQ0
O60216	414	D	E	A0A091DXQ0
O60216	414	D	E	A0A091DXQ0
O60216	414	D	E	A0A091DXQ0
O60216	414	D	E	A0A091DXQ0
O60216	493	Q	H	A0A091DXQ0
O60216	493	Q	H	A0A091DXQ0
O60216	511	N	S	A0A091DXQ0
O60216	511	N	S	A0A091DXQ0
O60216	414	D	E	A0A091DXQ0
O60216	414	D	E	A0A091DXQ0
O60216	414	D	E	A0A091DXQ0
O60216	414	D	E	A0A091DXQ0
O60216	493	Q	H	A0A091DXQ0
O60216	493	Q	H	A0A091DXQ0
O60216	511	N	S	A0A091DXQ0
O60216	511	N	S	A0A091DXQ0
O60216	414	D	E	A0A091DXQ0
O60216	414	D	E	A0A091DXQ0
O60216	414	D	E	A0A091DXQ0
O60216	414	D	E	A0A091DXQ0
O60216	493	Q	H	A0A091DXQ0
O60216	493	Q	H	A0A091DXQ0
O60216	511	N	S	A0A091DXQ0
O60216	511	N	S	A0A091DXQ0
O60216	414	D	E	A0A091DXQ0
O60216	414	D	E	A0A091DXQ0
O60216	414	D	E	A0A091DXQ0
O60216	414	D	E	A0A091DXQ0
O60216	493	Q	H	A0A091DXQ0
O60216	493	Q	H	A0A091DXQ0
O60216	511	N	S	A0A091DXQ0
O60216	511	N	S	A0A091DXQ0
O60216	414	D	E	A0A091DXQ0
O60216	414	D	E	A0A091DXQ0
O60216	414	D	E	A0A091DXQ0
O60216	414	D	E	A0A091DXQ0
O60216	493	Q	H	A0A091DXQ0
O60216	493	Q	H	A0A091DXQ0
O60216	511	N	S	A0A091DXQ0
O60216	511	N	S	A0A091DXQ0
O60218	87	P	S	A0A1W4WL13
O60218	286	M	T	A0A1W4WL13
O60218	313	N	D	A0A1W4WL13
O60220	84	T	I	H2PW98
O60243	41	S	T	H2UR45
O60243	63	H	D	H2UR45
O60243	87	D	E	H2UR45
O60243	87	D	E	H2UR45
O60243	249	R	S	H2UR45
O60243	249	R	S	H2UR45
O60243	249	R	S	H2UR45
O60243	249	R	S	H2UR45
O60243	371	R	H	H2UR45
O60243	371	R	H	H2UR45
O60243	374	S	N	H2UR45
O60243	374	S	N	H2UR45
O60243	374	S	N	H2UR45
O60258	191	K	R	M7BBX3
O60258	191	K	R	M7BBX3
O60266	107	S	P	A0A1A8JA76
O60266	107	S	P	A0A1A8JA76
O60282	268	A	S	A0A0F8CUN4
O60282	340	E	K	A0A0F8CUN4
O60282	340	E	K	A0A0F8CUN4
O60282	509	T	I	A0A0F8CUN4
O60282	594	M	T	A0A0F8CUN4
O60282	594	M	T	A0A0F8CUN4
O60282	655	R	K	A0A0F8CUN4
O60282	738	L	S	A0A0F8CUN4
O60282	887	K	R	A0A0F8CUN4
O60282	910	A	S	A0A0F8CUN4
O60282	910	A	S	A0A0F8CUN4
O60282	939	V	I	A0A0F8CUN4
O60282	955	Y	H	A0A0F8CUN4
O60282	955	Y	H	A0A0F8CUN4
O60282	268	A	S	A0A0F8CUN4
O60282	340	E	K	A0A0F8CUN4
O60282	340	E	K	A0A0F8CUN4
O60282	509	T	I	A0A0F8CUN4
O60282	594	M	T	A0A0F8CUN4
O60282	594	M	T	A0A0F8CUN4
O60282	655	R	K	A0A0F8CUN4
O60282	738	L	S	A0A0F8CUN4
O60282	887	K	R	A0A0F8CUN4
O60282	910	A	S	A0A0F8CUN4
O60282	910	A	S	A0A0F8CUN4
O60282	939	V	I	A0A0F8CUN4
O60282	955	Y	H	A0A0F8CUN4
O60282	955	Y	H	A0A0F8CUN4
O60304	156	F	S	A0A2K6C7G2
O60443	29	D	E	A0A093IPB1
O60443	29	D	E	A0A093IPB1
O60443	29	D	E	A0A093IPB1
O60443	142	P	T	A0A093IPB1
O60443	142	P	T	A0A093IPB1
O60443	142	P	T	A0A093IPB1
O60443	142	P	T	A0A093IPB1
O60443	174	M	T	A0A093IPB1
O60443	174	M	T	A0A093IPB1
O60443	174	M	T	A0A093IPB1
O60443	195	A	V	A0A093IPB1
O60443	195	A	V	A0A093IPB1
O60443	196	T	M	A0A093IPB1
O60443	196	T	M	A0A093IPB1
O60443	196	T	M	A0A093IPB1
O60443	207	V	M	A0A093IPB1
O60443	207	V	M	A0A093IPB1
O60443	207	V	M	A0A093IPB1
O60443	207	V	M	A0A093IPB1
O60443	219	Y	C	A0A093IPB1
O60443	219	Y	C	A0A093IPB1
O60443	220	G	S	A0A093IPB1
O60443	220	G	S	A0A093IPB1
O60443	220	G	S	A0A093IPB1
O60443	220	G	S	A0A093IPB1
O60443	238	R	Q	A0A093IPB1
O60443	238	R	Q	A0A093IPB1
O60443	276	S	P	A0A093IPB1
O60443	276	S	P	A0A093IPB1
O60443	354	Q	P	A0A093IPB1
O60443	400	A	V	A0A093IPB1
O60443	400	A	V	A0A093IPB1
O60443	400	A	V	A0A093IPB1
O60443	400	A	V	A0A093IPB1
O60443	403	L	P	A0A093IPB1
O60443	403	L	P	A0A093IPB1
O60443	403	L	P	A0A093IPB1
O60443	403	L	P	A0A093IPB1
O60443	445	F	Y	A0A093IPB1
O60443	445	F	Y	A0A093IPB1
O60443	445	F	Y	A0A093IPB1
O60443	445	F	Y	A0A093IPB1
O60443	450	R	C	A0A093IPB1
O60443	450	R	C	A0A093IPB1
O60443	450	R	C	A0A093IPB1
O60443	29	D	E	A0A093IPB1
O60443	29	D	E	A0A093IPB1
O60443	29	D	E	A0A093IPB1
O60443	142	P	T	A0A093IPB1
O60443	142	P	T	A0A093IPB1
O60443	142	P	T	A0A093IPB1
O60443	142	P	T	A0A093IPB1
O60443	174	M	T	A0A093IPB1
O60443	174	M	T	A0A093IPB1
O60443	174	M	T	A0A093IPB1
O60443	195	A	V	A0A093IPB1
O60443	195	A	V	A0A093IPB1
O60443	196	T	M	A0A093IPB1
O60443	196	T	M	A0A093IPB1
O60443	196	T	M	A0A093IPB1
O60443	207	V	M	A0A093IPB1
O60443	207	V	M	A0A093IPB1
O60443	207	V	M	A0A093IPB1
O60443	207	V	M	A0A093IPB1
O60443	219	Y	C	A0A093IPB1
O60443	219	Y	C	A0A093IPB1
O60443	220	G	S	A0A093IPB1
O60443	220	G	S	A0A093IPB1
O60443	220	G	S	A0A093IPB1
O60443	220	G	S	A0A093IPB1
O60443	238	R	Q	A0A093IPB1
O60443	238	R	Q	A0A093IPB1
O60443	276	S	P	A0A093IPB1
O60443	276	S	P	A0A093IPB1
O60443	354	Q	P	A0A093IPB1
O60443	400	A	V	A0A093IPB1
O60443	400	A	V	A0A093IPB1
O60443	400	A	V	A0A093IPB1
O60443	400	A	V	A0A093IPB1
O60443	403	L	P	A0A093IPB1
O60443	403	L	P	A0A093IPB1
O60443	403	L	P	A0A093IPB1
O60443	403	L	P	A0A093IPB1
O60443	445	F	Y	A0A093IPB1
O60443	445	F	Y	A0A093IPB1
O60443	445	F	Y	A0A093IPB1
O60443	445	F	Y	A0A093IPB1
O60443	450	R	C	A0A093IPB1
O60443	450	R	C	A0A093IPB1
O60443	450	R	C	A0A093IPB1
O60477	349	T	M	A0A1L8F247
O60477	349	T	M	A0A1L8F247
O60477	358	R	H	A0A1L8F247
O60477	411	R	Q	A0A1L8F247
O60477	411	R	Q	A0A1L8F247
O60477	641	S	L	A0A1L8F247
O60477	641	S	L	A0A1L8F247
O60508	315	L	V	A0A2B7XYL6
O60508	315	L	V	A0A2B7XYL6
O60603	91	I	V	L9KUB2
O60603	91	I	V	L9KUB2
O60603	217	F	S	L9KUB2
O60603	217	F	S	L9KUB2
O60603	571	R	H	L9KUB2
O60603	571	R	H	L9KUB2
O60603	579	R	H	L9KUB2
O60603	579	R	H	L9KUB2
O60603	631	P	H	L9KUB2
O60603	636	S	R	L9KUB2
O60603	636	S	R	L9KUB2
O60603	91	I	V	L9KUB2
O60603	91	I	V	L9KUB2
O60603	217	F	S	L9KUB2
O60603	217	F	S	L9KUB2
O60603	571	R	H	L9KUB2
O60603	571	R	H	L9KUB2
O60603	579	R	H	L9KUB2
O60603	579	R	H	L9KUB2
O60603	631	P	H	L9KUB2
O60603	636	S	R	L9KUB2
O60603	636	S	R	L9KUB2
O60603	91	I	V	L9KUB2
O60603	91	I	V	L9KUB2
O60603	217	F	S	L9KUB2
O60603	217	F	S	L9KUB2
O60603	571	R	H	L9KUB2
O60603	571	R	H	L9KUB2
O60603	579	R	H	L9KUB2
O60603	579	R	H	L9KUB2
O60603	631	P	H	L9KUB2
O60603	636	S	R	L9KUB2
O60603	636	S	R	L9KUB2
O60613	29	V	L	H9IUL7
O60678	210	A	V	A0A087XDH7
O60678	210	A	V	A0A087XDH7
O60678	510	K	R	A0A087XDH7
O60706	928	D	E	G3WN43
O60706	928	D	E	G3WN43
O60706	1137	V	I	G3WN43
O60706	1137	V	I	G3WN43
O60706	1137	V	I	G3WN43
O60706	1137	V	I	G3WN43
O60706	1137	V	I	G3WN43
O60706	1137	V	I	G3WN43
O60706	1365	I	V	G3WN43
O60706	1365	I	V	G3WN43
O60711	27	P	L	M7AQT6
O60711	148	P	T	M7AQT6
O60721	37	T	S	E2RRL5
O60721	37	T	S	E2RRL5
O60721	37	T	S	E2RRL5
O60721	37	T	S	E2RRL5
O60721	304	P	L	E2RRL5
O60721	311	V	L	E2RRL5
O60721	311	V	L	E2RRL5
O60721	311	V	L	E2RRL5
O60721	311	V	L	E2RRL5
O60721	313	L	V	E2RRL5
O60721	313	L	V	E2RRL5
O60721	313	L	V	E2RRL5
O60721	313	L	V	E2RRL5
O60721	409	P	L	E2RRL5
O60721	608	V	I	E2RRL5
O60721	608	V	I	E2RRL5
O60721	608	V	I	E2RRL5
O60721	608	V	I	E2RRL5
O60721	724	T	M	E2RRL5
O60721	724	T	M	E2RRL5
O60721	724	T	M	E2RRL5
O60721	776	E	Q	E2RRL5
O60721	776	E	Q	E2RRL5
O60721	865	E	G	E2RRL5
O60721	865	E	G	E2RRL5
O60721	865	E	G	E2RRL5
O60721	865	E	G	E2RRL5
O60812	5	V	I	H0XX05
O60812	99	R	G	H0XX05
O60812	105	Y	C	H0XX05
O60812	204	I	V	H0XX05
O60812	212	E	G	H0XX05
O60812	216	K	R	H0XX05
O60812	232	D	H	H0XX05
O60812	255	D	G	H0XX05
O60844	32	G	S	G3W5G8
O60844	113	D	E	G3W5G8
O60844	162	S	T	G3W5G8
O60858	355	S	T	A0A1L8HIQ6
O60858	355	S	T	A0A1L8HIQ6
O60858	355	S	T	A0A1L8HIQ6
O60890	39	V	I	A0A218V3H2
O60890	39	V	I	A0A218V3H2
O60890	39	V	I	A0A218V3H2
O60890	39	V	I	A0A218V3H2
O60890	45	A	T	A0A218V3H2
O60890	45	A	T	A0A218V3H2
O60890	45	A	T	A0A218V3H2
O60890	45	A	T	A0A218V3H2
O60890	45	A	T	A0A218V3H2
O60890	301	T	M	A0A218V3H2
O60890	301	T	M	A0A218V3H2
O60890	301	T	M	A0A218V3H2
O60890	301	T	M	A0A218V3H2
O60890	301	T	M	A0A218V3H2
O60890	395	N	D	A0A218V3H2
O60890	395	N	D	A0A218V3H2
O60890	557	I	V	A0A218V3H2
O60890	600	T	M	A0A218V3H2
O60890	600	T	M	A0A218V3H2
O60890	686	P	S	A0A218V3H2
O60890	686	P	S	A0A218V3H2
O60890	686	P	S	A0A218V3H2
O60890	686	P	S	A0A218V3H2
O60890	686	P	S	A0A218V3H2
O60890	693	M	I	A0A218V3H2
O60890	693	M	I	A0A218V3H2
O60890	693	M	I	A0A218V3H2
O60890	693	M	I	A0A218V3H2
O60890	693	M	I	A0A218V3H2
O60890	712	R	Q	A0A218V3H2
O60890	768	A	V	A0A218V3H2
O60890	768	A	V	A0A218V3H2
O60890	788	R	W	A0A218V3H2
O60890	788	R	W	A0A218V3H2
O60890	788	R	W	A0A218V3H2
O60890	788	R	W	A0A218V3H2
O60890	788	R	W	A0A218V3H2
O60938	313	R	Q	A0A2G9S605
O60938	313	R	Q	A0A2G9S605
O75038	28	G	A	A0A1L8FM23
O75038	28	G	A	A0A1L8FM23
O75038	159	D	N	A0A1L8FM23
O75038	159	D	N	A0A1L8FM23
O75038	512	R	H	A0A1L8FM23
O75038	512	R	H	A0A1L8FM23
O75038	560	V	M	A0A1L8FM23
O75038	1113	A	T	A0A1L8FM23
O75038	1120	V	M	A0A1L8FM23
O75038	1120	V	M	A0A1L8FM23
O75038	1301	E	A	A0A1L8FM23
O75038	1335	V	L	A0A1L8FM23
O75038	28	G	A	A0A1L8FM23
O75038	28	G	A	A0A1L8FM23
O75038	159	D	N	A0A1L8FM23
O75038	159	D	N	A0A1L8FM23
O75038	512	R	H	A0A1L8FM23
O75038	512	R	H	A0A1L8FM23
O75038	560	V	M	A0A1L8FM23
O75038	1113	A	T	A0A1L8FM23
O75038	1120	V	M	A0A1L8FM23
O75038	1120	V	M	A0A1L8FM23
O75038	1301	E	A	A0A1L8FM23
O75038	1335	V	L	A0A1L8FM23
O75038	28	G	A	A0A1L8FM23
O75038	28	G	A	A0A1L8FM23
O75038	159	D	N	A0A1L8FM23
O75038	159	D	N	A0A1L8FM23
O75038	512	R	H	A0A1L8FM23
O75038	512	R	H	A0A1L8FM23
O75038	1120	V	M	A0A1L8FM23
O75038	1120	V	M	A0A1L8FM23
O75038	28	G	A	A0A1L8FM23
O75038	28	G	A	A0A1L8FM23
O75038	159	D	N	A0A1L8FM23
O75038	159	D	N	A0A1L8FM23
O75038	512	R	H	A0A1L8FM23
O75038	512	R	H	A0A1L8FM23
O75038	1120	V	M	A0A1L8FM23
O75038	1120	V	M	A0A1L8FM23
O75072	125	G	S	F7EQC4
O75072	125	G	S	F7EQC4
O75072	125	G	S	F7EQC4
O75072	125	G	S	F7EQC4
O75072	203	R	Q	F7EQC4
O75072	203	R	Q	F7EQC4
O75072	203	R	Q	F7EQC4
O75072	203	R	Q	F7EQC4
O75072	203	R	Q	F7EQC4
O75072	203	R	Q	F7EQC4
O75072	203	R	Q	F7EQC4
O75072	203	R	Q	F7EQC4
O75072	203	R	Q	F7EQC4
O75072	203	R	Q	F7EQC4
O75072	203	R	Q	F7EQC4
O75072	223	T	I	F7EQC4
O75072	223	T	I	F7EQC4
O75072	223	T	I	F7EQC4
O75072	223	T	I	F7EQC4
O75072	125	G	S	F7EQC4
O75072	125	G	S	F7EQC4
O75072	125	G	S	F7EQC4
O75072	125	G	S	F7EQC4
O75072	203	R	Q	F7EQC4
O75072	203	R	Q	F7EQC4
O75072	203	R	Q	F7EQC4
O75072	203	R	Q	F7EQC4
O75072	203	R	Q	F7EQC4
O75072	203	R	Q	F7EQC4
O75072	203	R	Q	F7EQC4
O75072	203	R	Q	F7EQC4
O75072	203	R	Q	F7EQC4
O75072	203	R	Q	F7EQC4
O75072	203	R	Q	F7EQC4
O75072	223	T	I	F7EQC4
O75072	223	T	I	F7EQC4
O75072	223	T	I	F7EQC4
O75072	223	T	I	F7EQC4
O75081	103	R	P	A0A2K6CHW0
O75081	441	A	T	A0A2K6CHW0
O75081	441	A	T	A0A2K6CHW0
O75095	45	P	L	A0A2R8ZSW4
O75095	45	P	L	A0A2R8ZSW4
O75095	115	M	T	A0A2R8ZSW4
O75095	131	S	G	A0A2R8ZSW4
O75095	224	R	Q	A0A2R8ZSW4
O75095	224	R	Q	A0A2R8ZSW4
O75095	277	A	S	A0A2R8ZSW4
O75095	277	A	S	A0A2R8ZSW4
O75095	313	A	V	A0A2R8ZSW4
O75095	587	P	L	A0A2R8ZSW4
O75095	688	L	P	A0A2R8ZSW4
O75095	738	V	M	A0A2R8ZSW4
O75095	749	A	V	A0A2R8ZSW4
O75095	749	A	V	A0A2R8ZSW4
O75095	759	R	W	A0A2R8ZSW4
O75095	759	R	W	A0A2R8ZSW4
O75095	809	V	I	A0A2R8ZSW4
O75095	809	V	I	A0A2R8ZSW4
O75095	898	P	L	A0A2R8ZSW4
O75095	916	R	L	A0A2R8ZSW4
O75095	982	R	W	A0A2R8ZSW4
O75095	982	R	W	A0A2R8ZSW4
O75095	1043	R	Q	A0A2R8ZSW4
O75095	1043	R	Q	A0A2R8ZSW4
O75095	1137	G	A	A0A2R8ZSW4
O75095	1287	R	H	A0A2R8ZSW4
O75095	1287	R	H	A0A2R8ZSW4
O75095	1364	R	H	A0A2R8ZSW4
O75095	1392	W	R	A0A2R8ZSW4
O75095	1413	H	Y	A0A2R8ZSW4
O75095	1438	G	R	A0A2R8ZSW4
O75095	1483	A	T	A0A2R8ZSW4
O75095	1536	G	S	A0A2R8ZSW4
O75095	1536	G	S	A0A2R8ZSW4
O75128	513	S	F	W5LY59
O75128	513	S	F	W5LY59
O75128	526	P	L	W5LY59
O75128	577	D	A	W5LY59
O75128	601	H	Y	W5LY59
O75128	601	H	Y	W5LY59
O75128	607	V	I	W5LY59
O75128	655	A	P	W5LY59
O75128	919	H	Q	W5LY59
O75128	927	D	N	W5LY59
O75128	1015	A	P	W5LY59
O75128	1160	H	Y	W5LY59
O75157	271	V	I	I3JX80
O75157	419	A	T	I3JX80
O75175	237	A	V	H2SZM8
O75175	237	A	V	H2SZM8
O75175	314	P	S	H2SZM8
O75175	320	P	L	H2SZM8
O75175	320	P	L	H2SZM8
O75175	426	A	V	H2SZM8
O75175	472	P	S	H2SZM8
O75175	237	A	V	H2SZM8
O75175	237	A	V	H2SZM8
O75175	314	P	S	H2SZM8
O75175	320	P	L	H2SZM8
O75175	320	P	L	H2SZM8
O75175	426	A	V	H2SZM8
O75175	472	P	S	H2SZM8
O75175	237	A	V	H2SZM8
O75175	237	A	V	H2SZM8
O75175	314	P	S	H2SZM8
O75175	320	P	L	H2SZM8
O75175	320	P	L	H2SZM8
O75175	426	A	V	H2SZM8
O75175	472	P	S	H2SZM8
O75175	237	A	V	H2SZM8
O75175	237	A	V	H2SZM8
O75175	314	P	S	H2SZM8
O75175	320	P	L	H2SZM8
O75175	320	P	L	H2SZM8
O75175	426	A	V	H2SZM8
O75175	472	P	S	H2SZM8
O75175	237	A	V	H2SZM8
O75175	237	A	V	H2SZM8
O75175	314	P	S	H2SZM8
O75175	320	P	L	H2SZM8
O75175	320	P	L	H2SZM8
O75175	426	A	V	H2SZM8
O75175	472	P	S	H2SZM8
O75175	237	A	V	H2SZM8
O75175	237	A	V	H2SZM8
O75175	314	P	S	H2SZM8
O75175	320	P	L	H2SZM8
O75175	320	P	L	H2SZM8
O75175	426	A	V	H2SZM8
O75175	472	P	S	H2SZM8
O75175	237	A	V	H2SZM8
O75175	237	A	V	H2SZM8
O75175	314	P	S	H2SZM8
O75175	320	P	L	H2SZM8
O75175	320	P	L	H2SZM8
O75175	426	A	V	H2SZM8
O75175	472	P	S	H2SZM8
O75175	237	A	V	H2SZM8
O75175	237	A	V	H2SZM8
O75175	314	P	S	H2SZM8
O75175	320	P	L	H2SZM8
O75175	320	P	L	H2SZM8
O75175	426	A	V	H2SZM8
O75175	472	P	S	H2SZM8
O75175	237	A	V	H2SZM8
O75175	237	A	V	H2SZM8
O75175	314	P	S	H2SZM8
O75175	320	P	L	H2SZM8
O75175	320	P	L	H2SZM8
O75175	426	A	V	H2SZM8
O75175	472	P	S	H2SZM8
O75175	237	A	V	H2SZM8
O75175	237	A	V	H2SZM8
O75175	314	P	S	H2SZM8
O75175	320	P	L	H2SZM8
O75175	320	P	L	H2SZM8
O75175	426	A	V	H2SZM8
O75175	472	P	S	H2SZM8
O75175	237	A	V	H2SZM8
O75175	237	A	V	H2SZM8
O75175	314	P	S	H2SZM8
O75175	320	P	L	H2SZM8
O75175	320	P	L	H2SZM8
O75175	426	A	V	H2SZM8
O75175	472	P	S	H2SZM8
O75175	237	A	V	H2SZM8
O75175	237	A	V	H2SZM8
O75175	314	P	S	H2SZM8
O75175	320	P	L	H2SZM8
O75175	320	P	L	H2SZM8
O75175	426	A	V	H2SZM8
O75175	472	P	S	H2SZM8
O75175	237	A	V	H2SZM8
O75175	237	A	V	H2SZM8
O75175	314	P	S	H2SZM8
O75175	320	P	L	H2SZM8
O75175	320	P	L	H2SZM8
O75175	426	A	V	H2SZM8
O75175	472	P	S	H2SZM8
O75175	237	A	V	H2SZM8
O75175	237	A	V	H2SZM8
O75175	314	P	S	H2SZM8
O75175	320	P	L	H2SZM8
O75175	320	P	L	H2SZM8
O75175	426	A	V	H2SZM8
O75175	472	P	S	H2SZM8
O75175	237	A	V	H2SZM8
O75175	237	A	V	H2SZM8
O75175	314	P	S	H2SZM8
O75175	320	P	L	H2SZM8
O75175	320	P	L	H2SZM8
O75175	426	A	V	H2SZM8
O75175	472	P	S	H2SZM8
O75175	237	A	V	H2SZM8
O75175	237	A	V	H2SZM8
O75175	314	P	S	H2SZM8
O75175	320	P	L	H2SZM8
O75175	320	P	L	H2SZM8
O75175	426	A	V	H2SZM8
O75175	472	P	S	H2SZM8
O75175	237	A	V	H2SZM8
O75175	237	A	V	H2SZM8
O75175	314	P	S	H2SZM8
O75175	320	P	L	H2SZM8
O75175	320	P	L	H2SZM8
O75175	426	A	V	H2SZM8
O75175	472	P	S	H2SZM8
O75175	237	A	V	H2SZM8
O75175	237	A	V	H2SZM8
O75175	314	P	S	H2SZM8
O75175	320	P	L	H2SZM8
O75175	320	P	L	H2SZM8
O75175	426	A	V	H2SZM8
O75175	472	P	S	H2SZM8
O75175	237	A	V	H2SZM8
O75175	237	A	V	H2SZM8
O75175	314	P	S	H2SZM8
O75175	320	P	L	H2SZM8
O75175	320	P	L	H2SZM8
O75175	426	A	V	H2SZM8
O75175	472	P	S	H2SZM8
O75175	237	A	V	H2SZM8
O75175	237	A	V	H2SZM8
O75175	314	P	S	H2SZM8
O75175	320	P	L	H2SZM8
O75175	320	P	L	H2SZM8
O75175	426	A	V	H2SZM8
O75175	472	P	S	H2SZM8
O75323	8	A	T	A0A2R8MH95
O75396	192	T	P	G5AW15
O75439	3	A	V	A0A2D0SFJ9
O75439	35	L	S	A0A2D0SFJ9
O75439	312	C	Y	A0A2D0SFJ9
O75439	396	E	D	A0A2D0SFJ9
O75443	10	W	S	A0A1L8FG04
O75443	10	W	S	A0A1L8FG04
O75443	19	Q	R	A0A1L8FG04
O75443	19	Q	R	A0A1L8FG04
O75443	19	Q	R	A0A1L8FG04
O75443	19	Q	R	A0A1L8FG04
O75443	19	Q	R	A0A1L8FG04
O75443	371	R	G	A0A1L8FG04
O75443	371	R	G	A0A1L8FG04
O75443	371	R	G	A0A1L8FG04
O75443	371	R	G	A0A1L8FG04
O75443	371	R	G	A0A1L8FG04
O75443	371	R	G	A0A1L8FG04
O75443	624	A	V	A0A1L8FG04
O75443	624	A	V	A0A1L8FG04
O75443	708	K	R	A0A1L8FG04
O75443	708	K	R	A0A1L8FG04
O75443	708	K	R	A0A1L8FG04
O75443	712	V	L	A0A1L8FG04
O75443	712	V	L	A0A1L8FG04
O75443	914	I	V	A0A1L8FG04
O75443	914	I	V	A0A1L8FG04
O75443	932	V	A	A0A1L8FG04
O75443	932	V	A	A0A1L8FG04
O75443	932	V	A	A0A1L8FG04
O75443	932	V	A	A0A1L8FG04
O75443	932	V	A	A0A1L8FG04
O75443	1015	E	Q	A0A1L8FG04
O75443	1102	V	I	A0A1L8FG04
O75443	1102	V	I	A0A1L8FG04
O75443	1102	V	I	A0A1L8FG04
O75443	1400	H	Y	A0A1L8FG04
O75443	1400	H	Y	A0A1L8FG04
O75443	1584	S	T	A0A1L8FG04
O75443	1584	S	T	A0A1L8FG04
O75443	1584	S	T	A0A1L8FG04
O75443	1584	S	T	A0A1L8FG04
O75443	1584	S	T	A0A1L8FG04
O75443	1724	S	N	A0A1L8FG04
O75443	1724	S	N	A0A1L8FG04
O75443	1724	S	N	A0A1L8FG04
O75443	1724	S	N	A0A1L8FG04
O75443	1724	S	N	A0A1L8FG04
O75443	1847	S	F	A0A1L8FG04
O75443	1847	S	F	A0A1L8FG04
O75443	2134	T	M	A0A1L8FG04
O75443	2134	T	M	A0A1L8FG04
O75443	2134	T	M	A0A1L8FG04
O75443	10	W	S	A0A1L8FG04
O75443	10	W	S	A0A1L8FG04
O75443	19	Q	R	A0A1L8FG04
O75443	19	Q	R	A0A1L8FG04
O75443	19	Q	R	A0A1L8FG04
O75443	19	Q	R	A0A1L8FG04
O75443	19	Q	R	A0A1L8FG04
O75443	371	R	G	A0A1L8FG04
O75443	371	R	G	A0A1L8FG04
O75443	371	R	G	A0A1L8FG04
O75443	371	R	G	A0A1L8FG04
O75443	371	R	G	A0A1L8FG04
O75443	371	R	G	A0A1L8FG04
O75443	624	A	V	A0A1L8FG04
O75443	624	A	V	A0A1L8FG04
O75443	708	K	R	A0A1L8FG04
O75443	708	K	R	A0A1L8FG04
O75443	708	K	R	A0A1L8FG04
O75443	712	V	L	A0A1L8FG04
O75443	712	V	L	A0A1L8FG04
O75443	914	I	V	A0A1L8FG04
O75443	914	I	V	A0A1L8FG04
O75443	932	V	A	A0A1L8FG04
O75443	932	V	A	A0A1L8FG04
O75443	932	V	A	A0A1L8FG04
O75443	932	V	A	A0A1L8FG04
O75443	932	V	A	A0A1L8FG04
O75443	1015	E	Q	A0A1L8FG04
O75443	1102	V	I	A0A1L8FG04
O75443	1102	V	I	A0A1L8FG04
O75443	1102	V	I	A0A1L8FG04
O75443	1400	H	Y	A0A1L8FG04
O75443	1400	H	Y	A0A1L8FG04
O75443	1584	S	T	A0A1L8FG04
O75443	1584	S	T	A0A1L8FG04
O75443	1584	S	T	A0A1L8FG04
O75443	1584	S	T	A0A1L8FG04
O75443	1584	S	T	A0A1L8FG04
O75443	1724	S	N	A0A1L8FG04
O75443	1724	S	N	A0A1L8FG04
O75443	1724	S	N	A0A1L8FG04
O75443	1724	S	N	A0A1L8FG04
O75443	1724	S	N	A0A1L8FG04
O75443	1847	S	F	A0A1L8FG04
O75443	1847	S	F	A0A1L8FG04
O75443	2134	T	M	A0A1L8FG04
O75443	2134	T	M	A0A1L8FG04
O75443	2134	T	M	A0A1L8FG04
O75448	204	A	T	T1JEP9
O75448	204	A	T	T1JEP9
O75469	27	P	S	M7ANR0
O75469	36	G	R	M7ANR0
O75473	218	H	R	A0A2Y9G3T2
O75473	218	H	R	A0A2Y9G3T2
O75473	383	H	R	A0A2Y9G3T2
O75473	383	H	R	A0A2Y9G3T2
O75473	424	L	V	A0A2Y9G3T2
O75473	424	L	V	A0A2Y9G3T2
O75473	428	D	N	A0A2Y9G3T2
O75473	428	D	N	A0A2Y9G3T2
O75473	435	S	L	A0A2Y9G3T2
O75473	435	S	L	A0A2Y9G3T2
O75473	666	V	A	A0A2Y9G3T2
O75473	781	P	A	A0A2Y9G3T2
O75473	781	P	A	A0A2Y9G3T2
O75473	885	V	M	A0A2Y9G3T2
O75509	23	A	S	M4A3B1
O75509	23	A	S	M4A3B1
O75509	387	A	T	M4A3B1
O75509	387	A	T	M4A3B1
O75521	47	M	I	A0A2K5N334
O75521	322	P	S	A0A2K5N334
O75521	322	P	S	A0A2K5N334
O75521	344	A	V	A0A2K5N334
O75570	2	N	S	A0A226MT49
O75570	407	I	V	A0A226MT49
O75570	427	S	A	A0A226MT49
O75570	427	S	A	A0A226MT49
O75570	2	N	S	A0A226MT49
O75570	407	I	V	A0A226MT49
O75570	427	S	A	A0A226MT49
O75570	427	S	A	A0A226MT49
O75581	127	S	T	V9K7A8
O75581	251	N	S	V9K7A8
O75581	251	N	S	V9K7A8
O75581	386	R	C	V9K7A8
O75581	483	V	I	V9K7A8
O75581	624	M	V	V9K7A8
O75581	676	I	V	V9K7A8
O75581	817	S	C	V9K7A8
O75581	1044	D	N	V9K7A8
O75581	1062	V	I	V9K7A8
O75581	1127	E	G	V9K7A8
O75581	1369	Q	R	V9K7A8
O75581	1374	V	I	V9K7A8
O75581	1374	V	I	V9K7A8
O75581	1382	V	F	V9K7A8
O75581	1382	V	F	V9K7A8
O75581	1401	R	H	V9K7A8
O75581	1401	R	H	V9K7A8
O75581	71	S	R	V9K7A8
O75581	71	S	R	V9K7A8
O75581	127	S	T	V9K7A8
O75581	251	N	S	V9K7A8
O75581	251	N	S	V9K7A8
O75581	386	R	C	V9K7A8
O75581	483	V	I	V9K7A8
O75581	483	V	I	V9K7A8
O75581	483	V	L	V9K7A8
O75581	483	V	I	V9K7A8
O75581	624	M	V	V9K7A8
O75581	676	I	V	V9K7A8
O75581	817	S	C	V9K7A8
O75581	817	S	C	V9K7A8
O75581	817	S	C	V9K7A8
O75581	1044	D	N	V9K7A8
O75581	1062	V	I	V9K7A8
O75581	1062	V	I	V9K7A8
O75581	1062	V	I	V9K7A8
O75581	1127	E	G	V9K7A8
O75581	1369	Q	R	V9K7A8
O75581	1374	V	I	V9K7A8
O75581	1374	V	I	V9K7A8
O75581	1382	V	F	V9K7A8
O75581	1382	V	F	V9K7A8
O75581	1401	R	H	V9K7A8
O75581	1401	R	H	V9K7A8
O75581	1401	R	H	V9K7A8
O75581	1401	R	H	V9K7A8
O75631	87	S	A	A0A2Y9FTI8
O75631	87	S	A	A0A2Y9FTI8
O75631	87	S	A	A0A2Y9FTI8
O75631	91	Q	L	A0A2Y9FTI8
O75631	91	Q	L	A0A2Y9FTI8
O75631	119	I	T	A0A2Y9FTI8
O75631	119	I	T	A0A2Y9FTI8
O75631	119	I	T	A0A2Y9FTI8
O75631	154	A	P	A0A2Y9FTI8
O75631	154	A	P	A0A2Y9FTI8
O75631	210	V	I	A0A2Y9FTI8
O75631	210	V	I	A0A2Y9FTI8
O75631	210	V	I	A0A2Y9FTI8
O75643	387	M	V	L1K0L5
O75643	387	M	V	L1K0L5
O75643	387	M	V	L1K0L5
O75643	387	M	V	L1K0L5
O75643	934	T	A	L1K0L5
O75643	934	T	A	L1K0L5
O75643	934	T	A	L1K0L5
O75643	934	T	A	L1K0L5
O75643	934	T	A	L1K0L5
O75643	1002	N	S	L1K0L5
O75643	1002	N	S	L1K0L5
O75643	1002	N	S	L1K0L5
O75643	1002	N	S	L1K0L5
O75643	1002	N	S	L1K0L5
O75643	1389	V	I	L1K0L5
O75643	1389	V	I	L1K0L5
O75643	1389	V	I	L1K0L5
O75643	1389	V	I	L1K0L5
O75643	1402	N	S	L1K0L5
O75643	1459	I	T	L1K0L5
O75643	1978	G	A	L1K0L5
O75643	1978	G	A	L1K0L5
O75643	1978	G	A	L1K0L5
O75643	1978	G	A	L1K0L5
O75643	1995	A	T	L1K0L5
O75643	1995	A	T	L1K0L5
O75643	1995	A	T	L1K0L5
O75643	1995	A	T	L1K0L5
O75676	287	A	V	L9KQM6
O75676	287	A	V	L9KQM6
O75676	758	S	A	L9KQM6
O75676	772	S	P	L9KQM6
O75688	18	A	T	A0A2U9B510
O75688	18	A	T	A0A2U9B510
O75688	381	D	N	A0A2U9B510
O75688	381	D	N	A0A2U9B510
O75712	32	R	W	Q6GQC4
O75712	32	R	W	Q6GQC4
O75712	32	R	W	Q6GQC4
O75712	32	R	W	Q6GQC4
O75712	37	V	M	Q6GQC4
O75712	37	V	M	Q6GQC4
O75712	37	V	M	Q6GQC4
O75712	63	V	I	Q6GQC4
O75712	63	V	I	Q6GQC4
O75712	84	V	I	Q6GQC4
O75712	84	V	I	Q6GQC4
O75712	84	V	I	Q6GQC4
O75712	84	V	I	Q6GQC4
O75712	105	H	N	Q6GQC4
O75712	105	H	N	Q6GQC4
O75712	105	H	N	Q6GQC4
O75712	106	R	H	Q6GQC4
O75712	106	R	H	Q6GQC4
O75712	114	A	T	Q6GQC4
O75712	114	A	T	Q6GQC4
O75712	114	A	T	Q6GQC4
O75712	177	Y	D	Q6GQC4
O75712	177	Y	D	Q6GQC4
O75712	177	Y	D	Q6GQC4
O75712	177	Y	D	Q6GQC4
O75712	194	A	T	Q6GQC4
O75712	194	A	T	Q6GQC4
O75712	194	A	T	Q6GQC4
O75712	194	A	T	Q6GQC4
O75712	194	A	T	Q6GQC4
O75712	200	V	I	Q6GQC4
O75712	200	V	I	Q6GQC4
O75712	200	V	I	Q6GQC4
O75712	200	V	I	Q6GQC4
O75712	216	R	Q	Q6GQC4
O75712	216	R	Q	Q6GQC4
O75712	32	R	W	Q6GQC4
O75712	32	R	W	Q6GQC4
O75712	32	R	W	Q6GQC4
O75712	32	R	W	Q6GQC4
O75712	37	V	M	Q6GQC4
O75712	37	V	M	Q6GQC4
O75712	37	V	M	Q6GQC4
O75712	63	V	I	Q6GQC4
O75712	63	V	I	Q6GQC4
O75712	84	V	I	Q6GQC4
O75712	84	V	I	Q6GQC4
O75712	84	V	I	Q6GQC4
O75712	84	V	I	Q6GQC4
O75712	105	H	N	Q6GQC4
O75712	105	H	N	Q6GQC4
O75712	105	H	N	Q6GQC4
O75712	106	R	H	Q6GQC4
O75712	106	R	H	Q6GQC4
O75712	114	A	T	Q6GQC4
O75712	114	A	T	Q6GQC4
O75712	114	A	T	Q6GQC4
O75712	177	Y	D	Q6GQC4
O75712	177	Y	D	Q6GQC4
O75712	177	Y	D	Q6GQC4
O75712	177	Y	D	Q6GQC4
O75712	194	A	T	Q6GQC4
O75712	194	A	T	Q6GQC4
O75712	194	A	T	Q6GQC4
O75712	194	A	T	Q6GQC4
O75712	194	A	T	Q6GQC4
O75712	200	V	I	Q6GQC4
O75712	200	V	I	Q6GQC4
O75712	200	V	I	Q6GQC4
O75712	200	V	I	Q6GQC4
O75712	216	R	Q	Q6GQC4
O75712	216	R	Q	Q6GQC4
O75715	85	L	P	S9WIB9
O75715	85	L	P	S9WIB9
O75715	85	L	P	S9WIB9
O75746	243	R	K	A0A0M9A7S9
O75746	243	R	K	A0A0M9A7S9
O75746	468	A	T	A0A0M9A7S9
O75746	473	R	Q	A0A0M9A7S9
O75746	473	R	Q	A0A0M9A7S9
O75762	3	R	C	G1NGB5
O75762	58	R	T	G1NGB5
O75762	109	N	K	G1NGB5
O75762	109	N	K	G1NGB5
O75762	179	E	K	G1NGB5
O75762	186	K	N	G1NGB5
O75762	255	I	V	G1NGB5
O75762	299	V	M	G1NGB5
O75762	299	V	M	G1NGB5
O75762	626	M	I	G1NGB5
O75762	626	M	I	G1NGB5
O75762	1018	H	R	G1NGB5
O75771	165	R	Q	G1PKN6
O75771	165	R	Q	G1PKN6
O75771	165	R	Q	G1PKN6
O75771	232	R	Q	G1PKN6
O75771	232	R	Q	G1PKN6
O75771	232	R	Q	G1PKN6
O75771	233	E	G	G1PKN6
O75771	233	E	G	G1PKN6
O75771	233	E	G	G1PKN6
O75771	233	E	G	G1PKN6
O75771	233	E	G	G1PKN6
O75771	233	E	G	G1PKN6
O75771	233	E	G	G1PKN6
O75771	165	R	Q	G1PKN6
O75771	165	R	Q	G1PKN6
O75771	165	R	Q	G1PKN6
O75771	232	R	Q	G1PKN6
O75771	232	R	Q	G1PKN6
O75771	232	R	Q	G1PKN6
O75771	233	E	G	G1PKN6
O75771	233	E	G	G1PKN6
O75771	233	E	G	G1PKN6
O75771	233	E	G	G1PKN6
O75771	233	E	G	G1PKN6
O75771	233	E	G	G1PKN6
O75771	233	E	G	G1PKN6
O75821	201	E	D	S7NZR9
O75821	201	E	D	S7NZR9
O75822	141	A	T	A0A060WIJ3
O75828	4	C	Y	G3W3S2
O75828	84	L	V	G3W3S2
O75828	124	E	K	G3W3S2
O75828	124	E	K	G3W3S2
O75828	131	P	S	G3W3S2
O75828	244	V	M	G3W3S2
O75830	6	L	V	A0A0N8JXX7
O75830	148	E	G	A0A0N8JXX7
O75830	6	L	V	A0A0N8JXX7
O75830	148	E	G	A0A0N8JXX7
O75830	6	L	V	A0A0N8JXX7
O75830	148	E	G	A0A0N8JXX7
O75843	377	S	F	A0A1S3EUP6
O75843	377	S	F	A0A1S3EUP6
O75864	18	I	V	F6QD36
O75864	524	D	E	F6QD36
O75864	588	T	P	F6QD36
O75864	591	S	P	F6QD36
O75864	597	S	P	F6QD36
O75864	600	A	P	F6QD36
O75864	601	S	P	F6QD36
O75880	21	R	G	A0A287ACH8
O75880	21	R	G	A0A287ACH8
O75880	35	G	E	A0A287ACH8
O75880	35	G	E	A0A287ACH8
O75880	56	G	E	A0A287ACH8
O75880	56	G	E	A0A287ACH8
O75880	56	G	E	A0A287ACH8
O75880	58	P	S	A0A287ACH8
O75880	58	P	S	A0A287ACH8
O75880	58	P	S	A0A287ACH8
O75880	58	P	S	A0A287ACH8
O75880	58	P	S	A0A287ACH8
O75880	114	H	Q	A0A287ACH8
O75880	114	H	Q	A0A287ACH8
O75911	131	S	G	F6YIJ7
O75934	4	T	A	A0A1V4KX64
O75934	4	T	A	A0A1V4KX64
O75951	139	F	S	G5BCS8
O75951	139	F	S	G5BCS8
O75951	139	F	S	G5BCS8
O75951	139	F	S	G5BCS8
O75951	139	F	S	G5BCS8
O75951	139	F	S	G5BCS8
O75971	75	T	A	E9QPK5
O75971	75	T	A	E9QPK5
O75971	75	T	A	E9QPK5
O75971	75	T	A	E9QPK5
O75971	75	T	A	E9QPK5
O75971	75	T	A	E9QPK5
O75971	75	T	A	E9QPK5
O75971	75	T	A	E9QPK5
O75995	244	R	C	A0A0G2K960
O75995	244	R	C	A0A0G2K960
O76062	119	A	V	A0A1X0RY76
O76062	299	T	I	A0A1X0RY76
O76082	20	L	H	S9YCA5
O76082	20	L	H	S9YCA5
O76082	20	L	H	S9YCA5
O76082	144	L	F	S9YCA5
O76082	144	L	F	S9YCA5
O76082	144	L	F	S9YCA5
O76082	144	L	F	S9YCA5
O76082	191	K	N	S9YCA5
O76082	191	K	N	S9YCA5
O76082	191	K	N	S9YCA5
O76082	417	M	V	S9YCA5
O76082	417	M	V	S9YCA5
O76082	417	M	V	S9YCA5
O76082	417	M	V	S9YCA5
O76082	530	M	I	S9YCA5
O76082	530	M	I	S9YCA5
O76082	530	M	I	S9YCA5
O76082	530	M	I	S9YCA5
O76082	549	P	S	S9YCA5
O76082	549	P	S	S9YCA5
O94885	110	Q	E	A0A286ZVI6
O94885	110	Q	E	A0A286ZVI6
O94885	820	R	Q	A0A286ZVI6
O94885	820	R	Q	A0A286ZVI6
O94885	820	R	Q	A0A286ZVI6
O94885	820	R	Q	A0A286ZVI6
O94885	884	Q	R	A0A286ZVI6
O94885	1028	S	R	A0A286ZVI6
O94885	1028	S	R	A0A286ZVI6
O94885	1028	S	R	A0A286ZVI6
O94885	1089	R	Q	A0A286ZVI6
O94885	1089	R	Q	A0A286ZVI6
O94885	1089	R	Q	A0A286ZVI6
O94885	1229	R	I	A0A286ZVI6
O94885	1229	R	I	A0A286ZVI6
O94901	68	G	D	A0A2Y9GAD1
O94901	76	G	C	A0A2Y9GAD1
O94901	76	G	A	A0A2Y9GAD1
O94901	76	G	A	A0A2Y9GAD1
O94901	76	G	A	A0A2Y9GAD1
O94901	79	S	G	A0A2Y9GAD1
O94901	79	S	G	A0A2Y9GAD1
O94901	86	R	P	A0A2Y9GAD1
O94901	93	Q	P	A0A2Y9GAD1
O94901	93	Q	P	A0A2Y9GAD1
O94901	118	H	Y	A0A2Y9GAD1
O94901	120	G	S	A0A2Y9GAD1
O94901	120	G	S	A0A2Y9GAD1
O94901	197	V	M	A0A2Y9GAD1
O94901	203	A	V	A0A2Y9GAD1
O94901	203	A	V	A0A2Y9GAD1
O94901	246	W	C	A0A2Y9GAD1
O94901	246	W	C	A0A2Y9GAD1
O94901	295	L	F	A0A2Y9GAD1
O94901	295	L	F	A0A2Y9GAD1
O94901	295	L	F	A0A2Y9GAD1
O94901	378	H	R	A0A2Y9GAD1
O94901	378	H	R	A0A2Y9GAD1
O94901	476	E	K	A0A2Y9GAD1
O94901	527	G	V	A0A2Y9GAD1
O94901	527	G	V	A0A2Y9GAD1
O94901	549	T	M	A0A2Y9GAD1
O94901	549	T	M	A0A2Y9GAD1
O94901	587	A	V	A0A2Y9GAD1
O94901	587	A	V	A0A2Y9GAD1
O94901	705	N	S	A0A2Y9GAD1
O94901	705	N	S	A0A2Y9GAD1
O94901	715	V	I	A0A2Y9GAD1
O94901	715	V	I	A0A2Y9GAD1
O94901	733	T	M	A0A2Y9GAD1
O94901	733	T	M	A0A2Y9GAD1
O94901	746	A	V	A0A2Y9GAD1
O94901	746	A	V	A0A2Y9GAD1
O94901	751	D	N	A0A2Y9GAD1
O94901	751	D	N	A0A2Y9GAD1
O94901	751	D	N	A0A2Y9GAD1
O94901	761	R	Q	A0A2Y9GAD1
O94911	12	T	S	D3ZCF8
O94911	251	M	I	D3ZCF8
O94911	251	M	I	D3ZCF8
O94911	253	A	G	D3ZCF8
O94911	256	T	A	D3ZCF8
O94911	416	A	V	D3ZCF8
O94911	501	D	N	D3ZCF8
O94911	1225	G	E	D3ZCF8
O94911	1225	G	E	D3ZCF8
O94911	1470	G	S	D3ZCF8
O95050	28	D	N	A0A1U7SYP5
O95050	114	A	T	A0A1U7SYP5
O95050	114	A	T	A0A1U7SYP5
O95050	205	M	V	A0A1U7SYP5
O95050	219	E	G	A0A1U7SYP5
O95050	246	N	S	A0A1U7SYP5
O95050	254	F	C	A0A1U7SYP5
O95050	258	R	H	A0A1U7SYP5
O95081	39	C	S	A0A1W7RGT8
O95081	197	V	I	A0A1W7RGT8
O95081	349	M	T	A0A1W7RGT8
O95125	154	V	A	F6XAK9
O95125	154	V	A	F6XAK9
O95125	154	V	A	F6XAK9
O95140	17	N	D	A0A1B6EQB9
O95140	69	V	I	A0A1B6EQB9
O95140	298	G	R	A0A1B6EQB9
O95140	298	G	R	A0A1B6EQB9
O95140	298	G	R	A0A1B6EQB9
O95140	298	G	R	A0A1B6EQB9
O95140	298	G	R	A0A1B6EQB9
O95140	298	G	R	A0A1B6EQB9
O95140	298	G	R	A0A1B6EQB9
O95140	298	G	R	A0A1B6EQB9
O95140	298	G	R	A0A1B6EQB9
O95140	393	M	I	A0A1B6EQB9
O95140	393	M	I	A0A1B6EQB9
O95140	393	M	I	A0A1B6EQB9
O95140	393	M	I	A0A1B6EQB9
O95140	393	M	I	A0A1B6EQB9
O95140	393	M	I	A0A1B6EQB9
O95140	484	T	M	A0A1B6EQB9
O95140	676	V	I	A0A1B6EQB9
O95140	676	V	I	A0A1B6EQB9
O95140	705	V	I	A0A1B6EQB9
O95140	705	V	I	A0A1B6EQB9
O95140	705	V	I	A0A1B6EQB9
O95140	705	V	I	A0A1B6EQB9
O95140	705	V	I	A0A1B6EQB9
O95140	705	V	I	A0A1B6EQB9
O95140	705	V	I	A0A1B6EQB9
O95140	17	N	D	A0A1B6EQB9
O95140	69	V	I	A0A1B6EQB9
O95140	298	G	R	A0A1B6EQB9
O95140	298	G	R	A0A1B6EQB9
O95140	298	G	R	A0A1B6EQB9
O95140	298	G	R	A0A1B6EQB9
O95140	298	G	R	A0A1B6EQB9
O95140	298	G	R	A0A1B6EQB9
O95140	298	G	R	A0A1B6EQB9
O95140	298	G	R	A0A1B6EQB9
O95140	298	G	R	A0A1B6EQB9
O95140	393	M	I	A0A1B6EQB9
O95140	393	M	I	A0A1B6EQB9
O95140	393	M	I	A0A1B6EQB9
O95140	393	M	I	A0A1B6EQB9
O95140	393	M	I	A0A1B6EQB9
O95140	393	M	I	A0A1B6EQB9
O95140	484	T	M	A0A1B6EQB9
O95140	676	V	I	A0A1B6EQB9
O95140	676	V	I	A0A1B6EQB9
O95140	705	V	I	A0A1B6EQB9
O95140	705	V	I	A0A1B6EQB9
O95140	705	V	I	A0A1B6EQB9
O95140	705	V	I	A0A1B6EQB9
O95140	705	V	I	A0A1B6EQB9
O95140	705	V	I	A0A1B6EQB9
O95140	705	V	I	A0A1B6EQB9
O95140	17	N	D	A0A1B6EQB9
O95140	69	V	I	A0A1B6EQB9
O95140	298	G	R	A0A1B6EQB9
O95140	298	G	R	A0A1B6EQB9
O95140	298	G	R	A0A1B6EQB9
O95140	298	G	R	A0A1B6EQB9
O95140	298	G	R	A0A1B6EQB9
O95140	298	G	R	A0A1B6EQB9
O95140	298	G	R	A0A1B6EQB9
O95140	298	G	R	A0A1B6EQB9
O95140	298	G	R	A0A1B6EQB9
O95140	393	M	I	A0A1B6EQB9
O95140	393	M	I	A0A1B6EQB9
O95140	393	M	I	A0A1B6EQB9
O95140	393	M	I	A0A1B6EQB9
O95140	393	M	I	A0A1B6EQB9
O95140	393	M	I	A0A1B6EQB9
O95140	484	T	M	A0A1B6EQB9
O95140	676	V	I	A0A1B6EQB9
O95140	676	V	I	A0A1B6EQB9
O95140	705	V	I	A0A1B6EQB9
O95140	705	V	I	A0A1B6EQB9
O95140	705	V	I	A0A1B6EQB9
O95140	705	V	I	A0A1B6EQB9
O95140	705	V	I	A0A1B6EQB9
O95140	705	V	I	A0A1B6EQB9
O95140	705	V	I	A0A1B6EQB9
O95140	17	N	D	A0A1B6EQB9
O95140	69	V	I	A0A1B6EQB9
O95140	298	G	R	A0A1B6EQB9
O95140	298	G	R	A0A1B6EQB9
O95140	298	G	R	A0A1B6EQB9
O95140	298	G	R	A0A1B6EQB9
O95140	298	G	R	A0A1B6EQB9
O95140	298	G	R	A0A1B6EQB9
O95140	298	G	R	A0A1B6EQB9
O95140	298	G	R	A0A1B6EQB9
O95140	298	G	R	A0A1B6EQB9
O95140	393	M	I	A0A1B6EQB9
O95140	393	M	I	A0A1B6EQB9
O95140	393	M	I	A0A1B6EQB9
O95140	393	M	I	A0A1B6EQB9
O95140	393	M	I	A0A1B6EQB9
O95140	393	M	I	A0A1B6EQB9
O95140	484	T	M	A0A1B6EQB9
O95140	676	V	I	A0A1B6EQB9
O95140	676	V	I	A0A1B6EQB9
O95140	705	V	I	A0A1B6EQB9
O95140	705	V	I	A0A1B6EQB9
O95140	705	V	I	A0A1B6EQB9
O95140	705	V	I	A0A1B6EQB9
O95140	705	V	I	A0A1B6EQB9
O95140	705	V	I	A0A1B6EQB9
O95140	705	V	I	A0A1B6EQB9
O95140	17	N	D	A0A1B6EQB9
O95140	69	V	I	A0A1B6EQB9
O95140	298	G	R	A0A1B6EQB9
O95140	298	G	R	A0A1B6EQB9
O95140	298	G	R	A0A1B6EQB9
O95140	298	G	R	A0A1B6EQB9
O95140	298	G	R	A0A1B6EQB9
O95140	298	G	R	A0A1B6EQB9
O95140	298	G	R	A0A1B6EQB9
O95140	298	G	R	A0A1B6EQB9
O95140	298	G	R	A0A1B6EQB9
O95140	393	M	I	A0A1B6EQB9
O95140	393	M	I	A0A1B6EQB9
O95140	393	M	I	A0A1B6EQB9
O95140	393	M	I	A0A1B6EQB9
O95140	393	M	I	A0A1B6EQB9
O95140	393	M	I	A0A1B6EQB9
O95140	484	T	M	A0A1B6EQB9
O95140	676	V	I	A0A1B6EQB9
O95140	676	V	I	A0A1B6EQB9
O95140	705	V	I	A0A1B6EQB9
O95140	705	V	I	A0A1B6EQB9
O95140	705	V	I	A0A1B6EQB9
O95140	705	V	I	A0A1B6EQB9
O95140	705	V	I	A0A1B6EQB9
O95140	705	V	I	A0A1B6EQB9
O95140	705	V	I	A0A1B6EQB9
O95140	17	N	D	A0A1B6EQB9
O95140	69	V	I	A0A1B6EQB9
O95140	298	G	R	A0A1B6EQB9
O95140	298	G	R	A0A1B6EQB9
O95140	298	G	R	A0A1B6EQB9
O95140	298	G	R	A0A1B6EQB9
O95140	298	G	R	A0A1B6EQB9
O95140	298	G	R	A0A1B6EQB9
O95140	298	G	R	A0A1B6EQB9
O95140	298	G	R	A0A1B6EQB9
O95140	298	G	R	A0A1B6EQB9
O95140	393	M	I	A0A1B6EQB9
O95140	393	M	I	A0A1B6EQB9
O95140	393	M	I	A0A1B6EQB9
O95140	393	M	I	A0A1B6EQB9
O95140	393	M	I	A0A1B6EQB9
O95140	393	M	I	A0A1B6EQB9
O95140	484	T	M	A0A1B6EQB9
O95140	676	V	I	A0A1B6EQB9
O95140	676	V	I	A0A1B6EQB9
O95140	705	V	I	A0A1B6EQB9
O95140	705	V	I	A0A1B6EQB9
O95140	705	V	I	A0A1B6EQB9
O95140	705	V	I	A0A1B6EQB9
O95140	705	V	I	A0A1B6EQB9
O95140	705	V	I	A0A1B6EQB9
O95140	705	V	I	A0A1B6EQB9
O95140	17	N	D	A0A1B6EQB9
O95140	69	V	I	A0A1B6EQB9
O95140	298	G	R	A0A1B6EQB9
O95140	298	G	R	A0A1B6EQB9
O95140	298	G	R	A0A1B6EQB9
O95140	298	G	R	A0A1B6EQB9
O95140	298	G	R	A0A1B6EQB9
O95140	298	G	R	A0A1B6EQB9
O95140	298	G	R	A0A1B6EQB9
O95140	298	G	R	A0A1B6EQB9
O95140	298	G	R	A0A1B6EQB9
O95140	393	M	I	A0A1B6EQB9
O95140	393	M	I	A0A1B6EQB9
O95140	393	M	I	A0A1B6EQB9
O95140	393	M	I	A0A1B6EQB9
O95140	393	M	I	A0A1B6EQB9
O95140	393	M	I	A0A1B6EQB9
O95140	484	T	M	A0A1B6EQB9
O95140	676	V	I	A0A1B6EQB9
O95140	676	V	I	A0A1B6EQB9
O95140	705	V	I	A0A1B6EQB9
O95140	705	V	I	A0A1B6EQB9
O95140	705	V	I	A0A1B6EQB9
O95140	705	V	I	A0A1B6EQB9
O95140	705	V	I	A0A1B6EQB9
O95140	705	V	I	A0A1B6EQB9
O95140	705	V	I	A0A1B6EQB9
O95140	17	N	D	A0A1B6EQB9
O95140	69	V	I	A0A1B6EQB9
O95140	298	G	R	A0A1B6EQB9
O95140	298	G	R	A0A1B6EQB9
O95140	298	G	R	A0A1B6EQB9
O95140	298	G	R	A0A1B6EQB9
O95140	298	G	R	A0A1B6EQB9
O95140	298	G	R	A0A1B6EQB9
O95140	298	G	R	A0A1B6EQB9
O95140	298	G	R	A0A1B6EQB9
O95140	298	G	R	A0A1B6EQB9
O95140	393	M	I	A0A1B6EQB9
O95140	393	M	I	A0A1B6EQB9
O95140	393	M	I	A0A1B6EQB9
O95140	393	M	I	A0A1B6EQB9
O95140	393	M	I	A0A1B6EQB9
O95140	393	M	I	A0A1B6EQB9
O95140	484	T	M	A0A1B6EQB9
O95140	676	V	I	A0A1B6EQB9
O95140	676	V	I	A0A1B6EQB9
O95140	705	V	I	A0A1B6EQB9
O95140	705	V	I	A0A1B6EQB9
O95140	705	V	I	A0A1B6EQB9
O95140	705	V	I	A0A1B6EQB9
O95140	705	V	I	A0A1B6EQB9
O95140	705	V	I	A0A1B6EQB9
O95140	705	V	I	A0A1B6EQB9
O95140	17	N	D	A0A1B6EQB9
O95140	69	V	I	A0A1B6EQB9
O95140	298	G	R	A0A1B6EQB9
O95140	298	G	R	A0A1B6EQB9
O95140	298	G	R	A0A1B6EQB9
O95140	298	G	R	A0A1B6EQB9
O95140	298	G	R	A0A1B6EQB9
O95140	298	G	R	A0A1B6EQB9
O95140	298	G	R	A0A1B6EQB9
O95140	298	G	R	A0A1B6EQB9
O95140	298	G	R	A0A1B6EQB9
O95140	393	M	I	A0A1B6EQB9
O95140	393	M	I	A0A1B6EQB9
O95140	393	M	I	A0A1B6EQB9
O95140	393	M	I	A0A1B6EQB9
O95140	393	M	I	A0A1B6EQB9
O95140	393	M	I	A0A1B6EQB9
O95140	484	T	M	A0A1B6EQB9
O95140	676	V	I	A0A1B6EQB9
O95140	676	V	I	A0A1B6EQB9
O95140	705	V	I	A0A1B6EQB9
O95140	705	V	I	A0A1B6EQB9
O95140	705	V	I	A0A1B6EQB9
O95140	705	V	I	A0A1B6EQB9
O95140	705	V	I	A0A1B6EQB9
O95140	705	V	I	A0A1B6EQB9
O95140	705	V	I	A0A1B6EQB9
O95140	17	N	D	A0A1B6EQB9
O95140	69	V	I	A0A1B6EQB9
O95140	298	G	R	A0A1B6EQB9
O95140	298	G	R	A0A1B6EQB9
O95140	298	G	R	A0A1B6EQB9
O95140	298	G	R	A0A1B6EQB9
O95140	298	G	R	A0A1B6EQB9
O95140	298	G	R	A0A1B6EQB9
O95140	298	G	R	A0A1B6EQB9
O95140	298	G	R	A0A1B6EQB9
O95140	298	G	R	A0A1B6EQB9
O95140	393	M	I	A0A1B6EQB9
O95140	393	M	I	A0A1B6EQB9
O95140	393	M	I	A0A1B6EQB9
O95140	393	M	I	A0A1B6EQB9
O95140	393	M	I	A0A1B6EQB9
O95140	393	M	I	A0A1B6EQB9
O95140	484	T	M	A0A1B6EQB9
O95140	676	V	I	A0A1B6EQB9
O95140	676	V	I	A0A1B6EQB9
O95140	705	V	I	A0A1B6EQB9
O95140	705	V	I	A0A1B6EQB9
O95140	705	V	I	A0A1B6EQB9
O95140	705	V	I	A0A1B6EQB9
O95140	705	V	I	A0A1B6EQB9
O95140	705	V	I	A0A1B6EQB9
O95140	705	V	I	A0A1B6EQB9
O95180	5	A	T	G3HBW3
O95180	74	A	V	G3HBW3
O95180	74	A	V	G3HBW3
O95180	74	A	V	G3HBW3
O95180	105	V	G	G3HBW3
O95180	105	V	G	G3HBW3
O95180	129	G	S	G3HBW3
O95180	129	G	S	G3HBW3
O95180	129	G	S	G3HBW3
O95180	141	A	T	G3HBW3
O95180	163	Q	H	G3HBW3
O95180	163	Q	H	G3HBW3
O95180	163	Q	H	G3HBW3
O95180	163	Q	H	G3HBW3
O95180	270	N	T	G3HBW3
O95180	270	N	T	G3HBW3
O95180	273	T	S	G3HBW3
O95180	273	T	S	G3HBW3
O95180	276	R	Q	G3HBW3
O95180	276	R	Q	G3HBW3
O95180	313	M	V	G3HBW3
O95180	313	M	V	G3HBW3
O95180	313	M	V	G3HBW3
O95180	330	V	M	G3HBW3
O95180	332	A	T	G3HBW3
O95180	332	A	T	G3HBW3
O95180	332	A	T	G3HBW3
O95180	332	A	T	G3HBW3
O95180	397	I	V	G3HBW3
O95180	397	I	V	G3HBW3
O95180	437	R	Q	G3HBW3
O95180	487	R	H	G3HBW3
O95180	499	G	S	G3HBW3
O95180	499	G	S	G3HBW3
O95180	499	G	S	G3HBW3
O95180	499	G	S	G3HBW3
O95180	501	G	E	G3HBW3
O95180	501	G	E	G3HBW3
O95180	503	R	H	G3HBW3
O95180	503	R	H	G3HBW3
O95180	505	R	C	G3HBW3
O95180	505	R	C	G3HBW3
O95180	505	R	C	G3HBW3
O95180	505	R	C	G3HBW3
O95180	515	H	Y	G3HBW3
O95180	515	H	Y	G3HBW3
O95180	552	R	Q	G3HBW3
O95180	552	R	Q	G3HBW3
O95180	552	R	Q	G3HBW3
O95180	555	A	V	G3HBW3
O95180	555	A	V	G3HBW3
O95180	555	A	V	G3HBW3
O95180	562	P	A	G3HBW3
O95180	562	P	A	G3HBW3
O95180	568	D	N	G3HBW3
O95180	568	D	N	G3HBW3
O95180	568	D	N	G3HBW3
O95180	568	D	N	G3HBW3
O95180	579	D	N	G3HBW3
O95180	579	D	N	G3HBW3
O95180	585	P	L	G3HBW3
O95180	585	P	L	G3HBW3
O95180	585	P	L	G3HBW3
O95180	585	P	L	G3HBW3
O95180	590	R	Q	G3HBW3
O95180	610	T	A	G3HBW3
O95180	610	T	A	G3HBW3
O95180	610	T	A	G3HBW3
O95180	640	P	L	G3HBW3
O95180	640	P	L	G3HBW3
O95180	640	P	L	G3HBW3
O95180	656	P	S	G3HBW3
O95180	656	P	S	G3HBW3
O95180	656	P	S	G3HBW3
O95180	664	V	A	G3HBW3
O95180	664	V	A	G3HBW3
O95180	664	V	A	G3HBW3
O95180	664	V	A	G3HBW3
O95180	677	S	L	G3HBW3
O95180	677	S	L	G3HBW3
O95180	680	S	N	G3HBW3
O95180	686	P	L	G3HBW3
O95180	686	P	L	G3HBW3
O95180	686	P	L	G3HBW3
O95180	705	R	H	G3HBW3
O95180	716	G	S	G3HBW3
O95180	718	E	G	G3HBW3
O95180	718	E	A	G3HBW3
O95180	718	E	G	G3HBW3
O95180	718	E	A	G3HBW3
O95180	718	E	G	G3HBW3
O95180	735	R	W	G3HBW3
O95180	739	R	H	G3HBW3
O95180	752	P	L	G3HBW3
O95180	752	P	L	G3HBW3
O95180	757	G	R	G3HBW3
O95180	757	G	R	G3HBW3
O95180	757	G	R	G3HBW3
O95180	765	Q	R	G3HBW3
O95180	765	Q	R	G3HBW3
O95180	766	R	W	G3HBW3
O95180	766	R	W	G3HBW3
O95180	773	G	D	G3HBW3
O95180	773	G	D	G3HBW3
O95180	773	G	D	G3HBW3
O95180	773	G	D	G3HBW3
O95180	780	V	F	G3HBW3
O95180	780	V	F	G3HBW3
O95180	781	T	I	G3HBW3
O95180	781	T	N	G3HBW3
O95180	781	T	N	G3HBW3
O95180	781	T	I	G3HBW3
O95180	785	K	M	G3HBW3
O95180	785	K	M	G3HBW3
O95180	785	K	M	G3HBW3
O95180	788	R	C	G3HBW3
O95180	788	R	C	G3HBW3
O95180	788	R	H	G3HBW3
O95180	788	R	C	G3HBW3
O95180	788	R	C	G3HBW3
O95180	788	R	C	G3HBW3
O95180	790	V	M	G3HBW3
O95180	790	V	M	G3HBW3
O95180	790	V	M	G3HBW3
O95180	812	V	M	G3HBW3
O95180	812	V	M	G3HBW3
O95180	849	P	L	G3HBW3
O95180	849	P	L	G3HBW3
O95180	854	R	Q	G3HBW3
O95180	854	R	Q	G3HBW3
O95180	920	T	M	G3HBW3
O95180	920	T	M	G3HBW3
O95180	920	T	M	G3HBW3
O95180	920	T	M	G3HBW3
O95180	1031	E	K	G3HBW3
O95180	1031	E	K	G3HBW3
O95180	1039	E	K	G3HBW3
O95180	1039	E	K	G3HBW3
O95180	1039	E	K	G3HBW3
O95180	1049	Q	H	G3HBW3
O95180	1049	Q	H	G3HBW3
O95180	1055	M	V	G3HBW3
O95180	1055	M	V	G3HBW3
O95180	1055	M	V	G3HBW3
O95180	1059	A	S	G3HBW3
O95180	1059	A	S	G3HBW3
O95180	1059	A	S	G3HBW3
O95180	1069	R	Q	G3HBW3
O95180	1069	R	Q	G3HBW3
O95180	1069	R	Q	G3HBW3
O95180	1095	D	N	G3HBW3
O95180	1095	D	N	G3HBW3
O95180	1095	D	N	G3HBW3
O95180	1105	R	C	G3HBW3
O95180	1111	G	R	G3HBW3
O95180	1111	G	R	G3HBW3
O95180	1121	P	L	G3HBW3
O95180	1147	S	G	G3HBW3
O95180	1147	S	G	G3HBW3
O95180	1147	S	G	G3HBW3
O95180	1205	R	Q	G3HBW3
O95180	1206	P	L	G3HBW3
O95180	1206	P	L	G3HBW3
O95180	1208	A	T	G3HBW3
O95180	1208	A	T	G3HBW3
O95180	1208	A	T	G3HBW3
O95180	1210	P	L	G3HBW3
O95180	1210	P	L	G3HBW3
O95180	1215	R	H	G3HBW3
O95180	1217	R	C	G3HBW3
O95180	1220	Q	R	G3HBW3
O95180	1236	R	H	G3HBW3
O95180	1236	R	H	G3HBW3
O95180	1236	R	H	G3HBW3
O95180	1260	P	A	G3HBW3
O95180	1264	Q	H	G3HBW3
O95180	1264	Q	H	G3HBW3
O95180	1309	V	I	G3HBW3
O95180	1309	V	I	G3HBW3
O95180	1309	V	I	G3HBW3
O95180	1309	V	I	G3HBW3
O95180	1460	E	K	G3HBW3
O95180	1460	E	K	G3HBW3
O95180	1463	D	N	G3HBW3
O95180	1463	D	N	G3HBW3
O95180	1465	R	K	G3HBW3
O95180	1482	R	Q	G3HBW3
O95180	1519	V	I	G3HBW3
O95180	1519	V	I	G3HBW3
O95180	1541	I	V	G3HBW3
O95180	1572	R	W	G3HBW3
O95180	1572	R	W	G3HBW3
O95180	1572	R	W	G3HBW3
O95180	1572	R	W	G3HBW3
O95180	1591	S	R	G3HBW3
O95180	1594	A	S	G3HBW3
O95180	1594	A	S	G3HBW3
O95180	1594	A	V	G3HBW3
O95180	1594	A	V	G3HBW3
O95180	1597	R	Q	G3HBW3
O95180	1597	R	Q	G3HBW3
O95180	1606	T	M	G3HBW3
O95180	1606	T	M	G3HBW3
O95180	1606	T	M	G3HBW3
O95180	1606	T	M	G3HBW3
O95180	1606	T	M	G3HBW3
O95180	1674	R	H	G3HBW3
O95180	1705	A	T	G3HBW3
O95180	1705	A	T	G3HBW3
O95180	1705	A	T	G3HBW3
O95180	1706	A	T	G3HBW3
O95180	1737	A	T	G3HBW3
O95180	1737	A	T	G3HBW3
O95180	1793	N	S	G3HBW3
O95180	1793	N	S	G3HBW3
O95180	1793	N	S	G3HBW3
O95180	1870	A	T	G3HBW3
O95180	1870	A	T	G3HBW3
O95180	1870	A	T	G3HBW3
O95180	1870	A	T	G3HBW3
O95180	1871	R	Q	G3HBW3
O95180	1871	R	Q	G3HBW3
O95180	1871	R	Q	G3HBW3
O95180	1874	A	V	G3HBW3
O95180	1874	A	V	G3HBW3
O95180	1892	R	H	G3HBW3
O95180	1892	R	L	G3HBW3
O95180	1892	R	L	G3HBW3
O95180	1892	R	L	G3HBW3
O95180	1893	R	Q	G3HBW3
O95180	1899	P	L	G3HBW3
O95180	1899	P	L	G3HBW3
O95180	1917	R	C	G3HBW3
O95180	1917	R	C	G3HBW3
O95180	1942	A	V	G3HBW3
O95180	1942	A	V	G3HBW3
O95180	1946	R	C	G3HBW3
O95180	1947	P	L	G3HBW3
O95180	1947	P	L	G3HBW3
O95180	1947	P	L	G3HBW3
O95180	1951	V	E	G3HBW3
O95180	1966	A	V	G3HBW3
O95180	1966	A	V	G3HBW3
O95180	1966	A	V	G3HBW3
O95180	1966	A	V	G3HBW3
O95180	1966	A	V	G3HBW3
O95180	1971	P	L	G3HBW3
O95180	1974	E	G	G3HBW3
O95180	1974	E	G	G3HBW3
O95180	1974	E	G	G3HBW3
O95180	1974	E	G	G3HBW3
O95180	1975	S	F	G3HBW3
O95180	1975	S	F	G3HBW3
O95180	1975	S	F	G3HBW3
O95180	1995	L	F	G3HBW3
O95180	1995	L	F	G3HBW3
O95180	1997	A	T	G3HBW3
O95180	1997	A	T	G3HBW3
O95180	2001	R	L	G3HBW3
O95180	2001	R	Q	G3HBW3
O95180	2005	R	C	G3HBW3
O95180	2005	R	C	G3HBW3
O95180	2040	P	L	G3HBW3
O95180	2040	P	L	G3HBW3
O95180	2040	P	L	G3HBW3
O95180	2060	R	H	G3HBW3
O95180	2060	R	H	G3HBW3
O95180	2060	R	H	G3HBW3
O95180	2060	R	H	G3HBW3
O95180	2077	R	H	G3HBW3
O95180	2077	R	H	G3HBW3
O95180	2077	R	H	G3HBW3
O95180	2077	R	H	G3HBW3
O95180	2077	R	H	G3HBW3
O95180	2079	V	I	G3HBW3
O95180	2079	V	I	G3HBW3
O95180	2084	A	V	G3HBW3
O95180	2087	G	V	G3HBW3
O95180	2087	G	V	G3HBW3
O95180	2108	A	T	G3HBW3
O95180	2108	A	T	G3HBW3
O95180	2108	A	T	G3HBW3
O95180	2108	A	T	G3HBW3
O95180	2110	P	S	G3HBW3
O95180	2121	E	K	G3HBW3
O95180	2124	P	L	G3HBW3
O95180	2124	P	L	G3HBW3
O95180	2124	P	L	G3HBW3
O95180	2138	V	M	G3HBW3
O95180	2140	A	T	G3HBW3
O95180	2140	A	T	G3HBW3
O95180	2154	W	R	G3HBW3
O95180	2154	W	R	G3HBW3
O95180	2155	R	Q	G3HBW3
O95180	2173	P	S	G3HBW3
O95180	2173	P	S	G3HBW3
O95180	2173	P	S	G3HBW3
O95180	2182	R	H	G3HBW3
O95180	2182	R	H	G3HBW3
O95180	2182	R	H	G3HBW3
O95180	2202	G	D	G3HBW3
O95180	2202	G	D	G3HBW3
O95180	2208	A	T	G3HBW3
O95180	2208	A	T	G3HBW3
O95180	2208	A	T	G3HBW3
O95180	2218	R	H	G3HBW3
O95180	2218	R	H	G3HBW3
O95180	2218	R	H	G3HBW3
O95180	2240	A	T	G3HBW3
O95180	2240	A	T	G3HBW3
O95180	2241	G	R	G3HBW3
O95180	2243	D	E	G3HBW3
O95180	2283	D	G	G3HBW3
O95180	2291	E	K	G3HBW3
O95180	2291	E	K	G3HBW3
O95180	2302	P	L	G3HBW3
O95180	2306	P	A	G3HBW3
O95180	2306	P	A	G3HBW3
O95180	2312	M	V	G3HBW3
O95180	2312	M	V	G3HBW3
O95180	2312	M	V	G3HBW3
O95180	2315	G	S	G3HBW3
O95180	2315	G	S	G3HBW3
O95180	2353	V	M	G3HBW3
O95259	82	K	R	R4GA28
O95259	82	K	R	R4GA28
O95259	84	R	W	R4GA28
O95259	277	A	S	R4GA28
O95259	715	R	H	R4GA28
O95259	720	R	C	R4GA28
O95259	721	M	T	R4GA28
O95259	755	E	D	R4GA28
O95259	755	E	D	R4GA28
O95259	759	R	Q	R4GA28
O95259	759	R	Q	R4GA28
O95259	759	R	W	R4GA28
O95259	776	A	G	R4GA28
O95259	778	A	T	R4GA28
O95259	783	V	M	R4GA28
O95259	789	T	I	R4GA28
O95259	791	R	H	R4GA28
O95259	807	G	R	R4GA28
O95259	812	A	T	R4GA28
O95259	812	A	T	R4GA28
O95259	819	S	T	R4GA28
O95259	819	S	T	R4GA28
O95259	821	C	Y	R4GA28
O95259	826	G	V	R4GA28
O95259	845	G	R	R4GA28
O95259	894	V	M	R4GA28
O95259	921	T	M	R4GA28
O95259	923	Q	P	R4GA28
O95259	923	Q	P	R4GA28
O95259	923	Q	P	R4GA28
O95259	927	L	V	R4GA28
O95259	974	S	L	R4GA28
O95259	981	S	A	R4GA28
O95259	988	A	S	R4GA28
O95259	988	A	G	R4GA28
O95259	988	A	S	R4GA28
O95260	167	L	F	G3IES1
O95292	130	D	E	W5M365
O95292	130	D	E	W5M365
O95292	130	D	E	W5M365
O95292	130	D	E	W5M365
O95292	130	D	E	W5M365
O95292	130	D	E	W5M365
O95292	130	D	E	W5M365
O95292	162	D	E	W5M365
O95292	166	V	I	W5M365
O95292	166	V	I	W5M365
O95292	170	M	I	W5M365
O95292	170	M	I	W5M365
O95292	170	M	I	W5M365
O95292	170	M	I	W5M365
O95292	170	M	I	W5M365
O95292	170	M	I	W5M365
O95298	46	L	V	A0A1D5RHW4
O95394	17	N	S	A0A0Q3P619
O95394	17	N	S	A0A0Q3P619
O95394	117	L	M	A0A0Q3P619
O95394	117	L	M	A0A0Q3P619
O95394	156	L	F	A0A0Q3P619
O95394	156	L	F	A0A0Q3P619
O95394	392	E	Q	A0A0Q3P619
O95394	392	E	Q	A0A0Q3P619
O95394	392	E	Q	A0A0Q3P619
O95394	466	D	N	A0A0Q3P619
O95394	466	D	N	A0A0Q3P619
O95394	466	D	N	A0A0Q3P619
O95394	17	N	S	A0A0Q3P619
O95394	17	N	S	A0A0Q3P619
O95394	117	L	M	A0A0Q3P619
O95394	117	L	M	A0A0Q3P619
O95394	156	L	F	A0A0Q3P619
O95394	156	L	F	A0A0Q3P619
O95394	392	E	Q	A0A0Q3P619
O95394	392	E	Q	A0A0Q3P619
O95394	392	E	Q	A0A0Q3P619
O95394	466	D	N	A0A0Q3P619
O95394	466	D	N	A0A0Q3P619
O95394	466	D	N	A0A0Q3P619
O95394	17	N	S	A0A0Q3P619
O95394	17	N	S	A0A0Q3P619
O95394	117	L	M	A0A0Q3P619
O95394	117	L	M	A0A0Q3P619
O95394	156	L	F	A0A0Q3P619
O95394	156	L	F	A0A0Q3P619
O95394	392	E	Q	A0A0Q3P619
O95394	392	E	Q	A0A0Q3P619
O95394	392	E	Q	A0A0Q3P619
O95394	466	D	N	A0A0Q3P619
O95394	466	D	N	A0A0Q3P619
O95394	466	D	N	A0A0Q3P619
O95436	45	V	A	M1V485
O95436	45	V	A	M1V485
O95436	281	K	E	M1V485
O95436	281	K	E	M1V485
O95436	312	I	M	M1V485
O95436	312	I	M	M1V485
O95436	325	P	L	M1V485
O95436	330	T	M	M1V485
O95436	414	L	F	M1V485
O95436	414	L	F	M1V485
O95436	513	R	G	M1V485
O95436	513	R	G	M1V485
O95436	634	D	G	M1V485
O95436	634	D	G	M1V485
O95436	634	D	G	M1V485
O95436	634	D	G	M1V485
O95452	7	H	Y	Q6GQC4
O95452	113	N	K	Q6GQC4
O95452	113	N	K	Q6GQC4
O95452	113	N	K	Q6GQC4
O95452	113	N	K	Q6GQC4
O95452	113	N	K	Q6GQC4
O95452	120	D	N	Q6GQC4
O95452	120	D	N	Q6GQC4
O95452	120	D	N	Q6GQC4
O95452	120	D	N	Q6GQC4
O95452	159	N	S	Q6GQC4
O95452	159	N	S	Q6GQC4
O95452	159	N	S	Q6GQC4
O95452	159	N	S	Q6GQC4
O95452	159	N	S	Q6GQC4
O95452	199	S	T	Q6GQC4
O95452	199	S	T	Q6GQC4
O95452	199	S	T	Q6GQC4
O95452	199	S	T	Q6GQC4
O95452	199	S	T	Q6GQC4
O95452	203	M	V	Q6GQC4
O95452	203	M	V	Q6GQC4
O95452	203	M	V	Q6GQC4
O95452	203	M	V	Q6GQC4
O95452	7	H	Y	Q6GQC4
O95452	113	N	K	Q6GQC4
O95452	113	N	K	Q6GQC4
O95452	113	N	K	Q6GQC4
O95452	113	N	K	Q6GQC4
O95452	113	N	K	Q6GQC4
O95452	120	D	N	Q6GQC4
O95452	120	D	N	Q6GQC4
O95452	120	D	N	Q6GQC4
O95452	120	D	N	Q6GQC4
O95452	159	N	S	Q6GQC4
O95452	159	N	S	Q6GQC4
O95452	159	N	S	Q6GQC4
O95452	159	N	S	Q6GQC4
O95452	159	N	S	Q6GQC4
O95452	199	S	T	Q6GQC4
O95452	199	S	T	Q6GQC4
O95452	199	S	T	Q6GQC4
O95452	199	S	T	Q6GQC4
O95452	199	S	T	Q6GQC4
O95452	203	M	V	Q6GQC4
O95452	203	M	V	Q6GQC4
O95452	203	M	V	Q6GQC4
O95452	203	M	V	Q6GQC4
O95452	7	H	Y	Q6GQC4
O95452	113	N	K	Q6GQC4
O95452	113	N	K	Q6GQC4
O95452	113	N	K	Q6GQC4
O95452	113	N	K	Q6GQC4
O95452	113	N	K	Q6GQC4
O95452	120	D	N	Q6GQC4
O95452	120	D	N	Q6GQC4
O95452	120	D	N	Q6GQC4
O95452	120	D	N	Q6GQC4
O95452	159	N	S	Q6GQC4
O95452	159	N	S	Q6GQC4
O95452	159	N	S	Q6GQC4
O95452	159	N	S	Q6GQC4
O95452	159	N	S	Q6GQC4
O95452	199	S	T	Q6GQC4
O95452	199	S	T	Q6GQC4
O95452	199	S	T	Q6GQC4
O95452	199	S	T	Q6GQC4
O95452	199	S	T	Q6GQC4
O95452	203	M	V	Q6GQC4
O95452	203	M	V	Q6GQC4
O95452	203	M	V	Q6GQC4
O95452	203	M	V	Q6GQC4
O95452	7	H	Y	Q6GQC4
O95452	113	N	K	Q6GQC4
O95452	113	N	K	Q6GQC4
O95452	113	N	K	Q6GQC4
O95452	113	N	K	Q6GQC4
O95452	113	N	K	Q6GQC4
O95452	120	D	N	Q6GQC4
O95452	120	D	N	Q6GQC4
O95452	120	D	N	Q6GQC4
O95452	120	D	N	Q6GQC4
O95452	159	N	S	Q6GQC4
O95452	159	N	S	Q6GQC4
O95452	159	N	S	Q6GQC4
O95452	159	N	S	Q6GQC4
O95452	159	N	S	Q6GQC4
O95452	199	S	T	Q6GQC4
O95452	199	S	T	Q6GQC4
O95452	199	S	T	Q6GQC4
O95452	199	S	T	Q6GQC4
O95452	199	S	T	Q6GQC4
O95452	203	M	V	Q6GQC4
O95452	203	M	V	Q6GQC4
O95452	203	M	V	Q6GQC4
O95452	203	M	V	Q6GQC4
O95452	7	H	Y	Q6GQC4
O95452	113	N	K	Q6GQC4
O95452	113	N	K	Q6GQC4
O95452	113	N	K	Q6GQC4
O95452	113	N	K	Q6GQC4
O95452	113	N	K	Q6GQC4
O95452	120	D	N	Q6GQC4
O95452	120	D	N	Q6GQC4
O95452	120	D	N	Q6GQC4
O95452	120	D	N	Q6GQC4
O95452	159	N	S	Q6GQC4
O95452	159	N	S	Q6GQC4
O95452	159	N	S	Q6GQC4
O95452	159	N	S	Q6GQC4
O95452	159	N	S	Q6GQC4
O95452	199	S	T	Q6GQC4
O95452	199	S	T	Q6GQC4
O95452	199	S	T	Q6GQC4
O95452	199	S	T	Q6GQC4
O95452	199	S	T	Q6GQC4
O95452	203	M	V	Q6GQC4
O95452	203	M	V	Q6GQC4
O95452	203	M	V	Q6GQC4
O95452	203	M	V	Q6GQC4
O95452	7	H	Y	Q6GQC4
O95452	113	N	K	Q6GQC4
O95452	113	N	K	Q6GQC4
O95452	113	N	K	Q6GQC4
O95452	113	N	K	Q6GQC4
O95452	113	N	K	Q6GQC4
O95452	120	D	N	Q6GQC4
O95452	120	D	N	Q6GQC4
O95452	120	D	N	Q6GQC4
O95452	120	D	N	Q6GQC4
O95452	159	N	S	Q6GQC4
O95452	159	N	S	Q6GQC4
O95452	159	N	S	Q6GQC4
O95452	159	N	S	Q6GQC4
O95452	159	N	S	Q6GQC4
O95452	199	S	T	Q6GQC4
O95452	199	S	T	Q6GQC4
O95452	199	S	T	Q6GQC4
O95452	199	S	T	Q6GQC4
O95452	199	S	T	Q6GQC4
O95452	203	M	V	Q6GQC4
O95452	203	M	V	Q6GQC4
O95452	203	M	V	Q6GQC4
O95452	203	M	V	Q6GQC4
O95452	7	H	Y	Q6GQC4
O95452	113	N	K	Q6GQC4
O95452	113	N	K	Q6GQC4
O95452	113	N	K	Q6GQC4
O95452	113	N	K	Q6GQC4
O95452	113	N	K	Q6GQC4
O95452	120	D	N	Q6GQC4
O95452	120	D	N	Q6GQC4
O95452	120	D	N	Q6GQC4
O95452	120	D	N	Q6GQC4
O95452	159	N	S	Q6GQC4
O95452	159	N	S	Q6GQC4
O95452	159	N	S	Q6GQC4
O95452	159	N	S	Q6GQC4
O95452	159	N	S	Q6GQC4
O95452	199	S	T	Q6GQC4
O95452	199	S	T	Q6GQC4
O95452	199	S	T	Q6GQC4
O95452	199	S	T	Q6GQC4
O95452	199	S	T	Q6GQC4
O95452	203	M	V	Q6GQC4
O95452	203	M	V	Q6GQC4
O95452	203	M	V	Q6GQC4
O95452	203	M	V	Q6GQC4
O95452	7	H	Y	Q6GQC4
O95452	113	N	K	Q6GQC4
O95452	113	N	K	Q6GQC4
O95452	113	N	K	Q6GQC4
O95452	113	N	K	Q6GQC4
O95452	113	N	K	Q6GQC4
O95452	120	D	N	Q6GQC4
O95452	120	D	N	Q6GQC4
O95452	120	D	N	Q6GQC4
O95452	120	D	N	Q6GQC4
O95452	159	N	S	Q6GQC4
O95452	159	N	S	Q6GQC4
O95452	159	N	S	Q6GQC4
O95452	159	N	S	Q6GQC4
O95452	159	N	S	Q6GQC4
O95452	199	S	T	Q6GQC4
O95452	199	S	T	Q6GQC4
O95452	199	S	T	Q6GQC4
O95452	199	S	T	Q6GQC4
O95452	199	S	T	Q6GQC4
O95452	203	M	V	Q6GQC4
O95452	203	M	V	Q6GQC4
O95452	203	M	V	Q6GQC4
O95452	203	M	V	Q6GQC4
O95452	7	H	Y	Q6GQC4
O95452	113	N	K	Q6GQC4
O95452	113	N	K	Q6GQC4
O95452	113	N	K	Q6GQC4
O95452	113	N	K	Q6GQC4
O95452	113	N	K	Q6GQC4
O95452	120	D	N	Q6GQC4
O95452	120	D	N	Q6GQC4
O95452	120	D	N	Q6GQC4
O95452	120	D	N	Q6GQC4
O95452	159	N	S	Q6GQC4
O95452	159	N	S	Q6GQC4
O95452	159	N	S	Q6GQC4
O95452	159	N	S	Q6GQC4
O95452	159	N	S	Q6GQC4
O95452	199	S	T	Q6GQC4
O95452	199	S	T	Q6GQC4
O95452	199	S	T	Q6GQC4
O95452	199	S	T	Q6GQC4
O95452	199	S	T	Q6GQC4
O95452	203	M	V	Q6GQC4
O95452	203	M	V	Q6GQC4
O95452	203	M	V	Q6GQC4
O95452	203	M	V	Q6GQC4
O95452	7	H	Y	Q6GQC4
O95452	113	N	K	Q6GQC4
O95452	113	N	K	Q6GQC4
O95452	113	N	K	Q6GQC4
O95452	113	N	K	Q6GQC4
O95452	113	N	K	Q6GQC4
O95452	120	D	N	Q6GQC4
O95452	120	D	N	Q6GQC4
O95452	120	D	N	Q6GQC4
O95452	120	D	N	Q6GQC4
O95452	159	N	S	Q6GQC4
O95452	159	N	S	Q6GQC4
O95452	159	N	S	Q6GQC4
O95452	159	N	S	Q6GQC4
O95452	159	N	S	Q6GQC4
O95452	199	S	T	Q6GQC4
O95452	199	S	T	Q6GQC4
O95452	199	S	T	Q6GQC4
O95452	199	S	T	Q6GQC4
O95452	199	S	T	Q6GQC4
O95452	203	M	V	Q6GQC4
O95452	203	M	V	Q6GQC4
O95452	203	M	V	Q6GQC4
O95452	203	M	V	Q6GQC4
O95461	55	T	A	A0A1V4KER1
O95461	55	T	A	A0A1V4KER1
O95461	55	T	A	A0A1V4KER1
O95461	55	T	A	A0A1V4KER1
O95461	55	T	A	A0A1V4KER1
O95461	84	S	T	A0A1V4KER1
O95461	84	S	T	A0A1V4KER1
O95461	84	S	T	A0A1V4KER1
O95461	592	M	I	A0A1V4KER1
O95461	592	M	I	A0A1V4KER1
O95461	592	M	I	A0A1V4KER1
O95461	592	M	I	A0A1V4KER1
O95461	592	M	I	A0A1V4KER1
O95461	650	R	Q	A0A1V4KER1
O95461	650	R	Q	A0A1V4KER1
O95461	650	R	Q	A0A1V4KER1
O95461	650	R	Q	A0A1V4KER1
O95461	650	R	Q	A0A1V4KER1
O95461	665	R	H	A0A1V4KER1
O95461	665	R	H	A0A1V4KER1
O95461	665	R	H	A0A1V4KER1
O95461	665	R	H	A0A1V4KER1
O95461	665	R	H	A0A1V4KER1
O95461	55	T	A	A0A1V4KER1
O95461	55	T	A	A0A1V4KER1
O95461	55	T	A	A0A1V4KER1
O95461	55	T	A	A0A1V4KER1
O95461	55	T	A	A0A1V4KER1
O95461	84	S	T	A0A1V4KER1
O95461	84	S	T	A0A1V4KER1
O95461	84	S	T	A0A1V4KER1
O95461	592	M	I	A0A1V4KER1
O95461	592	M	I	A0A1V4KER1
O95461	592	M	I	A0A1V4KER1
O95461	592	M	I	A0A1V4KER1
O95461	592	M	I	A0A1V4KER1
O95461	650	R	Q	A0A1V4KER1
O95461	650	R	Q	A0A1V4KER1
O95461	650	R	Q	A0A1V4KER1
O95461	650	R	Q	A0A1V4KER1
O95461	650	R	Q	A0A1V4KER1
O95461	665	R	H	A0A1V4KER1
O95461	665	R	H	A0A1V4KER1
O95461	665	R	H	A0A1V4KER1
O95461	665	R	H	A0A1V4KER1
O95461	665	R	H	A0A1V4KER1
O95461	55	T	A	A0A1V4KER1
O95461	55	T	A	A0A1V4KER1
O95461	55	T	A	A0A1V4KER1
O95461	55	T	A	A0A1V4KER1
O95461	55	T	A	A0A1V4KER1
O95461	84	S	T	A0A1V4KER1
O95461	84	S	T	A0A1V4KER1
O95461	84	S	T	A0A1V4KER1
O95461	592	M	I	A0A1V4KER1
O95461	592	M	I	A0A1V4KER1
O95461	592	M	I	A0A1V4KER1
O95461	592	M	I	A0A1V4KER1
O95461	592	M	I	A0A1V4KER1
O95461	650	R	Q	A0A1V4KER1
O95461	650	R	Q	A0A1V4KER1
O95461	650	R	Q	A0A1V4KER1
O95461	650	R	Q	A0A1V4KER1
O95461	650	R	Q	A0A1V4KER1
O95461	665	R	H	A0A1V4KER1
O95461	665	R	H	A0A1V4KER1
O95461	665	R	H	A0A1V4KER1
O95461	665	R	H	A0A1V4KER1
O95461	665	R	H	A0A1V4KER1
O95461	55	T	A	A0A1V4KER1
O95461	55	T	A	A0A1V4KER1
O95461	55	T	A	A0A1V4KER1
O95461	55	T	A	A0A1V4KER1
O95461	55	T	A	A0A1V4KER1
O95461	84	S	T	A0A1V4KER1
O95461	84	S	T	A0A1V4KER1
O95461	84	S	T	A0A1V4KER1
O95461	592	M	I	A0A1V4KER1
O95461	592	M	I	A0A1V4KER1
O95461	592	M	I	A0A1V4KER1
O95461	592	M	I	A0A1V4KER1
O95461	592	M	I	A0A1V4KER1
O95461	650	R	Q	A0A1V4KER1
O95461	650	R	Q	A0A1V4KER1
O95461	650	R	Q	A0A1V4KER1
O95461	650	R	Q	A0A1V4KER1
O95461	650	R	Q	A0A1V4KER1
O95461	665	R	H	A0A1V4KER1
O95461	665	R	H	A0A1V4KER1
O95461	665	R	H	A0A1V4KER1
O95461	665	R	H	A0A1V4KER1
O95461	665	R	H	A0A1V4KER1
O95461	55	T	A	A0A1V4KER1
O95461	55	T	A	A0A1V4KER1
O95461	55	T	A	A0A1V4KER1
O95461	55	T	A	A0A1V4KER1
O95461	55	T	A	A0A1V4KER1
O95461	84	S	T	A0A1V4KER1
O95461	84	S	T	A0A1V4KER1
O95461	84	S	T	A0A1V4KER1
O95461	592	M	I	A0A1V4KER1
O95461	592	M	I	A0A1V4KER1
O95461	592	M	I	A0A1V4KER1
O95461	592	M	I	A0A1V4KER1
O95461	592	M	I	A0A1V4KER1
O95461	650	R	Q	A0A1V4KER1
O95461	650	R	Q	A0A1V4KER1
O95461	650	R	Q	A0A1V4KER1
O95461	650	R	Q	A0A1V4KER1
O95461	650	R	Q	A0A1V4KER1
O95461	665	R	H	A0A1V4KER1
O95461	665	R	H	A0A1V4KER1
O95461	665	R	H	A0A1V4KER1
O95461	665	R	H	A0A1V4KER1
O95461	665	R	H	A0A1V4KER1
O95461	55	T	A	A0A1V4KER1
O95461	55	T	A	A0A1V4KER1
O95461	55	T	A	A0A1V4KER1
O95461	55	T	A	A0A1V4KER1
O95461	55	T	A	A0A1V4KER1
O95461	84	S	T	A0A1V4KER1
O95461	84	S	T	A0A1V4KER1
O95461	84	S	T	A0A1V4KER1
O95461	592	M	I	A0A1V4KER1
O95461	592	M	I	A0A1V4KER1
O95461	592	M	I	A0A1V4KER1
O95461	592	M	I	A0A1V4KER1
O95461	592	M	I	A0A1V4KER1
O95461	650	R	Q	A0A1V4KER1
O95461	650	R	Q	A0A1V4KER1
O95461	650	R	Q	A0A1V4KER1
O95461	650	R	Q	A0A1V4KER1
O95461	650	R	Q	A0A1V4KER1
O95461	665	R	H	A0A1V4KER1
O95461	665	R	H	A0A1V4KER1
O95461	665	R	H	A0A1V4KER1
O95461	665	R	H	A0A1V4KER1
O95461	665	R	H	A0A1V4KER1
O95461	55	T	A	A0A1V4KER1
O95461	55	T	A	A0A1V4KER1
O95461	55	T	A	A0A1V4KER1
O95461	55	T	A	A0A1V4KER1
O95461	55	T	A	A0A1V4KER1
O95461	84	S	T	A0A1V4KER1
O95461	84	S	T	A0A1V4KER1
O95461	84	S	T	A0A1V4KER1
O95461	592	M	I	A0A1V4KER1
O95461	592	M	I	A0A1V4KER1
O95461	592	M	I	A0A1V4KER1
O95461	592	M	I	A0A1V4KER1
O95461	592	M	I	A0A1V4KER1
O95461	650	R	Q	A0A1V4KER1
O95461	650	R	Q	A0A1V4KER1
O95461	650	R	Q	A0A1V4KER1
O95461	650	R	Q	A0A1V4KER1
O95461	650	R	Q	A0A1V4KER1
O95461	665	R	H	A0A1V4KER1
O95461	665	R	H	A0A1V4KER1
O95461	665	R	H	A0A1V4KER1
O95461	665	R	H	A0A1V4KER1
O95461	665	R	H	A0A1V4KER1
O95471	197	V	A	A0A091UYF9
O95471	197	V	A	A0A091UYF9
O95471	197	V	A	A0A091UYF9
O95471	197	V	A	A0A091UYF9
O95471	197	V	A	A0A091UYF9
O95471	197	V	A	A0A091UYF9
O95479	134	R	W	K9IMY8
O95479	134	R	W	K9IMY8
O95479	151	D	A	K9IMY8
O95479	180	H	R	K9IMY8
O95479	218	R	Q	K9IMY8
O95479	218	R	Q	K9IMY8
O95479	222	R	C	K9IMY8
O95479	222	R	C	K9IMY8
O95479	227	G	S	K9IMY8
O95479	227	G	S	K9IMY8
O95479	321	R	C	K9IMY8
O95479	321	R	C	K9IMY8
O95479	335	P	L	K9IMY8
O95479	335	P	L	K9IMY8
O95479	388	A	V	K9IMY8
O95479	396	R	Q	K9IMY8
O95479	396	R	Q	K9IMY8
O95479	445	D	N	K9IMY8
O95479	448	A	T	K9IMY8
O95479	484	N	D	K9IMY8
O95479	484	N	D	K9IMY8
O95479	519	R	Q	K9IMY8
O95479	554	P	L	K9IMY8
O95479	596	V	M	K9IMY8
O95479	596	V	M	K9IMY8
O95479	645	R	W	K9IMY8
O95479	645	R	W	K9IMY8
O95479	687	D	N	K9IMY8
O95479	722	P	S	K9IMY8
O95479	756	T	M	K9IMY8
O95479	756	T	M	K9IMY8
O95568	10	E	D	A0A0Q3QNI8
O95568	360	K	M	A0A0Q3QNI8
O95568	10	E	D	A0A0Q3QNI8
O95568	360	K	M	A0A0Q3QNI8
O95622	10	P	L	A0A1L8H9G3
O95622	44	H	Y	A0A1L8H9G3
O95622	44	H	Y	A0A1L8H9G3
O95622	44	H	Y	A0A1L8H9G3
O95622	49	S	A	A0A1L8H9G3
O95622	81	P	L	A0A1L8H9G3
O95622	199	P	L	A0A1L8H9G3
O95622	304	A	T	A0A1L8H9G3
O95622	304	A	T	A0A1L8H9G3
O95622	746	E	D	A0A1L8H9G3
O95622	759	D	N	A0A1L8H9G3
O95622	771	V	I	A0A1L8H9G3
O95622	817	P	S	A0A1L8H9G3
O95622	875	Q	R	A0A1L8H9G3
O95622	875	Q	R	A0A1L8H9G3
O95622	892	D	N	A0A1L8H9G3
O95622	919	L	V	A0A1L8H9G3
O95622	949	V	M	A0A1L8H9G3
O95622	1115	R	Q	A0A1L8H9G3
O95622	1259	P	L	A0A1L8H9G3
O95622	1259	P	L	A0A1L8H9G3
O95672	110	R	G	G1SXE9
O95672	110	R	G	G1SXE9
O95672	142	D	E	G1SXE9
O95672	142	D	E	G1SXE9
O95672	142	D	E	G1SXE9
O95672	240	S	R	G1SXE9
O95672	240	S	R	G1SXE9
O95672	328	H	Y	G1SXE9
O95672	328	H	Y	G1SXE9
O95672	328	H	Y	G1SXE9
O95672	328	H	Y	G1SXE9
O95672	329	D	E	G1SXE9
O95672	329	D	E	G1SXE9
O95672	355	R	Q	G1SXE9
O95672	390	R	H	G1SXE9
O95672	423	E	Q	G1SXE9
O95672	423	E	Q	G1SXE9
O95672	423	E	Q	G1SXE9
O95672	506	M	V	G1SXE9
O95672	620	D	N	G1SXE9
O95672	620	D	N	G1SXE9
O95672	620	D	N	G1SXE9
O95672	623	G	A	G1SXE9
O95672	702	R	Q	G1SXE9
O95672	702	R	Q	G1SXE9
O95678	91	R	G	A0A287AZL3
O95678	117	P	A	A0A287AZL3
O95678	322	E	K	A0A287AZL3
O95678	322	E	K	A0A287AZL3
O95678	367	I	V	A0A287AZL3
O95678	367	I	V	A0A287AZL3
O95678	427	M	T	A0A287AZL3
O95678	485	S	R	A0A287AZL3
O95678	527	R	Q	A0A287AZL3
O95727	16	E	A	H2NFM6
O95727	16	E	A	H2NFM6
O95727	78	A	D	H2NFM6
O95727	78	A	D	H2NFM6
O95727	173	D	G	H2NFM6
O95727	173	D	G	H2NFM6
O95727	253	T	I	H2NFM6
O95727	253	T	I	H2NFM6
O95727	321	K	R	H2NFM6
O95727	368	A	G	H2NFM6
O95747	304	T	I	W8AZ88
O95757	211	L	S	S9YNI4
O95757	601	I	T	S9YNI4
O95757	211	L	S	S9YNI4
O95757	601	I	T	S9YNI4
O95786	7	R	C	F7E4X4
O95786	71	R	H	F7E4X4
O95786	71	R	H	F7E4X4
O95786	123	I	T	F7E4X4
O95786	139	I	L	F7E4X4
O95786	139	I	L	F7E4X4
O95786	144	S	F	F7E4X4
O95786	245	N	S	F7E4X4
O95786	245	N	S	F7E4X4
O95786	245	N	S	F7E4X4
O95786	261	I	V	F7E4X4
O95786	387	M	L	F7E4X4
O95786	546	R	Q	F7E4X4
O95786	546	R	Q	F7E4X4
O95786	580	D	E	F7E4X4
O95786	617	I	T	F7E4X4
O95786	617	I	T	F7E4X4
O95786	622	Y	H	F7E4X4
O95786	773	E	K	F7E4X4
O95786	773	E	K	F7E4X4
O95786	887	I	L	F7E4X4
O95786	916	I	T	F7E4X4
O95786	916	I	T	F7E4X4
O95825	39	A	T	A0A146NMH8
O95835	204	S	G	L9LCK0
O95835	204	S	G	L9LCK0
O95835	531	P	S	L9LCK0
O95835	531	P	S	L9LCK0
O95835	204	S	G	L9LCK0
O95835	204	S	G	L9LCK0
O95835	531	P	S	L9LCK0
O95835	531	P	S	L9LCK0
O95873	68	G	R	A0A061IJK2
O95873	68	G	R	A0A061IJK2
O95873	92	K	N	A0A061IJK2
O95873	92	K	N	A0A061IJK2
O95873	68	G	R	A0A061IJK2
O95873	68	G	R	A0A061IJK2
O95873	92	K	N	A0A061IJK2
O95873	92	K	N	A0A061IJK2
O95873	68	G	R	A0A061IJK2
O95873	92	K	N	A0A061IJK2
O95873	68	G	R	A0A061IJK2
O95873	68	G	R	A0A061IJK2
O95873	92	K	N	A0A061IJK2
O95873	92	K	N	A0A061IJK2
O95873	68	G	R	A0A061IJK2
O95873	68	G	R	A0A061IJK2
O95873	92	K	N	A0A061IJK2
O95873	92	K	N	A0A061IJK2
O95873	68	G	R	A0A061IJK2
O95873	68	G	R	A0A061IJK2
O95873	92	K	N	A0A061IJK2
O95873	92	K	N	A0A061IJK2
O95873	68	G	R	A0A061IJK2
O95873	68	G	R	A0A061IJK2
O95873	92	K	N	A0A061IJK2
O95873	92	K	N	A0A061IJK2
O95907	68	L	F	G1LV32
O95907	68	L	F	G1LV32
O95907	235	R	W	G1LV32
O95907	257	A	V	G1LV32
O95907	405	V	A	G1LV32
O95907	502	E	K	G1LV32
O95907	502	E	K	G1LV32
O95907	68	L	F	G1LV32
O95907	68	L	F	G1LV32
O95907	235	R	W	G1LV32
O95907	257	A	V	G1LV32
O95907	405	V	A	G1LV32
O95907	502	E	K	G1LV32
O95907	502	E	K	G1LV32
O95926	89	A	V	A0A091E066
O95926	108	A	T	A0A091E066
O95932	4	I	M	L8IQL6
O95932	4	I	M	L8IQL6
O95932	4	I	M	L8IQL6
O95932	4	I	M	L8IQL6
O95932	11	W	G	L8IQL6
O95932	11	W	G	L8IQL6
O95932	11	W	G	L8IQL6
O95932	13	R	Q	L8IQL6
O95932	13	R	Q	L8IQL6
O95932	13	R	Q	L8IQL6
O95932	18	A	T	L8IQL6
O95932	49	D	V	L8IQL6
O95932	49	D	V	L8IQL6
O95932	49	D	V	L8IQL6
O95932	58	M	V	L8IQL6
O95932	58	M	V	L8IQL6
O95932	58	M	V	L8IQL6
O95932	58	M	V	L8IQL6
O95932	82	G	A	L8IQL6
O95932	82	G	A	L8IQL6
O95932	82	G	A	L8IQL6
O95932	86	T	R	L8IQL6
O95932	93	M	V	L8IQL6
O95932	93	M	V	L8IQL6
O95932	102	A	T	L8IQL6
O95932	102	A	T	L8IQL6
O95932	127	R	W	L8IQL6
O95932	127	R	Q	L8IQL6
O95932	127	R	W	L8IQL6
O95932	127	R	W	L8IQL6
O95932	127	R	W	L8IQL6
O95932	127	R	Q	L8IQL6
O95932	141	A	E	L8IQL6
O95932	141	A	E	L8IQL6
O95932	141	A	E	L8IQL6
O95932	141	A	E	L8IQL6
O95932	144	D	N	L8IQL6
O95932	144	D	N	L8IQL6
O95932	161	S	G	L8IQL6
O95932	161	S	G	L8IQL6
O95932	161	S	G	L8IQL6
O95932	168	V	M	L8IQL6
O95932	168	V	M	L8IQL6
O95932	168	V	M	L8IQL6
O95932	199	G	S	L8IQL6
O95932	199	G	S	L8IQL6
O95932	208	V	M	L8IQL6
O95932	208	V	M	L8IQL6
O95932	220	V	F	L8IQL6
O95932	230	D	N	L8IQL6
O95932	230	D	N	L8IQL6
O95932	248	P	L	L8IQL6
O95932	251	W	R	L8IQL6
O95932	251	W	R	L8IQL6
O95932	295	V	M	L8IQL6
O95932	295	V	M	L8IQL6
O95932	295	V	M	L8IQL6
O95932	295	V	M	L8IQL6
O95932	314	V	M	L8IQL6
O95932	314	V	M	L8IQL6
O95932	314	V	M	L8IQL6
O95932	314	V	M	L8IQL6
O95932	319	R	Q	L8IQL6
O95932	319	R	Q	L8IQL6
O95932	319	R	Q	L8IQL6
O95932	331	N	S	L8IQL6
O95932	331	N	S	L8IQL6
O95932	342	R	Q	L8IQL6
O95932	342	R	Q	L8IQL6
O95932	342	R	Q	L8IQL6
O95932	347	P	L	L8IQL6
O95932	347	P	L	L8IQL6
O95932	347	P	L	L8IQL6
O95932	368	R	Q	L8IQL6
O95932	368	R	W	L8IQL6
O95932	368	R	Q	L8IQL6
O95932	368	R	Q	L8IQL6
O95932	368	R	W	L8IQL6
O95932	368	R	Q	L8IQL6
O95932	370	G	S	L8IQL6
O95932	370	G	S	L8IQL6
O95932	370	G	S	L8IQL6
O95932	376	A	T	L8IQL6
O95932	376	A	T	L8IQL6
O95932	376	A	T	L8IQL6
O95932	376	A	T	L8IQL6
O95932	391	V	M	L8IQL6
O95932	391	V	M	L8IQL6
O95932	391	V	M	L8IQL6
O95932	400	I	V	L8IQL6
O95932	400	I	V	L8IQL6
O95932	400	I	V	L8IQL6
O95932	406	E	K	L8IQL6
O95932	406	E	K	L8IQL6
O95932	406	E	K	L8IQL6
O95932	406	E	K	L8IQL6
O95932	409	S	I	L8IQL6
O95932	409	S	I	L8IQL6
O95932	412	R	H	L8IQL6
O95932	412	R	H	L8IQL6
O95932	412	R	H	L8IQL6
O95932	412	R	H	L8IQL6
O95932	417	T	M	L8IQL6
O95932	417	T	M	L8IQL6
O95932	424	I	L	L8IQL6
O95932	424	I	L	L8IQL6
O95932	434	R	H	L8IQL6
O95932	434	R	H	L8IQL6
O95932	440	L	F	L8IQL6
O95932	448	R	W	L8IQL6
O95932	448	R	W	L8IQL6
O95932	448	R	W	L8IQL6
O95932	448	R	W	L8IQL6
O95932	463	G	S	L8IQL6
O95932	463	G	S	L8IQL6
O95932	493	P	L	L8IQL6
O95932	493	P	L	L8IQL6
O95932	508	G	D	L8IQL6
O95932	508	G	D	L8IQL6
O95932	508	G	D	L8IQL6
O95932	519	N	T	L8IQL6
O95932	519	N	T	L8IQL6
O95932	527	V	E	L8IQL6
O95932	527	V	E	L8IQL6
O95932	527	V	E	L8IQL6
O95932	527	V	E	L8IQL6
O95932	553	V	M	L8IQL6
O95932	553	V	M	L8IQL6
O95932	553	V	M	L8IQL6
O95932	564	P	S	L8IQL6
O95932	564	P	S	L8IQL6
O95932	564	P	S	L8IQL6
O95932	569	Y	N	L8IQL6
O95932	569	Y	N	L8IQL6
O95932	569	Y	N	L8IQL6
O95932	665	R	S	L8IQL6
O95932	665	R	S	L8IQL6
O95932	665	R	S	L8IQL6
O95932	665	R	S	L8IQL6
O95968	55	A	V	F7HWZ0
O95971	84	G	R	A0A2Y9LEG8
O95971	84	G	R	A0A2Y9LEG8
O95971	84	G	R	A0A2Y9LEG8
O95971	84	G	R	A0A2Y9LEG8
O95995	13	K	R	B3RVB6
O95995	13	K	R	B3RVB6
O95995	82	R	Q	B3RVB6
O95995	82	R	Q	B3RVB6
O95995	82	R	Q	B3RVB6
O95995	93	V	M	B3RVB6
O95995	93	V	M	B3RVB6
O95995	106	L	V	B3RVB6
O95995	106	L	V	B3RVB6
O95995	106	L	V	B3RVB6
O95995	136	S	T	B3RVB6
O95995	136	S	T	B3RVB6
O95995	159	V	E	B3RVB6
O95995	159	V	E	B3RVB6
O95995	199	E	K	B3RVB6
O95995	199	E	K	B3RVB6
O95995	199	E	K	B3RVB6
O95995	259	R	Q	B3RVB6
O95995	259	R	Q	B3RVB6
O95995	259	R	Q	B3RVB6
O95995	259	R	Q	B3RVB6
O95995	278	R	H	B3RVB6
O95995	278	R	H	B3RVB6
O95995	278	R	H	B3RVB6
O95995	358	Q	R	B3RVB6
O95995	369	R	H	B3RVB6
O95995	369	R	H	B3RVB6
O95995	373	A	V	B3RVB6
O95995	394	L	Q	B3RVB6
O95995	404	R	H	B3RVB6
O95995	404	R	H	B3RVB6
O95995	404	R	C	B3RVB6
O95995	465	T	I	B3RVB6
O96009	22	S	A	I3MHV8
O96009	40	I	T	I3MHV8
O96009	310	A	T	I3MHV8
O96009	408	L	V	I3MHV8
O96009	408	L	V	I3MHV8
O96017	85	P	L	A0A091UHR9
O96017	85	P	L	A0A091UHR9
O96017	85	P	L	A0A091UHR9
O96017	85	P	L	A0A091UHR9
O96017	184	N	S	A0A091UHR9
O96017	184	N	S	A0A091UHR9
O96017	399	V	F	A0A091UHR9
O96017	448	I	S	A0A091UHR9
O96017	448	I	S	A0A091UHR9
O96017	448	I	S	A0A091UHR9
O96017	448	I	S	A0A091UHR9
O96017	448	I	S	A0A091UHR9
O96017	523	R	L	A0A091UHR9
O96017	85	P	L	A0A091UHR9
O96017	85	P	L	A0A091UHR9
O96017	85	P	L	A0A091UHR9
O96017	85	P	L	A0A091UHR9
O96017	184	N	S	A0A091UHR9
O96017	184	N	S	A0A091UHR9
O96017	399	V	F	A0A091UHR9
O96017	448	I	S	A0A091UHR9
O96017	448	I	S	A0A091UHR9
O96017	448	I	S	A0A091UHR9
O96017	448	I	S	A0A091UHR9
O96017	448	I	S	A0A091UHR9
O96017	523	R	L	A0A091UHR9
O96017	85	P	L	A0A091UHR9
O96017	85	P	L	A0A091UHR9
O96017	85	P	L	A0A091UHR9
O96017	85	P	L	A0A091UHR9
O96017	184	N	S	A0A091UHR9
O96017	184	N	S	A0A091UHR9
O96017	399	V	F	A0A091UHR9
O96017	448	I	S	A0A091UHR9
O96017	448	I	S	A0A091UHR9
O96017	448	I	S	A0A091UHR9
O96017	448	I	S	A0A091UHR9
O96017	448	I	S	A0A091UHR9
O96017	523	R	L	A0A091UHR9
O96018	154	W	L	H0XGY4
O96018	189	A	T	H0XGY4
O96018	206	V	G	H0XGY4
O96018	376	C	R	H0XGY4
O96018	376	C	G	H0XGY4
O96018	434	R	C	H0XGY4
P00325	16	W	R	W0UF47
P00325	16	W	R	W0UF47
P00325	65	I	T	W0UF47
P00325	65	I	T	W0UF47
P00325	16	W	R	W0UF47
P00325	16	W	R	W0UF47
P00325	65	I	T	W0UF47
P00325	65	I	T	W0UF47
P00326	48	R	H	W0UF47
P00326	48	R	H	W0UF47
P00326	352	P	T	W0UF47
P00326	352	P	T	W0UF47
P00491	51	G	S	A0A1U7T027
P00491	51	G	S	A0A1U7T027
P00491	51	G	S	A0A1U7T027
P00491	51	G	S	A0A1U7T027
P00491	181	M	I	A0A1U7T027
P00491	181	M	I	A0A1U7T027
P00491	217	V	I	A0A1U7T027
P00491	217	V	I	A0A1U7T027
P00491	217	V	I	A0A1U7T027
P00491	217	V	I	A0A1U7T027
P00491	227	V	I	A0A1U7T027
P00491	227	V	I	A0A1U7T027
P00491	227	V	I	A0A1U7T027
P00491	51	G	S	A0A1U7T027
P00491	51	G	S	A0A1U7T027
P00491	51	G	S	A0A1U7T027
P00491	51	G	S	A0A1U7T027
P00491	181	M	I	A0A1U7T027
P00491	181	M	I	A0A1U7T027
P00491	217	V	I	A0A1U7T027
P00491	217	V	I	A0A1U7T027
P00491	217	V	I	A0A1U7T027
P00491	217	V	I	A0A1U7T027
P00491	227	V	I	A0A1U7T027
P00491	227	V	I	A0A1U7T027
P00491	227	V	I	A0A1U7T027
P00748	14	L	S	A0A061IBV4
P00748	14	L	S	A0A061IBV4
P00748	14	L	S	A0A061IBV4
P00748	140	L	V	A0A061IBV4
P00748	140	L	V	A0A061IBV4
P00748	140	L	V	A0A061IBV4
P00748	140	L	V	A0A061IBV4
P00748	177	A	V	A0A061IBV4
P00748	177	A	V	A0A061IBV4
P00748	207	A	P	A0A061IBV4
P00748	207	A	P	A0A061IBV4
P00748	207	A	P	A0A061IBV4
P00748	207	A	P	A0A061IBV4
P00748	207	A	P	A0A061IBV4
P00748	253	E	Q	A0A061IBV4
P00748	253	E	Q	A0A061IBV4
P00748	308	S	Y	A0A061IBV4
P00748	310	R	S	A0A061IBV4
P00748	310	R	S	A0A061IBV4
P00748	310	R	S	A0A061IBV4
P00748	310	R	S	A0A061IBV4
P00748	448	R	C	A0A061IBV4
P00748	448	R	C	A0A061IBV4
P00748	448	R	C	A0A061IBV4
P00748	448	R	C	A0A061IBV4
P00748	448	R	C	A0A061IBV4
P00748	448	R	C	A0A061IBV4
P00749	6	A	E	I3KAB0
P00749	6	A	E	I3KAB0
P00749	15	V	L	I3KAB0
P00749	15	V	L	I3KAB0
P00749	55	K	E	I3KAB0
P00749	55	K	E	I3KAB0
P00749	79	R	P	I3KAB0
P00749	79	R	Q	I3KAB0
P00749	79	R	P	I3KAB0
P00749	79	R	Q	I3KAB0
P00749	103	T	M	I3KAB0
P00749	103	T	M	I3KAB0
P00749	141	L	P	I3KAB0
P00749	141	L	R	I3KAB0
P00749	141	L	Q	I3KAB0
P00749	149	H	Y	I3KAB0
P00749	149	H	Y	I3KAB0
P00749	187	I	V	I3KAB0
P00749	187	I	V	I3KAB0
P00749	194	A	V	I3KAB0
P00749	201	R	L	I3KAB0
P00749	201	R	L	I3KAB0
P00749	231	K	Q	I3KAB0
P00749	231	K	Q	I3KAB0
P00749	236	I	V	I3KAB0
P00749	236	I	V	I3KAB0
P00749	350	Y	H	I3KAB0
P00749	350	Y	H	I3KAB0
P00749	350	Y	H	I3KAB0
P00749	398	R	L	I3KAB0
P00749	398	R	L	I3KAB0
P00749	408	V	I	I3KAB0
P00749	408	V	I	I3KAB0
P01008	147	T	A	A0A091DDY3
P01008	177	R	C	A0A091DDY3
P01008	177	R	C	A0A091DDY3
P01008	185	T	A	A0A091DDY3
P01008	185	T	A	A0A091DDY3
P01008	240	N	S	A0A091DDY3
P01008	305	P	H	A0A091DDY3
P01008	305	P	H	A0A091DDY3
P01008	305	P	H	A0A091DDY3
P01040	91	K	N	A0A2P4SQF1
P01040	91	K	N	A0A2P4SQF1
P01040	96	T	M	A0A2P4SQF1
P01225	44	T	S	A0A0A0MQ67
P01225	44	T	S	A0A0A0MQ67
P01225	44	T	S	A0A0A0MQ67
P01225	44	T	S	A0A0A0MQ67
P01225	44	T	S	A0A0A0MQ67
P01225	44	T	S	A0A0A0MQ67
P01588	70	D	N	P49157
P01588	70	D	N	P49157
P01588	84	G	R	P49157
P01588	84	G	R	P49157
P01588	114	P	L	P49157
P01588	114	P	L	P49157
P01588	166	R	C	P49157
P01588	166	R	C	P49157
P01763	74	G	S	Q6MZX7
P01763	107	A	D	Q6MZX7
P01780	22	Q	R	Q6MZX7
P01825	35	E	Q	Q6MZX7
P01825	51	Y	H	Q6MZX7
P01825	60	P	A	Q6MZX7
P01825	69	Y	H	Q6MZX7
P01825	69	Y	C	Q6MZX7
P01825	72	Y	N	Q6MZX7
P01825	72	Y	S	Q6MZX7
P01825	88	I	M	Q6MZX7
P02538	21	N	S	A0A287AZL3
P02538	36	V	I	A0A287AZL3
P02538	36	V	I	A0A287AZL3
P02538	210	L	M	A0A287AZL3
P02538	210	L	M	A0A287AZL3
P02538	335	A	T	A0A287AZL3
P02538	335	A	T	A0A287AZL3
P02538	415	R	H	A0A287AZL3
P02538	415	R	H	A0A287AZL3
P02538	443	R	W	A0A287AZL3
P02538	443	R	W	A0A287AZL3
P02538	443	R	W	A0A287AZL3
P02538	486	I	V	A0A287AZL3
P02538	523	V	I	A0A287AZL3
P02538	523	V	I	A0A287AZL3
P02538	523	V	F	A0A287AZL3
P02538	552	T	S	A0A287AZL3
P02647	43	V	L	G5BQH5
P02647	61	A	T	G5BQH5
P02647	61	A	T	G5BQH5
P02647	61	A	T	G5BQH5
P02647	61	A	T	G5BQH5
P02647	61	A	T	G5BQH5
P02647	61	A	T	G5BQH5
P02647	61	A	T	G5BQH5
P02647	61	A	T	G5BQH5
P02647	43	V	L	G5BQH5
P02647	61	A	T	G5BQH5
P02647	61	A	T	G5BQH5
P02647	61	A	T	G5BQH5
P02647	61	A	T	G5BQH5
P02647	61	A	T	G5BQH5
P02647	61	A	T	G5BQH5
P02647	61	A	T	G5BQH5
P02647	61	A	T	G5BQH5
P02647	43	V	L	G5BQH5
P02647	61	A	T	G5BQH5
P02647	61	A	T	G5BQH5
P02647	61	A	T	G5BQH5
P02647	61	A	T	G5BQH5
P02647	61	A	T	G5BQH5
P02647	61	A	T	G5BQH5
P02647	61	A	T	G5BQH5
P02647	61	A	T	G5BQH5
P02647	43	V	L	G5BQH5
P02647	61	A	T	G5BQH5
P02647	61	A	T	G5BQH5
P02647	61	A	T	G5BQH5
P02647	61	A	T	G5BQH5
P02647	61	A	T	G5BQH5
P02647	61	A	T	G5BQH5
P02647	61	A	T	G5BQH5
P02647	61	A	T	G5BQH5
P02679	92	L	F	H3ABI9
P02679	92	L	F	H3ABI9
P02679	140	Y	H	H3ABI9
P02679	140	Y	H	H3ABI9
P02679	140	Y	H	H3ABI9
P02679	440	A	V	H3ABI9
P02763	38	R	Q	B9EIY6
P02763	38	R	Q	B9EIY6
P02763	38	R	Q	B9EIY6
P02763	38	R	Q	B9EIY6
P02763	174	V	M	B9EIY6
P02763	174	V	M	B9EIY6
P02766	26	G	S	A0A1S3F262
P02766	26	G	S	A0A1S3F262
P02766	26	G	S	A0A1S3F262
P02766	26	G	S	A0A1S3F262
P02766	26	G	S	A0A1S3F262
P02766	26	G	S	A0A1S3F262
P02766	26	G	S	A0A1S3F262
P02766	26	G	S	A0A1S3F262
P02766	139	T	M	A0A1S3F262
P02766	139	T	M	A0A1S3F262
P02766	139	T	M	A0A1S3F262
P02766	139	T	M	A0A1S3F262
P02766	146	K	R	A0A1S3F262
P02766	146	K	R	A0A1S3F262
P02766	146	K	R	A0A1S3F262
P02766	146	K	R	A0A1S3F262
P02766	26	G	S	A0A1S3F262
P02766	26	G	S	A0A1S3F262
P02766	26	G	S	A0A1S3F262
P02766	26	G	S	A0A1S3F262
P02766	26	G	S	A0A1S3F262
P02766	26	G	S	A0A1S3F262
P02766	26	G	S	A0A1S3F262
P02766	26	G	S	A0A1S3F262
P02766	139	T	M	A0A1S3F262
P02766	139	T	M	A0A1S3F262
P02766	139	T	M	A0A1S3F262
P02766	139	T	M	A0A1S3F262
P02766	146	K	R	A0A1S3F262
P02766	146	K	R	A0A1S3F262
P02766	146	K	R	A0A1S3F262
P02766	146	K	R	A0A1S3F262
P02790	7	A	T	B1GS20
P02790	7	A	T	B1GS20
P02790	40	T	A	B1GS20
P02790	40	T	A	B1GS20
P02790	83	R	W	B1GS20
P02790	83	R	W	B1GS20
P02790	174	T	M	B1GS20
P02790	174	T	M	B1GS20
P02790	371	R	W	B1GS20
P02790	371	R	W	B1GS20
P02790	378	R	W	B1GS20
P02790	378	R	W	B1GS20
P03923	14	M	V	A0A1S6YGE6
P03923	26	I	V	A0A1S6YGE6
P03923	31	V	A	A0A1S6YGE6
P03923	33	I	V	A0A1S6YGE6
P03923	33	I	L	A0A1S6YGE6
P03923	34	V	I	A0A1S6YGE6
P03923	35	S	C	A0A1S6YGE6
P03923	37	V	A	A0A1S6YGE6
P03923	38	V	I	A0A1S6YGE6
P03923	41	V	A	A0A1S6YGE6
P03923	41	V	I	A0A1S6YGE6
P03923	49	G	S	A0A1S6YGE6
P03923	54	M	V	A0A1S6YGE6
P03923	58	I	V	A0A1S6YGE6
P03923	71	T	M	A0A1S6YGE6
P03923	81	A	T	A0A1S6YGE6
P03923	85	G	E	A0A1S6YGE6
P03923	86	V	A	A0A1S6YGE6
P03923	90	V	A	A0A1S6YGE6
P03923	94	V	A	A0A1S6YGE6
P03923	97	A	V	A0A1S6YGE6
P03923	106	V	A	A0A1S6YGE6
P03923	109	Y	C	A0A1S6YGE6
P03923	112	V	M	A0A1S6YGE6
P03923	114	V	I	A0A1S6YGE6
P03923	117	N	D	A0A1S6YGE6
P03923	119	N	D	A0A1S6YGE6
P03923	119	N	S	A0A1S6YGE6
P03923	120	S	N	A0A1S6YGE6
P03923	121	V	A	A0A1S6YGE6
P03923	132	S	A	A0A1S6YGE6
P03923	132	S	P	A0A1S6YGE6
P03923	139	P	S	A0A1S6YGE6
P03923	139	P	L	A0A1S6YGE6
P03923	140	I	V	A0A1S6YGE6
P03923	142	A	V	A0A1S6YGE6
P03923	150	R	C	A0A1S6YGE6
P03923	155	V	I	A0A1S6YGE6
P03923	156	T	I	A0A1S6YGE6
P03923	159	T	M	A0A1S6YGE6
P03923	161	F	L	A0A1S6YGE6
P03923	162	V	A	A0A1S6YGE6
P03923	165	Y	C	A0A1S6YGE6
P03923	165	Y	H	A0A1S6YGE6
P03923	166	I	V	A0A1S6YGE6
P03923	171	A	V	A0A1S6YGE6
P03923	171	A	T	A0A1S6YGE6
P03923	174	N	S	A0A1S6YGE6
P04004	126	E	V	G7PTW8
P04004	126	E	V	G7PTW8
P04004	400	T	M	G7PTW8
P04066	2	R	W	A0A2U4CP59
P04066	2	R	W	A0A2U4CP59
P04066	2	R	W	A0A2U4CP59
P04066	3	A	P	A0A2U4CP59
P04066	3	A	P	A0A2U4CP59
P04066	10	P	R	A0A2U4CP59
P04066	10	P	R	A0A2U4CP59
P04066	10	P	R	A0A2U4CP59
P04066	10	P	R	A0A2U4CP59
P04066	23	G	R	A0A2U4CP59
P04066	23	G	R	A0A2U4CP59
P04066	23	G	R	A0A2U4CP59
P04066	134	L	F	A0A2U4CP59
P04066	134	L	F	A0A2U4CP59
P04066	134	L	F	A0A2U4CP59
P04066	134	L	F	A0A2U4CP59
P04066	146	P	L	A0A2U4CP59
P04066	146	P	L	A0A2U4CP59
P04066	146	P	L	A0A2U4CP59
P04066	178	R	C	A0A2U4CP59
P04066	260	V	I	A0A2U4CP59
P04066	260	V	I	A0A2U4CP59
P04066	260	V	I	A0A2U4CP59
P04066	286	Q	R	A0A2U4CP59
P04066	286	Q	R	A0A2U4CP59
P04066	286	Q	R	A0A2U4CP59
P04066	286	Q	R	A0A2U4CP59
P04066	365	N	D	A0A2U4CP59
P04066	383	T	I	A0A2U4CP59
P04066	383	T	I	A0A2U4CP59
P04066	383	T	I	A0A2U4CP59
P04075	223	N	S	F6SYJ3
P04075	223	N	S	F6SYJ3
P04075	223	N	S	F6SYJ3
P04075	223	N	S	F6SYJ3
P04150	23	R	K	I6Q8X2
P04150	23	R	K	I6Q8X2
P04150	65	F	V	I6Q8X2
P04150	65	F	V	I6Q8X2
P04150	65	F	V	I6Q8X2
P04150	271	V	I	I6Q8X2
P04150	325	S	G	I6Q8X2
P04150	325	S	G	I6Q8X2
P04150	361	S	F	I6Q8X2
P04150	363	N	S	I6Q8X2
P04150	363	N	S	I6Q8X2
P04150	524	T	A	I6Q8X2
P04150	524	T	A	I6Q8X2
P04150	524	T	A	I6Q8X2
P04150	23	R	K	I6Q8X2
P04150	23	R	K	I6Q8X2
P04150	65	F	V	I6Q8X2
P04150	65	F	V	I6Q8X2
P04150	65	F	V	I6Q8X2
P04150	271	V	I	I6Q8X2
P04150	325	S	G	I6Q8X2
P04150	325	S	G	I6Q8X2
P04150	361	S	F	I6Q8X2
P04150	363	N	S	I6Q8X2
P04150	363	N	S	I6Q8X2
P04150	524	T	A	I6Q8X2
P04150	524	T	A	I6Q8X2
P04150	524	T	A	I6Q8X2
P04150	23	R	K	I6Q8X2
P04150	23	R	K	I6Q8X2
P04150	65	F	V	I6Q8X2
P04150	65	F	V	I6Q8X2
P04150	65	F	V	I6Q8X2
P04150	271	V	I	I6Q8X2
P04150	325	S	G	I6Q8X2
P04150	325	S	G	I6Q8X2
P04150	361	S	F	I6Q8X2
P04150	363	N	S	I6Q8X2
P04150	363	N	S	I6Q8X2
P04150	524	T	A	I6Q8X2
P04150	524	T	A	I6Q8X2
P04150	524	T	A	I6Q8X2
P04156	54	G	S	B2D1U2
P04156	54	G	S	B2D1U2
P04156	54	G	S	B2D1U2
P04156	129	M	V	B2D1U2
P04156	129	M	V	B2D1U2
P04156	142	G	S	B2D1U2
P04156	142	G	S	B2D1U2
P04156	142	G	S	B2D1U2
P04156	234	L	F	B2D1U2
P04156	234	L	F	B2D1U2
P04156	54	G	S	B2D1U2
P04156	54	G	S	B2D1U2
P04156	54	G	S	B2D1U2
P04156	129	M	V	B2D1U2
P04156	129	M	V	B2D1U2
P04156	142	G	S	B2D1U2
P04156	142	G	S	B2D1U2
P04156	142	G	S	B2D1U2
P04156	234	L	F	B2D1U2
P04156	234	L	F	B2D1U2
P04156	54	G	S	B2D1U2
P04156	54	G	S	B2D1U2
P04156	54	G	S	B2D1U2
P04156	129	M	V	B2D1U2
P04156	129	M	V	B2D1U2
P04156	142	G	S	B2D1U2
P04156	142	G	S	B2D1U2
P04156	142	G	S	B2D1U2
P04156	234	L	F	B2D1U2
P04156	234	L	F	B2D1U2
P04156	54	G	S	B2D1U2
P04156	54	G	S	B2D1U2
P04156	54	G	S	B2D1U2
P04156	129	M	V	B2D1U2
P04156	129	M	V	B2D1U2
P04156	142	G	S	B2D1U2
P04156	142	G	S	B2D1U2
P04156	142	G	S	B2D1U2
P04156	234	L	F	B2D1U2
P04156	234	L	F	B2D1U2
P04198	184	A	S	A0A218VBD5
P04198	205	V	A	A0A218VBD5
P04198	312	R	K	A0A218VBD5
P04198	312	R	K	A0A218VBD5
P04198	365	P	A	A0A218VBD5
P04198	365	P	A	A0A218VBD5
P04198	365	P	A	A0A218VBD5
P04198	399	S	F	A0A218VBD5
P04198	399	S	F	A0A218VBD5
P04259	21	N	S	A0A287AZL3
P04259	88	G	R	A0A287AZL3
P04259	97	G	R	A0A287AZL3
P04259	111	G	D	A0A287AZL3
P04259	111	G	D	A0A287AZL3
P04259	143	S	N	A0A287AZL3
P04259	189	K	N	A0A287AZL3
P04259	196	T	I	A0A287AZL3
P04259	227	N	S	A0A287AZL3
P04259	279	M	L	A0A287AZL3
P04259	279	M	L	A0A287AZL3
P04259	365	I	V	A0A287AZL3
P04259	396	D	N	A0A287AZL3
P04259	415	R	H	A0A287AZL3
P04259	454	V	I	A0A287AZL3
P04259	463	A	V	A0A287AZL3
P04259	466	R	C	A0A287AZL3
P04259	497	Y	C	A0A287AZL3
P04259	499	G	S	A0A287AZL3
P04259	499	G	S	A0A287AZL3
P04259	499	G	S	A0A287AZL3
P04259	504	G	S	A0A287AZL3
P04259	504	G	S	A0A287AZL3
P04259	542	V	A	A0A287AZL3
P04732	40	G	D	M3XWU8
P04733	56	K	N	N0DX17
P04733	56	K	N	N0DX17
P04920	26	G	E	G3UD22
P04920	26	G	E	G3UD22
P04921	20	P	L	A0A2K5WD65
P04921	20	P	L	A0A2K5WD65
P04921	61	V	I	A0A2K5WD65
P04921	71	I	T	A0A2K5WD65
P04921	71	I	T	A0A2K5WD65
P05114	9	A	T	K7DN21
P05120	80	G	E	U3KF17
P05120	80	G	E	U3KF17
P05120	120	N	D	U3KF17
P05120	229	R	H	U3KF17
P05120	229	R	H	U3KF17
P05120	371	A	T	U3KF17
P05120	371	A	T	U3KF17
P05120	374	G	A	U3KF17
P05120	374	G	A	U3KF17
P05120	404	N	K	U3KF17
P05120	413	S	C	U3KF17
P05120	80	G	E	U3KF17
P05120	80	G	E	U3KF17
P05120	120	N	D	U3KF17
P05120	229	R	H	U3KF17
P05120	229	R	H	U3KF17
P05120	371	A	T	U3KF17
P05120	371	A	T	U3KF17
P05120	374	G	A	U3KF17
P05120	374	G	A	U3KF17
P05120	404	N	K	U3KF17
P05120	413	S	C	U3KF17
P05154	55	A	V	A0A2I4AS29
P05154	64	S	N	A0A2I4AS29
P05154	105	K	E	A0A2I4AS29
P05154	217	G	R	A0A2I4AS29
P05154	217	G	R	A0A2I4AS29
P05154	55	A	V	A0A2I4AS29
P05154	64	S	N	A0A2I4AS29
P05154	105	K	E	A0A2I4AS29
P05154	217	G	R	A0A2I4AS29
P05154	217	G	R	A0A2I4AS29
P05154	55	A	V	A0A2I4AS29
P05154	64	S	N	A0A2I4AS29
P05154	105	K	E	A0A2I4AS29
P05154	217	G	R	A0A2I4AS29
P05154	217	G	R	A0A2I4AS29
P05154	55	A	V	A0A2I4AS29
P05154	64	S	N	A0A2I4AS29
P05154	105	K	E	A0A2I4AS29
P05154	217	G	R	A0A2I4AS29
P05154	217	G	R	A0A2I4AS29
P05155	9	T	P	I3ME21
P05155	45	V	F	I3ME21
P05155	48	T	A	I3ME21
P05155	48	T	A	I3ME21
P05155	48	T	A	I3ME21
P05155	56	V	A	I3ME21
P05155	56	V	A	I3ME21
P05155	56	V	A	I3ME21
P05155	57	E	K	I3ME21
P05155	57	E	K	I3ME21
P05155	57	E	K	I3ME21
P05155	82	T	S	I3ME21
P05155	82	T	S	I3ME21
P05155	95	T	P	I3ME21
P05155	95	T	I	I3ME21
P05155	118	T	A	I3ME21
P05155	118	T	A	I3ME21
P05155	118	T	A	I3ME21
P05155	118	T	A	I3ME21
P05155	156	A	T	I3ME21
P05155	323	P	L	I3ME21
P05155	323	P	L	I3ME21
P05155	388	M	I	I3ME21
P05155	388	M	I	I3ME21
P05155	480	V	M	I3ME21
P05155	480	V	M	I3ME21
P05155	480	V	M	I3ME21
P05155	480	V	M	I3ME21
P05155	480	V	M	I3ME21
P05155	9	T	P	I3ME21
P05155	45	V	F	I3ME21
P05155	48	T	A	I3ME21
P05155	48	T	A	I3ME21
P05155	48	T	A	I3ME21
P05155	56	V	A	I3ME21
P05155	56	V	A	I3ME21
P05155	56	V	A	I3ME21
P05155	57	E	K	I3ME21
P05155	57	E	K	I3ME21
P05155	57	E	K	I3ME21
P05155	82	T	S	I3ME21
P05155	82	T	S	I3ME21
P05155	95	T	P	I3ME21
P05155	95	T	I	I3ME21
P05155	118	T	A	I3ME21
P05155	118	T	A	I3ME21
P05155	118	T	A	I3ME21
P05155	118	T	A	I3ME21
P05155	156	A	T	I3ME21
P05155	323	P	L	I3ME21
P05155	323	P	L	I3ME21
P05155	388	M	I	I3ME21
P05155	388	M	I	I3ME21
P05155	480	V	M	I3ME21
P05155	480	V	M	I3ME21
P05155	480	V	M	I3ME21
P05155	480	V	M	I3ME21
P05155	480	V	M	I3ME21
P05164	53	V	F	A0A146VKC3
P05164	58	D	N	A0A146VKC3
P05164	58	D	N	A0A146VKC3
P05164	604	R	C	A0A146VKC3
P05164	604	R	C	A0A146VKC3
P05164	717	I	V	A0A146VKC3
P05230	21	G	E	A0A067R335
P05230	21	G	E	A0A067R335
P05230	21	G	E	A0A067R335
P05230	21	G	E	A0A067R335
P05230	21	G	E	A0A067R335
P05230	21	G	E	A0A067R335
P05230	21	G	E	A0A067R335
P05230	21	G	E	A0A067R335
P05230	21	G	E	A0A067R335
P05230	21	G	E	A0A067R335
P05230	21	G	E	A0A067R335
P05230	21	G	E	A0A067R335
P05230	21	G	E	A0A067R335
P05230	21	G	E	A0A067R335
P05230	21	G	E	A0A067R335
P05230	21	G	E	A0A067R335
P05230	21	G	E	A0A067R335
P05230	21	G	E	A0A067R335
P05231	31	P	T	A0A2I3HU53
P05231	31	P	T	A0A2I3HU53
P05231	32	P	S	A0A2I3HU53
P05231	32	P	S	A0A2I3HU53
P05231	162	D	E	A0A2I3HU53
P05231	162	D	V	A0A2I3HU53
P05231	162	D	V	A0A2I3HU53
P05231	31	P	T	A0A2I3HU53
P05231	31	P	T	A0A2I3HU53
P05231	32	P	S	A0A2I3HU53
P05231	32	P	S	A0A2I3HU53
P05231	162	D	V	A0A2I3HU53
P05231	162	D	V	A0A2I3HU53
P05231	162	D	E	A0A2I3HU53
P05362	241	G	R	W5Q263
P05362	330	V	M	W5Q263
P05362	330	V	M	W5Q263
P05362	352	P	L	W5Q263
P05362	397	R	Q	W5Q263
P05362	397	R	Q	W5Q263
P05362	458	R	W	W5Q263
P05362	458	R	W	W5Q263
P05362	469	K	E	W5Q263
P05783	4	T	I	A1KQY9
P05783	17	G	D	A1KQY9
P05783	26	A	T	A1KQY9
P05783	27	R	W	A1KQY9
P05783	28	P	Q	A1KQY9
P05783	32	A	S	A1KQY9
P05783	34	S	R	A1KQY9
P05783	38	G	C	A1KQY9
P05783	43	G	R	A1KQY9
P05783	48	V	M	A1KQY9
P05783	50	R	C	A1KQY9
P05783	56	G	D	A1KQY9
P05783	59	G	W	A1KQY9
P05783	64	A	G	A1KQY9
P05783	67	I	M	A1KQY9
P05783	84	M	I	A1KQY9
P05783	90	R	C	A1KQY9
P05783	92	A	P	A1KQY9
P05783	100	S	R	A1KQY9
P05783	103	T	N	A1KQY9
P05783	106	R	W	A1KQY9
P05783	121	P	S	A1KQY9
P05783	122	Q	P	A1KQY9
P05783	123	V	D	A1KQY9
P05783	230	S	T	A1KQY9
P05783	230	S	T	A1KQY9
P05783	4	T	I	A1KQY9
P05783	17	G	D	A1KQY9
P05783	26	A	T	A1KQY9
P05783	27	R	W	A1KQY9
P05783	28	P	Q	A1KQY9
P05783	32	A	S	A1KQY9
P05783	34	S	R	A1KQY9
P05783	38	G	C	A1KQY9
P05783	43	G	R	A1KQY9
P05783	48	V	M	A1KQY9
P05783	50	R	C	A1KQY9
P05783	56	G	D	A1KQY9
P05783	59	G	W	A1KQY9
P05783	64	A	G	A1KQY9
P05783	67	I	M	A1KQY9
P05783	84	M	I	A1KQY9
P05783	90	R	C	A1KQY9
P05783	92	A	P	A1KQY9
P05783	100	S	R	A1KQY9
P05783	103	T	N	A1KQY9
P05783	106	R	W	A1KQY9
P05783	121	P	S	A1KQY9
P05783	122	Q	P	A1KQY9
P05783	123	V	D	A1KQY9
P05783	230	S	T	A1KQY9
P05783	230	S	T	A1KQY9
P05976	11	V	A	A0A2K5RS73
P06681	318	E	D	M3ZKU0
P06681	318	E	D	M3ZKU0
P06681	318	E	D	M3ZKU0
P06681	318	E	D	M3ZKU0
P06681	530	G	S	M3ZKU0
P06681	593	R	Q	M3ZKU0
P06681	593	R	Q	M3ZKU0
P06681	593	R	Q	M3ZKU0
P06681	593	R	Q	M3ZKU0
P06681	593	R	Q	M3ZKU0
P06681	612	S	N	M3ZKU0
P06681	612	S	N	M3ZKU0
P06681	612	S	N	M3ZKU0
P06681	612	S	N	M3ZKU0
P06681	612	S	N	M3ZKU0
P06681	612	S	N	M3ZKU0
P06681	641	V	A	M3ZKU0
P06681	641	V	A	M3ZKU0
P06681	641	V	A	M3ZKU0
P06681	641	V	A	M3ZKU0
P06681	641	V	A	M3ZKU0
P06681	641	V	A	M3ZKU0
P06681	641	V	A	M3ZKU0
P06681	318	E	D	M3ZKU0
P06681	318	E	D	M3ZKU0
P06681	318	E	D	M3ZKU0
P06681	318	E	D	M3ZKU0
P06681	318	E	D	M3ZKU0
P06681	530	G	S	M3ZKU0
P06681	593	R	Q	M3ZKU0
P06681	593	R	Q	M3ZKU0
P06681	593	R	Q	M3ZKU0
P06681	593	R	Q	M3ZKU0
P06681	593	R	Q	M3ZKU0
P06681	612	S	N	M3ZKU0
P06681	612	S	N	M3ZKU0
P06681	612	S	N	M3ZKU0
P06681	612	S	N	M3ZKU0
P06681	612	S	N	M3ZKU0
P06681	612	S	N	M3ZKU0
P06681	641	V	A	M3ZKU0
P06681	641	V	A	M3ZKU0
P06681	641	V	A	M3ZKU0
P06681	641	V	A	M3ZKU0
P06681	641	V	A	M3ZKU0
P06681	641	V	A	M3ZKU0
P06681	641	V	A	M3ZKU0
P06681	318	E	D	M3ZKU0
P06681	318	E	D	M3ZKU0
P06681	318	E	D	M3ZKU0
P06681	530	G	S	M3ZKU0
P06681	593	R	Q	M3ZKU0
P06681	593	R	Q	M3ZKU0
P06681	593	R	Q	M3ZKU0
P06681	593	R	Q	M3ZKU0
P06681	593	R	Q	M3ZKU0
P06681	612	S	N	M3ZKU0
P06681	612	S	N	M3ZKU0
P06681	612	S	N	M3ZKU0
P06681	612	S	N	M3ZKU0
P06681	612	S	N	M3ZKU0
P06681	612	S	N	M3ZKU0
P06681	641	V	A	M3ZKU0
P06681	641	V	A	M3ZKU0
P06681	641	V	A	M3ZKU0
P06681	641	V	A	M3ZKU0
P06681	641	V	A	M3ZKU0
P06681	641	V	A	M3ZKU0
P06681	641	V	A	M3ZKU0
P06681	318	E	D	M3ZKU0
P06681	318	E	D	M3ZKU0
P06681	318	E	D	M3ZKU0
P06681	318	E	D	M3ZKU0
P06681	318	E	D	M3ZKU0
P06681	530	G	S	M3ZKU0
P06681	593	R	Q	M3ZKU0
P06681	593	R	Q	M3ZKU0
P06681	593	R	Q	M3ZKU0
P06681	593	R	Q	M3ZKU0
P06681	593	R	Q	M3ZKU0
P06681	612	S	N	M3ZKU0
P06681	612	S	N	M3ZKU0
P06681	612	S	N	M3ZKU0
P06681	612	S	N	M3ZKU0
P06681	612	S	N	M3ZKU0
P06681	612	S	N	M3ZKU0
P06681	641	V	A	M3ZKU0
P06681	641	V	A	M3ZKU0
P06681	641	V	A	M3ZKU0
P06681	641	V	A	M3ZKU0
P06681	641	V	A	M3ZKU0
P06681	641	V	A	M3ZKU0
P06681	641	V	A	M3ZKU0
P06681	318	E	D	M3ZKU0
P06681	318	E	D	M3ZKU0
P06681	318	E	D	M3ZKU0
P06681	318	E	D	M3ZKU0
P06681	318	E	D	M3ZKU0
P06681	530	G	S	M3ZKU0
P06681	593	R	Q	M3ZKU0
P06681	593	R	Q	M3ZKU0
P06681	593	R	Q	M3ZKU0
P06681	593	R	Q	M3ZKU0
P06681	593	R	Q	M3ZKU0
P06681	612	S	N	M3ZKU0
P06681	612	S	N	M3ZKU0
P06681	612	S	N	M3ZKU0
P06681	612	S	N	M3ZKU0
P06681	612	S	N	M3ZKU0
P06681	612	S	N	M3ZKU0
P06681	641	V	A	M3ZKU0
P06681	641	V	A	M3ZKU0
P06681	641	V	A	M3ZKU0
P06681	641	V	A	M3ZKU0
P06681	641	V	A	M3ZKU0
P06681	641	V	A	M3ZKU0
P06681	641	V	A	M3ZKU0
P06681	318	E	D	M3ZKU0
P06681	318	E	D	M3ZKU0
P06681	318	E	D	M3ZKU0
P06681	318	E	D	M3ZKU0
P06681	318	E	D	M3ZKU0
P06681	530	G	S	M3ZKU0
P06681	593	R	Q	M3ZKU0
P06681	593	R	Q	M3ZKU0
P06681	593	R	Q	M3ZKU0
P06681	593	R	Q	M3ZKU0
P06681	593	R	Q	M3ZKU0
P06681	612	S	N	M3ZKU0
P06681	612	S	N	M3ZKU0
P06681	612	S	N	M3ZKU0
P06681	612	S	N	M3ZKU0
P06681	612	S	N	M3ZKU0
P06681	612	S	N	M3ZKU0
P06681	641	V	A	M3ZKU0
P06681	641	V	A	M3ZKU0
P06681	641	V	A	M3ZKU0
P06681	641	V	A	M3ZKU0
P06681	641	V	A	M3ZKU0
P06681	641	V	A	M3ZKU0
P06681	641	V	A	M3ZKU0
P06681	318	E	D	M3ZKU0
P06681	318	E	D	M3ZKU0
P06681	318	E	D	M3ZKU0
P06681	318	E	D	M3ZKU0
P06681	318	E	D	M3ZKU0
P06681	530	G	S	M3ZKU0
P06681	593	R	Q	M3ZKU0
P06681	593	R	Q	M3ZKU0
P06681	593	R	Q	M3ZKU0
P06681	593	R	Q	M3ZKU0
P06681	593	R	Q	M3ZKU0
P06681	612	S	N	M3ZKU0
P06681	612	S	N	M3ZKU0
P06681	612	S	N	M3ZKU0
P06681	612	S	N	M3ZKU0
P06681	612	S	N	M3ZKU0
P06681	612	S	N	M3ZKU0
P06681	641	V	A	M3ZKU0
P06681	641	V	A	M3ZKU0
P06681	641	V	A	M3ZKU0
P06681	641	V	A	M3ZKU0
P06681	641	V	A	M3ZKU0
P06681	641	V	A	M3ZKU0
P06681	641	V	A	M3ZKU0
P06732	83	E	G	G3UTB0
P07195	158	R	C	L5KMJ3
P07195	158	R	C	L5KMJ3
P07195	158	R	C	L5KMJ3
P07195	158	R	C	L5KMJ3
P07203	200	P	L	A0A2I3GW75
P07203	200	P	L	A0A2I3GW75
P07203	200	P	L	A0A2I3GW75
P07203	200	P	L	A0A2I3GW75
P07204	14	G	S	B3KVV1
P07204	14	G	S	B3KVV1
P07204	14	G	S	B3KVV1
P07204	116	N	T	B3KVV1
P07204	116	N	T	B3KVV1
P07204	116	N	T	B3KVV1
P07204	403	R	K	B3KVV1
P07204	403	R	K	B3KVV1
P07204	403	R	K	B3KVV1
P07204	403	R	K	B3KVV1
P07204	430	G	S	B3KVV1
P07204	454	V	A	B3KVV1
P07204	506	T	N	B3KVV1
P07476	113	T	A	P17941
P07476	179	Q	E	P17941
P07476	180	E	K	P17941
P07476	180	E	K	P17941
P07476	237	Q	E	P17941
P07476	237	Q	E	P17941
P07476	255	L	F	P17941
P07476	255	L	F	P17941
P07476	294	K	N	P17941
P07476	294	K	N	P17941
P07476	297	D	E	P17941
P07476	348	Q	H	P17941
P07476	348	Q	H	P17941
P07476	450	L	M	P17941
P07476	450	L	M	P17941
P07476	480	V	L	P17941
P07476	505	Q	E	P17941
P07476	505	Q	E	P17941
P07492	4	R	S	A0A2J8W3A1
P08254	45	K	E	D3YV89
P08254	45	K	E	D3YV89
P08254	45	K	E	D3YV89
P08254	153	Y	H	D3YV89
P08254	153	Y	H	D3YV89
P08254	160	M	L	D3YV89
P08254	160	M	I	D3YV89
P08254	160	M	I	D3YV89
P08254	160	M	L	D3YV89
P08294	58	A	T	G1PZI4
P08294	91	A	T	G1PZI4
P08294	91	A	T	G1PZI4
P08319	309	I	V	W0UF47
P08319	374	V	I	W0UF47
P08559	2	R	T	A0A2R8MHL0
P08559	6	A	T	A0A2R8MHL0
P08559	6	A	T	A0A2R8MHL0
P08559	33	D	H	A0A2R8MHL0
P08559	33	D	H	A0A2R8MHL0
P08559	33	D	H	A0A2R8MHL0
P08559	33	D	H	A0A2R8MHL0
P08559	33	D	H	A0A2R8MHL0
P08559	42	D	E	A0A2R8MHL0
P08559	45	R	Q	A0A2R8MHL0
P08559	47	E	K	A0A2R8MHL0
P08559	262	V	I	A0A2R8MHL0
P08559	262	V	I	A0A2R8MHL0
P08559	262	V	I	A0A2R8MHL0
P08559	262	V	I	A0A2R8MHL0
P08559	282	M	L	A0A2R8MHL0
P08559	282	M	L	A0A2R8MHL0
P08559	282	M	L	A0A2R8MHL0
P08559	282	M	L	A0A2R8MHL0
P08559	282	M	L	A0A2R8MHL0
P08559	282	M	L	A0A2R8MHL0
P08559	328	N	S	A0A2R8MHL0
P08559	333	E	D	A0A2R8MHL0
P08559	333	E	D	A0A2R8MHL0
P08559	333	E	D	A0A2R8MHL0
P08559	333	E	D	A0A2R8MHL0
P08559	333	E	D	A0A2R8MHL0
P08559	367	H	Y	A0A2R8MHL0
P08559	367	H	Y	A0A2R8MHL0
P08559	367	H	Y	A0A2R8MHL0
P08559	372	D	N	A0A2R8MHL0
P08559	372	D	N	A0A2R8MHL0
P08559	372	D	N	A0A2R8MHL0
P08559	372	D	N	A0A2R8MHL0
P08559	372	D	N	A0A2R8MHL0
P08582	55	V	I	H3BCZ0
P08582	55	V	I	H3BCZ0
P08582	294	R	Q	H3BCZ0
P08582	409	R	Q	H3BCZ0
P08582	480	F	S	H3BCZ0
P08582	559	A	T	H3BCZ0
P08651	417	A	S	V9KS27
P08697	2	A	V	A0A0S3NUB0
P08697	2	A	V	A0A0S3NUB0
P08697	2	A	V	A0A0S3NUB0
P08697	33	R	W	A0A0S3NUB0
P08697	33	R	W	A0A0S3NUB0
P08697	138	A	T	A0A0S3NUB0
P08697	138	A	T	A0A0S3NUB0
P08697	242	R	K	A0A0S3NUB0
P08697	434	R	K	A0A0S3NUB0
P08697	434	R	K	A0A0S3NUB0
P08697	451	P	S	A0A0S3NUB0
P08697	466	G	R	A0A0S3NUB0
P08697	2	A	V	A0A0S3NUB0
P08697	2	A	V	A0A0S3NUB0
P08697	2	A	V	A0A0S3NUB0
P08697	33	R	W	A0A0S3NUB0
P08697	33	R	W	A0A0S3NUB0
P08697	138	A	T	A0A0S3NUB0
P08697	138	A	T	A0A0S3NUB0
P08697	242	R	K	A0A0S3NUB0
P08697	434	R	K	A0A0S3NUB0
P08697	434	R	K	A0A0S3NUB0
P08697	451	P	S	A0A0S3NUB0
P08697	466	G	R	A0A0S3NUB0
P08697	2	A	V	A0A0S3NUB0
P08697	2	A	V	A0A0S3NUB0
P08697	2	A	V	A0A0S3NUB0
P08697	33	R	W	A0A0S3NUB0
P08697	33	R	W	A0A0S3NUB0
P08697	138	A	T	A0A0S3NUB0
P08697	138	A	T	A0A0S3NUB0
P08697	242	R	K	A0A0S3NUB0
P08697	434	R	K	A0A0S3NUB0
P08697	434	R	K	A0A0S3NUB0
P08697	451	P	S	A0A0S3NUB0
P08697	466	G	R	A0A0S3NUB0
P08697	2	A	V	A0A0S3NUB0
P08697	2	A	V	A0A0S3NUB0
P08697	2	A	V	A0A0S3NUB0
P08697	2	A	V	A0A0S3NUB0
P08697	2	A	V	A0A0S3NUB0
P08697	33	R	W	A0A0S3NUB0
P08697	33	R	W	A0A0S3NUB0
P08697	33	R	W	A0A0S3NUB0
P08697	138	A	T	A0A0S3NUB0
P08697	138	A	T	A0A0S3NUB0
P08697	242	R	K	A0A0S3NUB0
P08697	434	R	K	A0A0S3NUB0
P08697	434	R	K	A0A0S3NUB0
P08697	434	R	K	A0A0S3NUB0
P08697	434	R	K	A0A0S3NUB0
P08697	451	P	S	A0A0S3NUB0
P08697	451	P	S	A0A0S3NUB0
P08697	451	P	S	A0A0S3NUB0
P08697	466	G	R	A0A0S3NUB0
P08697	2	A	V	A0A0S3NUB0
P08697	2	A	V	A0A0S3NUB0
P08697	2	A	V	A0A0S3NUB0
P08697	2	A	V	A0A0S3NUB0
P08697	2	A	V	A0A0S3NUB0
P08697	33	R	W	A0A0S3NUB0
P08697	33	R	W	A0A0S3NUB0
P08697	33	R	W	A0A0S3NUB0
P08697	138	A	T	A0A0S3NUB0
P08697	138	A	T	A0A0S3NUB0
P08697	242	R	K	A0A0S3NUB0
P08697	434	R	K	A0A0S3NUB0
P08697	434	R	K	A0A0S3NUB0
P08697	434	R	K	A0A0S3NUB0
P08697	434	R	K	A0A0S3NUB0
P08697	451	P	S	A0A0S3NUB0
P08697	451	P	S	A0A0S3NUB0
P08697	451	P	S	A0A0S3NUB0
P08697	466	G	R	A0A0S3NUB0
P09210	110	P	S	A0A2P4T471
P09210	112	S	T	A0A2P4T471
P09210	210	E	A	A0A2P4T471
P09237	7	C	W	Q9TV55
P09237	51	N	H	Q9TV55
P09237	51	N	H	Q9TV55
P09237	77	R	H	Q9TV55
P09237	241	P	L	Q9TV55
P09237	241	P	L	Q9TV55
P09238	4	L	V	D3YV89
P09238	53	R	K	D3YV89
P09238	65	G	R	D3YV89
P09238	105	M	K	D3YV89
P09238	105	M	K	D3YV89
P09429	181	S	G	L9LE73
P09429	181	S	G	L9LE73
P09429	181	S	G	L9LE73
P09429	181	S	G	L9LE73
P09429	181	S	G	L9LE73
P09429	181	S	G	L9LE73
P09429	181	S	G	L9LE73
P09429	181	S	G	L9LE73
P09601	7	D	H	Q3U5U6
P09601	226	K	E	Q3U5U6
P09601	266	P	L	Q3U5U6
P09603	408	L	P	G1U8S7
P09603	438	G	R	G1U8S7
P09603	489	F	S	G1U8S7
P09603	531	A	V	G1U8S7
P09603	531	A	V	G1U8S7
P09603	408	L	P	G1U8S7
P09603	438	G	R	G1U8S7
P09603	489	F	S	G1U8S7
P09603	531	A	V	G1U8S7
P09603	531	A	V	G1U8S7
P09848	101	S	G	F1S0D7
P09848	101	S	G	F1S0D7
P09848	101	S	G	F1S0D7
P09848	152	A	T	F1S0D7
P09848	152	A	T	F1S0D7
P09848	152	A	T	F1S0D7
P09848	152	A	T	F1S0D7
P09848	190	S	L	F1S0D7
P09848	219	V	I	F1S0D7
P09848	219	V	I	F1S0D7
P09848	219	V	I	F1S0D7
P09848	219	V	I	F1S0D7
P09848	219	V	I	F1S0D7
P09848	361	R	K	F1S0D7
P09848	362	I	V	F1S0D7
P09848	362	I	V	F1S0D7
P09848	362	I	V	F1S0D7
P09848	362	I	V	F1S0D7
P09848	362	I	V	F1S0D7
P09848	440	V	I	F1S0D7
P09848	440	V	I	F1S0D7
P09848	440	V	I	F1S0D7
P09848	905	D	G	F1S0D7
P09848	905	D	G	F1S0D7
P09848	905	D	G	F1S0D7
P09848	905	D	G	F1S0D7
P09848	1593	V	M	F1S0D7
P09848	1593	V	M	F1S0D7
P09848	1593	V	M	F1S0D7
P09848	1593	V	M	F1S0D7
P09848	1639	N	S	F1S0D7
P09848	1639	N	S	F1S0D7
P09848	1639	N	S	F1S0D7
P09848	1639	N	S	F1S0D7
P09848	1639	N	S	F1S0D7
P09848	1923	P	Q	F1S0D7
P09848	1923	P	Q	F1S0D7
P09848	1923	P	Q	F1S0D7
P09848	1923	P	Q	F1S0D7
P09919	154	L	M	L5JTJ0
P09919	154	L	M	L5JTJ0
P09919	171	A	T	L5JTJ0
P09919	171	A	T	L5JTJ0
P09958	43	A	V	W5LE17
P09958	43	A	V	W5LE17
P09958	43	A	V	W5LE17
P09958	43	A	V	W5LE17
P0C024	100	R	H	D3ZV74
P0C024	116	D	H	D3ZV74
P0C024	181	E	G	D3ZV74
P0C1H6	86	I	T	E2RH15
P0C1H6	86	I	T	E2RH15
P0C1S8	8	K	T	H0XWX5
P0C1S8	526	Y	D	H0XWX5
P0C1S8	526	Y	D	H0XWX5
P0C1S8	8	K	T	H0XWX5
P0C1S8	8	K	T	H0XWX5
P0C1S8	526	Y	D	H0XWX5
P0C1S8	526	Y	D	H0XWX5
P0C1S8	526	Y	D	H0XWX5
P0C1S8	526	Y	D	H0XWX5
P0C7H8	16	G	A	G1PA38
P0C7H8	59	R	C	G1PA38
P0C7H8	73	C	Y	G1PA38
P0C7H8	95	A	V	G1PA38
P0CG12	179	P	S	A0A1U7UHR2
P0CG12	361	P	T	A0A1U7UHR2
P0CG12	179	P	S	A0A1U7UHR2
P0CG12	361	P	T	A0A1U7UHR2
P0DJI8	70	A	V	A0A2K6MIY0
P0DJI8	75	V	A	A0A2K6MIY0
P0DJI8	77	T	S	A0A2K6MIY0
P0DJI8	86	F	L	A0A2K6MIY0
P0DJI8	87	F	S	A0A2K6MIY0
P0DJI8	87	F	L	A0A2K6MIY0
P0DJI8	87	F	I	A0A2K6MIY0
P0DJI8	90	G	D	A0A2K6MIY0
P0DJI8	121	K	R	A0A2K6MIY0
P0DJI8	70	A	V	A0A2K6MIY0
P0DJI8	75	V	A	A0A2K6MIY0
P0DJI8	77	T	S	A0A2K6MIY0
P0DJI8	86	F	L	A0A2K6MIY0
P0DJI8	87	F	L	A0A2K6MIY0
P0DJI8	87	F	S	A0A2K6MIY0
P0DJI8	87	F	I	A0A2K6MIY0
P0DJI8	90	G	D	A0A2K6MIY0
P0DJI8	121	K	R	A0A2K6MIY0
P0DJI9	70	A	V	A0A2K6MIY0
P0DJI9	75	V	A	A0A2K6MIY0
P0DJI9	89	R	H	A0A2K6MIY0
P0DJI9	70	A	V	A0A2K6MIY0
P0DJI9	75	V	A	A0A2K6MIY0
P0DJI9	89	R	H	A0A2K6MIY0
P0DJI9	70	A	V	A0A2K6MIY0
P0DJI9	75	V	A	A0A2K6MIY0
P0DJI9	89	R	H	A0A2K6MIY0
P0DMS9	90	L	V	W5QEB7
P0DN86	137	D	A	A0A2I2Z3G3
P0DN86	137	D	A	A0A2I2Z3G3
P0DN86	137	D	A	A0A2I2Z3G3
P0DN86	137	D	A	A0A2I2Z3G3
P0DN86	137	D	A	A0A2I2Z3G3
P10073	381	E	K	G3VZJ1
P10242	336	T	I	G7MQB1
P10242	336	T	I	G7MQB1
P10242	543	T	N	G7MQB1
P10242	543	T	N	G7MQB1
P10244	191	S	N	G7MQB1
P10244	191	S	N	G7MQB1
P10244	231	V	F	G7MQB1
P10244	231	V	F	G7MQB1
P10244	341	N	S	G7MQB1
P10244	341	N	S	G7MQB1
P10244	427	S	G	G7MQB1
P10244	595	V	M	G7MQB1
P10244	595	V	M	G7MQB1
P10244	624	I	M	G7MQB1
P10253	40	R	Q	A0A2Y9FWA5
P10253	40	R	Q	A0A2Y9FWA5
P10253	40	R	Q	A0A2Y9FWA5
P10253	91	D	N	A0A2Y9FWA5
P10253	91	D	N	A0A2Y9FWA5
P10253	91	D	N	A0A2Y9FWA5
P10253	91	D	N	A0A2Y9FWA5
P10253	91	D	N	A0A2Y9FWA5
P10253	123	G	E	A0A2Y9FWA5
P10253	123	G	E	A0A2Y9FWA5
P10253	123	G	E	A0A2Y9FWA5
P10253	199	H	R	A0A2Y9FWA5
P10253	199	H	R	A0A2Y9FWA5
P10253	199	H	R	A0A2Y9FWA5
P10253	199	H	R	A0A2Y9FWA5
P10253	199	H	R	A0A2Y9FWA5
P10253	204	A	T	A0A2Y9FWA5
P10253	222	V	M	A0A2Y9FWA5
P10253	222	V	M	A0A2Y9FWA5
P10253	222	V	M	A0A2Y9FWA5
P10253	222	V	M	A0A2Y9FWA5
P10253	223	R	H	A0A2Y9FWA5
P10253	223	R	H	A0A2Y9FWA5
P10253	223	R	H	A0A2Y9FWA5
P10253	223	R	H	A0A2Y9FWA5
P10253	223	R	H	A0A2Y9FWA5
P10253	226	L	V	A0A2Y9FWA5
P10253	226	L	V	A0A2Y9FWA5
P10253	226	L	V	A0A2Y9FWA5
P10253	226	L	V	A0A2Y9FWA5
P10253	226	L	V	A0A2Y9FWA5
P10253	429	Q	E	A0A2Y9FWA5
P10253	429	Q	R	A0A2Y9FWA5
P10253	429	Q	E	A0A2Y9FWA5
P10253	429	Q	R	A0A2Y9FWA5
P10253	429	Q	E	A0A2Y9FWA5
P10253	429	Q	E	A0A2Y9FWA5
P10253	429	Q	R	A0A2Y9FWA5
P10253	429	Q	E	A0A2Y9FWA5
P10253	429	Q	R	A0A2Y9FWA5
P10253	429	Q	R	A0A2Y9FWA5
P10253	429	Q	R	A0A2Y9FWA5
P10253	448	S	T	A0A2Y9FWA5
P10253	448	S	T	A0A2Y9FWA5
P10253	449	S	L	A0A2Y9FWA5
P10253	449	S	L	A0A2Y9FWA5
P10253	451	P	R	A0A2Y9FWA5
P10253	451	P	R	A0A2Y9FWA5
P10253	451	P	R	A0A2Y9FWA5
P10253	451	P	R	A0A2Y9FWA5
P10253	576	G	S	A0A2Y9FWA5
P10253	576	G	S	A0A2Y9FWA5
P10253	576	G	S	A0A2Y9FWA5
P10253	689	E	K	A0A2Y9FWA5
P10253	689	E	K	A0A2Y9FWA5
P10253	689	E	K	A0A2Y9FWA5
P10253	689	E	K	A0A2Y9FWA5
P10253	689	E	K	A0A2Y9FWA5
P10253	689	E	K	A0A2Y9FWA5
P10253	736	S	N	A0A2Y9FWA5
P10253	736	S	N	A0A2Y9FWA5
P10253	739	T	S	A0A2Y9FWA5
P10253	739	T	S	A0A2Y9FWA5
P10253	780	V	I	A0A2Y9FWA5
P10253	780	V	I	A0A2Y9FWA5
P10253	780	V	I	A0A2Y9FWA5
P10253	780	V	I	A0A2Y9FWA5
P10253	794	R	H	A0A2Y9FWA5
P10253	798	I	V	A0A2Y9FWA5
P10253	816	V	I	A0A2Y9FWA5
P10253	816	V	I	A0A2Y9FWA5
P10253	816	V	I	A0A2Y9FWA5
P10253	816	V	I	A0A2Y9FWA5
P10253	816	V	I	A0A2Y9FWA5
P10253	881	R	G	A0A2Y9FWA5
P10253	890	V	L	A0A2Y9FWA5
P10253	890	V	L	A0A2Y9FWA5
P10253	890	V	L	A0A2Y9FWA5
P10253	890	V	L	A0A2Y9FWA5
P10253	927	T	I	A0A2Y9FWA5
P10253	927	T	I	A0A2Y9FWA5
P10253	927	T	I	A0A2Y9FWA5
P10253	927	T	I	A0A2Y9FWA5
P10253	40	R	Q	A0A2Y9FWA5
P10253	40	R	Q	A0A2Y9FWA5
P10253	40	R	Q	A0A2Y9FWA5
P10253	91	D	N	A0A2Y9FWA5
P10253	91	D	N	A0A2Y9FWA5
P10253	91	D	N	A0A2Y9FWA5
P10253	91	D	N	A0A2Y9FWA5
P10253	91	D	N	A0A2Y9FWA5
P10253	123	G	E	A0A2Y9FWA5
P10253	123	G	E	A0A2Y9FWA5
P10253	123	G	E	A0A2Y9FWA5
P10253	199	H	R	A0A2Y9FWA5
P10253	199	H	R	A0A2Y9FWA5
P10253	199	H	R	A0A2Y9FWA5
P10253	199	H	R	A0A2Y9FWA5
P10253	199	H	R	A0A2Y9FWA5
P10253	204	A	T	A0A2Y9FWA5
P10253	222	V	M	A0A2Y9FWA5
P10253	222	V	M	A0A2Y9FWA5
P10253	222	V	M	A0A2Y9FWA5
P10253	222	V	M	A0A2Y9FWA5
P10253	223	R	H	A0A2Y9FWA5
P10253	223	R	H	A0A2Y9FWA5
P10253	223	R	H	A0A2Y9FWA5
P10253	223	R	H	A0A2Y9FWA5
P10253	223	R	H	A0A2Y9FWA5
P10253	226	L	V	A0A2Y9FWA5
P10253	226	L	V	A0A2Y9FWA5
P10253	226	L	V	A0A2Y9FWA5
P10253	226	L	V	A0A2Y9FWA5
P10253	226	L	V	A0A2Y9FWA5
P10253	429	Q	R	A0A2Y9FWA5
P10253	429	Q	E	A0A2Y9FWA5
P10253	429	Q	E	A0A2Y9FWA5
P10253	429	Q	E	A0A2Y9FWA5
P10253	429	Q	E	A0A2Y9FWA5
P10253	429	Q	R	A0A2Y9FWA5
P10253	429	Q	R	A0A2Y9FWA5
P10253	429	Q	R	A0A2Y9FWA5
P10253	429	Q	E	A0A2Y9FWA5
P10253	429	Q	R	A0A2Y9FWA5
P10253	429	Q	R	A0A2Y9FWA5
P10253	448	S	T	A0A2Y9FWA5
P10253	448	S	T	A0A2Y9FWA5
P10253	449	S	L	A0A2Y9FWA5
P10253	449	S	L	A0A2Y9FWA5
P10253	451	P	R	A0A2Y9FWA5
P10253	451	P	R	A0A2Y9FWA5
P10253	451	P	R	A0A2Y9FWA5
P10253	451	P	R	A0A2Y9FWA5
P10253	576	G	S	A0A2Y9FWA5
P10253	576	G	S	A0A2Y9FWA5
P10253	576	G	S	A0A2Y9FWA5
P10253	689	E	K	A0A2Y9FWA5
P10253	689	E	K	A0A2Y9FWA5
P10253	689	E	K	A0A2Y9FWA5
P10253	689	E	K	A0A2Y9FWA5
P10253	689	E	K	A0A2Y9FWA5
P10253	689	E	K	A0A2Y9FWA5
P10253	736	S	N	A0A2Y9FWA5
P10253	736	S	N	A0A2Y9FWA5
P10253	739	T	S	A0A2Y9FWA5
P10253	739	T	S	A0A2Y9FWA5
P10253	780	V	I	A0A2Y9FWA5
P10253	780	V	I	A0A2Y9FWA5
P10253	780	V	I	A0A2Y9FWA5
P10253	780	V	I	A0A2Y9FWA5
P10253	794	R	H	A0A2Y9FWA5
P10253	798	I	V	A0A2Y9FWA5
P10253	816	V	I	A0A2Y9FWA5
P10253	816	V	I	A0A2Y9FWA5
P10253	816	V	I	A0A2Y9FWA5
P10253	816	V	I	A0A2Y9FWA5
P10253	816	V	I	A0A2Y9FWA5
P10253	881	R	G	A0A2Y9FWA5
P10253	890	V	L	A0A2Y9FWA5
P10253	890	V	L	A0A2Y9FWA5
P10253	890	V	L	A0A2Y9FWA5
P10253	890	V	L	A0A2Y9FWA5
P10253	927	T	I	A0A2Y9FWA5
P10253	927	T	I	A0A2Y9FWA5
P10253	927	T	I	A0A2Y9FWA5
P10253	927	T	I	A0A2Y9FWA5
P10301	49	F	L	H0X290
P10301	49	F	L	H0X290
P10301	49	F	L	H0X290
P10301	49	F	L	H0X290
P10301	77	A	T	H0X290
P10301	77	A	T	H0X290
P10301	77	A	T	H0X290
P10301	77	A	T	H0X290
P10301	121	K	R	H0X290
P10301	121	K	R	H0X290
P10301	121	K	R	H0X290
P10301	133	D	N	H0X290
P10301	133	D	N	H0X290
P10301	133	D	N	H0X290
P10301	133	D	N	H0X290
P10301	190	V	L	H0X290
P10301	190	V	L	H0X290
P10301	190	V	L	H0X290
P10323	24	T	M	A0A2J8XTL1
P10323	24	T	M	A0A2J8XTL1
P10323	296	M	V	A0A2J8XTL1
P10323	296	M	V	A0A2J8XTL1
P10323	351	P	L	A0A2J8XTL1
P10323	24	T	M	A0A2J8XTL1
P10323	24	T	M	A0A2J8XTL1
P10323	296	M	V	A0A2J8XTL1
P10323	296	M	V	A0A2J8XTL1
P10619	294	D	N	A0A2U9BCE5
P10619	294	D	N	A0A2U9BCE5
P10619	294	D	N	A0A2U9BCE5
P10619	294	D	N	A0A2U9BCE5
P10619	294	D	N	A0A2U9BCE5
P10619	294	D	N	A0A2U9BCE5
P10619	294	D	N	A0A2U9BCE5
P10619	294	D	N	A0A2U9BCE5
P10619	294	D	N	A0A2U9BCE5
P10619	294	D	N	A0A2U9BCE5
P10619	294	D	N	A0A2U9BCE5
P10619	294	D	N	A0A2U9BCE5
P10767	36	V	A	Q9DFC9
P10767	174	D	V	Q9DFC9
P10909	128	V	I	W5PZI0
P10909	128	V	I	W5PZI0
P10909	203	T	I	W5PZI0
P10909	203	T	I	W5PZI0
P10909	203	T	I	W5PZI0
P10909	317	N	H	W5PZI0
P10909	328	D	N	W5PZI0
P10909	328	D	N	W5PZI0
P10909	396	S	L	W5PZI0
P10909	396	S	L	W5PZI0
P10909	128	V	I	W5PZI0
P10909	128	V	I	W5PZI0
P10909	203	T	I	W5PZI0
P10909	203	T	I	W5PZI0
P10909	203	T	I	W5PZI0
P10909	317	N	H	W5PZI0
P10909	328	D	N	W5PZI0
P10909	328	D	N	W5PZI0
P10909	396	S	L	W5PZI0
P10909	396	S	L	W5PZI0
P10909	128	V	I	W5PZI0
P10909	128	V	I	W5PZI0
P10909	203	T	I	W5PZI0
P10909	203	T	I	W5PZI0
P10909	203	T	I	W5PZI0
P10909	317	N	H	W5PZI0
P10909	328	D	N	W5PZI0
P10909	328	D	N	W5PZI0
P10909	396	S	L	W5PZI0
P10909	396	S	L	W5PZI0
P11150	95	V	M	U3IMP7
P11150	95	V	M	U3IMP7
P11150	95	V	M	U3IMP7
P11150	215	N	S	U3IMP7
P11150	215	N	S	U3IMP7
P11150	215	N	S	U3IMP7
P11150	215	N	S	U3IMP7
P11150	355	Q	R	U3IMP7
P11150	355	Q	R	U3IMP7
P11150	355	Q	R	U3IMP7
P11150	355	Q	R	U3IMP7
P11150	356	F	L	U3IMP7
P11150	356	F	L	U3IMP7
P11150	356	F	L	U3IMP7
P11150	356	F	L	U3IMP7
P11150	95	V	M	U3IMP7
P11150	95	V	M	U3IMP7
P11150	95	V	M	U3IMP7
P11150	215	N	S	U3IMP7
P11150	215	N	S	U3IMP7
P11150	215	N	S	U3IMP7
P11150	215	N	S	U3IMP7
P11150	355	Q	R	U3IMP7
P11150	355	Q	R	U3IMP7
P11150	355	Q	R	U3IMP7
P11150	355	Q	R	U3IMP7
P11150	356	F	L	U3IMP7
P11150	356	F	L	U3IMP7
P11150	356	F	L	U3IMP7
P11150	356	F	L	U3IMP7
P11166	46	Q	H	M7B6D5
P11166	46	Q	H	M7B6D5
P11166	46	Q	H	M7B6D5
P11166	46	Q	H	M7B6D5
P11166	46	Q	H	M7B6D5
P11166	77	M	V	M7B6D5
P11166	77	M	V	M7B6D5
P11166	104	F	L	M7B6D5
P11166	104	F	L	M7B6D5
P11166	104	F	L	M7B6D5
P11166	104	F	L	M7B6D5
P11166	104	F	L	M7B6D5
P11166	104	F	L	M7B6D5
P11166	104	F	L	M7B6D5
P11166	104	F	L	M7B6D5
P11166	406	V	I	M7B6D5
P11166	406	V	I	M7B6D5
P11166	423	Q	R	M7B6D5
P11166	423	Q	R	M7B6D5
P11166	433	V	I	M7B6D5
P11168	68	P	L	S7NU55
P11168	68	P	L	S7NU55
P11168	68	P	L	S7NU55
P11168	68	P	L	S7NU55
P11168	68	P	L	S7NU55
P11168	101	V	I	S7NU55
P11168	101	V	I	S7NU55
P11168	101	V	I	S7NU55
P11168	101	V	I	S7NU55
P11168	110	T	I	S7NU55
P11168	110	T	I	S7NU55
P11168	110	T	I	S7NU55
P11168	110	T	I	S7NU55
P11168	198	T	K	S7NU55
P11168	468	L	V	S7NU55
P11168	468	L	V	S7NU55
P11168	468	L	V	S7NU55
P11168	519	G	E	S7NU55
P11168	519	G	E	S7NU55
P11168	519	G	E	S7NU55
P11169	54	P	S	V8NIY4
P11169	54	P	S	V8NIY4
P11169	244	D	E	V8NIY4
P11169	482	E	G	V8NIY4
P11172	30	S	G	A0A1U8BAN3
P11172	30	S	G	A0A1U8BAN3
P11172	30	S	G	A0A1U8BAN3
P11172	30	S	G	A0A1U8BAN3
P11172	96	R	G	A0A1U8BAN3
P11172	96	R	G	A0A1U8BAN3
P11172	96	R	G	A0A1U8BAN3
P11172	213	G	A	A0A1U8BAN3
P11172	213	G	A	A0A1U8BAN3
P11172	213	G	A	A0A1U8BAN3
P11172	213	G	A	A0A1U8BAN3
P11172	213	G	A	A0A1U8BAN3
P11172	429	G	R	A0A1U8BAN3
P11172	429	G	R	A0A1U8BAN3
P11172	429	G	R	A0A1U8BAN3
P11172	446	I	V	A0A1U8BAN3
P11172	446	I	V	A0A1U8BAN3
P11172	446	I	V	A0A1U8BAN3
P11172	446	I	V	A0A1U8BAN3
P11182	13	N	D	F7FPX4
P11182	21	R	H	F7FPX4
P11182	26	C	R	F7FPX4
P11182	169	R	Q	F7FPX4
P11182	179	R	H	F7FPX4
P11182	239	I	V	F7FPX4
P11182	242	S	P	F7FPX4
P11182	245	P	T	F7FPX4
P11182	351	E	Q	F7FPX4
P11182	384	S	G	F7FPX4
P11182	437	E	K	F7FPX4
P11388	88	I	T	A0A146V9E8
P11388	88	I	T	A0A146V9E8
P11388	303	M	I	A0A146V9E8
P11388	303	M	I	A0A146V9E8
P11388	774	N	I	A0A146V9E8
P11388	774	N	I	A0A146V9E8
P11388	893	K	R	A0A146V9E8
P11388	893	K	R	A0A146V9E8
P11388	1097	V	A	A0A146V9E8
P11388	1097	V	A	A0A146V9E8
P11388	1160	R	S	A0A146V9E8
P11388	1160	R	S	A0A146V9E8
P11388	1197	G	A	A0A146V9E8
P11388	1197	G	E	A0A146V9E8
P11388	1197	G	E	A0A146V9E8
P11388	1197	G	A	A0A146V9E8
P11388	1386	G	D	A0A146V9E8
P11388	1515	A	S	A0A146V9E8
P11464	33	T	N	A0A2K5W4J9
P11464	41	E	Q	A0A2K5W4J9
P11464	43	T	P	A0A2K5W4J9
P11464	61	N	S	A0A2K5W4J9
P11464	272	I	T	A0A2K5W4J9
P11464	272	I	M	A0A2K5W4J9
P11464	273	W	S	A0A2K5W4J9
P11464	312	I	T	A0A2K5W4J9
P11464	319	I	V	A0A2K5W4J9
P11464	320	R	G	A0A2K5W4J9
P11464	418	V	F	A0A2K5W4J9
P11717	232	T	A	C3ZMD5
P11717	232	T	A	C3ZMD5
P11717	249	R	W	C3ZMD5
P11717	249	R	W	C3ZMD5
P11717	252	L	V	C3ZMD5
P11717	817	L	V	C3ZMD5
P11717	817	L	V	C3ZMD5
P11717	1107	T	M	C3ZMD5
P11717	1107	T	M	C3ZMD5
P11717	1335	R	H	C3ZMD5
P11717	1335	R	H	C3ZMD5
P11717	1619	R	G	C3ZMD5
P11717	1752	A	V	C3ZMD5
P11717	1752	A	V	C3ZMD5
P11717	1822	T	M	C3ZMD5
P11717	1822	T	M	C3ZMD5
P11717	1832	R	H	C3ZMD5
P11717	1832	R	H	C3ZMD5
P11717	1901	V	I	C3ZMD5
P11717	1901	V	I	C3ZMD5
P11717	2020	N	S	C3ZMD5
P11926	84	G	R	S9WGP8
P11926	84	G	R	S9WGP8
P11926	84	G	R	S9WGP8
P11926	84	G	R	S9WGP8
P11926	84	G	R	S9WGP8
P11940	365	V	L	A0A2K6AE68
P11940	372	E	G	A0A2K6AE68
P11940	374	R	C	A0A2K6AE68
P11940	493	R	C	A0A2K6AE68
P11940	505	V	I	A0A2K6AE68
P11940	365	V	L	A0A2K6AE68
P11940	372	E	G	A0A2K6AE68
P11940	374	R	C	A0A2K6AE68
P11940	493	R	C	A0A2K6AE68
P11940	505	V	I	A0A2K6AE68
P11940	365	V	L	A0A2K6AE68
P11940	372	E	G	A0A2K6AE68
P11940	374	R	C	A0A2K6AE68
P11940	493	R	C	A0A2K6AE68
P11940	505	V	I	A0A2K6AE68
P11940	365	V	L	A0A2K6AE68
P11940	372	E	G	A0A2K6AE68
P11940	374	R	C	A0A2K6AE68
P11940	493	R	C	A0A2K6AE68
P11940	505	V	I	A0A2K6AE68
P11940	365	V	L	A0A2K6AE68
P11940	372	E	G	A0A2K6AE68
P11940	374	R	C	A0A2K6AE68
P11940	493	R	C	A0A2K6AE68
P11940	505	V	I	A0A2K6AE68
P11940	365	V	L	A0A2K6AE68
P11940	372	E	G	A0A2K6AE68
P11940	374	R	C	A0A2K6AE68
P11940	493	R	C	A0A2K6AE68
P11940	505	V	I	A0A2K6AE68
P11940	365	V	L	A0A2K6AE68
P11940	372	E	G	A0A2K6AE68
P11940	374	R	C	A0A2K6AE68
P11940	493	R	C	A0A2K6AE68
P11940	505	V	I	A0A2K6AE68
P12018	76	D	N	A0A2Y9ISG2
P12018	132	E	K	A0A2Y9ISG2
P12110	106	E	K	A0A1V4L0R0
P12110	106	E	K	A0A1V4L0R0
P12110	106	E	K	A0A1V4L0R0
P12110	106	E	K	A0A1V4L0R0
P12110	106	E	K	A0A1V4L0R0
P12110	106	E	K	A0A1V4L0R0
P12110	167	G	S	A0A1V4L0R0
P12110	167	G	S	A0A1V4L0R0
P12110	167	G	S	A0A1V4L0R0
P12110	167	G	S	A0A1V4L0R0
P12110	167	G	S	A0A1V4L0R0
P12110	182	E	K	A0A1V4L0R0
P12110	227	D	N	A0A1V4L0R0
P12110	227	D	N	A0A1V4L0R0
P12110	227	D	N	A0A1V4L0R0
P12110	278	E	K	A0A1V4L0R0
P12110	278	E	K	A0A1V4L0R0
P12110	278	E	K	A0A1V4L0R0
P12110	278	E	K	A0A1V4L0R0
P12110	278	E	K	A0A1V4L0R0
P12110	278	E	K	A0A1V4L0R0
P12110	399	S	N	A0A1V4L0R0
P12110	399	S	N	A0A1V4L0R0
P12110	399	S	N	A0A1V4L0R0
P12110	399	S	N	A0A1V4L0R0
P12110	399	S	N	A0A1V4L0R0
P12110	399	S	N	A0A1V4L0R0
P12110	518	P	S	A0A1V4L0R0
P12110	518	P	S	A0A1V4L0R0
P12110	518	P	S	A0A1V4L0R0
P12110	518	P	S	A0A1V4L0R0
P12110	518	P	S	A0A1V4L0R0
P12110	518	P	S	A0A1V4L0R0
P12110	541	D	N	A0A1V4L0R0
P12110	541	D	N	A0A1V4L0R0
P12110	554	K	R	A0A1V4L0R0
P12110	554	K	R	A0A1V4L0R0
P12110	554	K	R	A0A1V4L0R0
P12110	680	R	H	A0A1V4L0R0
P12110	680	R	H	A0A1V4L0R0
P12110	680	R	H	A0A1V4L0R0
P12110	680	R	H	A0A1V4L0R0
P12110	680	R	H	A0A1V4L0R0
P12110	680	R	H	A0A1V4L0R0
P12110	680	R	H	A0A1V4L0R0
P12110	734	R	C	A0A1V4L0R0
P12110	734	R	C	A0A1V4L0R0
P12110	752	V	I	A0A1V4L0R0
P12110	752	V	I	A0A1V4L0R0
P12110	778	D	N	A0A1V4L0R0
P12110	778	D	N	A0A1V4L0R0
P12110	778	D	N	A0A1V4L0R0
P12110	778	D	N	A0A1V4L0R0
P12110	778	D	N	A0A1V4L0R0
P12110	778	D	N	A0A1V4L0R0
P12110	784	R	H	A0A1V4L0R0
P12110	784	R	H	A0A1V4L0R0
P12110	784	R	H	A0A1V4L0R0
P12110	801	M	V	A0A1V4L0R0
P12110	835	V	I	A0A1V4L0R0
P12110	835	V	I	A0A1V4L0R0
P12110	835	V	I	A0A1V4L0R0
P12110	835	V	I	A0A1V4L0R0
P12110	835	V	I	A0A1V4L0R0
P12110	850	H	Y	A0A1V4L0R0
P12110	853	R	Q	A0A1V4L0R0
P12110	853	R	Q	A0A1V4L0R0
P12110	853	R	Q	A0A1V4L0R0
P12110	853	R	Q	A0A1V4L0R0
P12110	853	R	Q	A0A1V4L0R0
P12110	853	R	Q	A0A1V4L0R0
P12110	853	R	Q	A0A1V4L0R0
P12110	862	R	W	A0A1V4L0R0
P12110	867	R	W	A0A1V4L0R0
P12110	867	R	Q	A0A1V4L0R0
P12110	867	R	W	A0A1V4L0R0
P12110	867	R	W	A0A1V4L0R0
P12110	867	R	Q	A0A1V4L0R0
P12110	867	R	Q	A0A1V4L0R0
P12110	867	R	Q	A0A1V4L0R0
P12110	867	R	Q	A0A1V4L0R0
P12110	869	D	N	A0A1V4L0R0
P12110	869	D	N	A0A1V4L0R0
P12110	869	D	N	A0A1V4L0R0
P12110	919	A	T	A0A1V4L0R0
P12110	935	G	R	A0A1V4L0R0
P12110	935	G	R	A0A1V4L0R0
P12110	935	G	R	A0A1V4L0R0
P12110	935	G	R	A0A1V4L0R0
P12110	935	G	R	A0A1V4L0R0
P12110	935	G	R	A0A1V4L0R0
P12110	935	G	R	A0A1V4L0R0
P12110	980	V	M	A0A1V4L0R0
P12110	980	V	M	A0A1V4L0R0
P12110	982	M	V	A0A1V4L0R0
P12110	982	M	V	A0A1V4L0R0
P12110	982	M	V	A0A1V4L0R0
P12110	982	M	V	A0A1V4L0R0
P12110	982	M	V	A0A1V4L0R0
P12110	982	M	V	A0A1V4L0R0
P12110	994	A	T	A0A1V4L0R0
P12110	994	A	T	A0A1V4L0R0
P12110	994	A	T	A0A1V4L0R0
P12110	994	A	T	A0A1V4L0R0
P12110	994	A	T	A0A1V4L0R0
P12110	994	A	T	A0A1V4L0R0
P12110	994	A	T	A0A1V4L0R0
P12110	995	A	T	A0A1V4L0R0
P12110	995	A	T	A0A1V4L0R0
P12110	995	A	T	A0A1V4L0R0
P12110	995	A	T	A0A1V4L0R0
P12110	995	A	T	A0A1V4L0R0
P12110	995	A	T	A0A1V4L0R0
P12110	1006	A	V	A0A1V4L0R0
P12110	1006	A	V	A0A1V4L0R0
P12110	1006	A	V	A0A1V4L0R0
P12110	1006	A	V	A0A1V4L0R0
P12110	1015	I	L	A0A1V4L0R0
P12110	1015	I	L	A0A1V4L0R0
P12110	1015	I	L	A0A1V4L0R0
P12110	1015	I	L	A0A1V4L0R0
P12110	1015	I	L	A0A1V4L0R0
P12110	1015	I	L	A0A1V4L0R0
P12110	1015	I	L	A0A1V4L0R0
P12259	15	G	S	Q7TPK2
P12259	15	G	S	Q7TPK2
P12259	15	G	S	Q7TPK2
P12259	15	G	S	Q7TPK2
P12259	15	G	S	Q7TPK2
P12259	36	V	M	Q7TPK2
P12259	107	D	H	Q7TPK2
P12259	107	D	H	Q7TPK2
P12259	107	D	H	Q7TPK2
P12259	107	D	H	Q7TPK2
P12259	107	D	H	Q7TPK2
P12259	107	D	H	Q7TPK2
P12259	107	D	H	Q7TPK2
P12259	394	V	A	Q7TPK2
P12259	413	M	T	Q7TPK2
P12259	413	M	T	Q7TPK2
P12259	413	M	T	Q7TPK2
P12259	413	M	T	Q7TPK2
P12259	413	M	T	Q7TPK2
P12259	413	M	T	Q7TPK2
P12259	413	M	T	Q7TPK2
P12259	513	R	K	Q7TPK2
P12259	513	R	K	Q7TPK2
P12259	513	R	K	Q7TPK2
P12259	513	R	K	Q7TPK2
P12259	513	R	K	Q7TPK2
P12259	513	R	K	Q7TPK2
P12259	678	K	E	Q7TPK2
P12259	702	T	I	Q7TPK2
P12259	702	T	I	Q7TPK2
P12259	710	H	R	Q7TPK2
P12259	710	H	R	Q7TPK2
P12259	710	H	R	Q7TPK2
P12259	795	Q	E	Q7TPK2
P12259	795	Q	E	Q7TPK2
P12259	809	P	S	Q7TPK2
P12259	809	P	S	Q7TPK2
P12259	809	P	S	Q7TPK2
P12259	809	P	S	Q7TPK2
P12259	809	P	S	Q7TPK2
P12259	809	P	S	Q7TPK2
P12259	809	P	S	Q7TPK2
P12259	817	N	T	Q7TPK2
P12259	817	N	T	Q7TPK2
P12259	817	N	T	Q7TPK2
P12259	817	N	T	Q7TPK2
P12259	817	N	T	Q7TPK2
P12259	817	N	T	Q7TPK2
P12259	817	N	T	Q7TPK2
P12259	865	H	R	Q7TPK2
P12259	865	H	R	Q7TPK2
P12259	865	H	R	Q7TPK2
P12259	865	H	R	Q7TPK2
P12259	865	H	R	Q7TPK2
P12259	865	H	R	Q7TPK2
P12259	865	H	R	Q7TPK2
P12259	915	T	S	Q7TPK2
P12259	915	T	S	Q7TPK2
P12259	915	T	S	Q7TPK2
P12259	915	T	S	Q7TPK2
P12259	915	T	S	Q7TPK2
P12259	918	P	S	Q7TPK2
P12259	925	K	E	Q7TPK2
P12259	925	K	E	Q7TPK2
P12259	925	K	E	Q7TPK2
P12259	925	K	E	Q7TPK2
P12259	925	K	E	Q7TPK2
P12259	925	K	E	Q7TPK2
P12259	925	K	E	Q7TPK2
P12259	936	Q	E	Q7TPK2
P12259	980	R	L	Q7TPK2
P12259	980	R	L	Q7TPK2
P12259	1054	E	D	Q7TPK2
P12259	1054	E	D	Q7TPK2
P12259	1054	E	D	Q7TPK2
P12259	1074	N	S	Q7TPK2
P12259	1086	L	S	Q7TPK2
P12259	1146	H	Q	Q7TPK2
P12259	1146	H	Q	Q7TPK2
P12259	1146	H	Q	Q7TPK2
P12259	1146	H	Q	Q7TPK2
P12259	1146	H	Q	Q7TPK2
P12259	1149	S	F	Q7TPK2
P12259	1259	S	Y	Q7TPK2
P12259	1259	S	Y	Q7TPK2
P12259	1259	S	Y	Q7TPK2
P12259	1259	S	Y	Q7TPK2
P12259	1259	S	Y	Q7TPK2
P12259	1285	L	I	Q7TPK2
P12259	1285	L	I	Q7TPK2
P12259	1285	L	I	Q7TPK2
P12259	1285	L	I	Q7TPK2
P12259	1285	L	I	Q7TPK2
P12259	1285	L	I	Q7TPK2
P12259	1285	L	I	Q7TPK2
P12259	1318	Q	K	Q7TPK2
P12259	1318	Q	K	Q7TPK2
P12259	1318	Q	K	Q7TPK2
P12259	1318	Q	K	Q7TPK2
P12259	1318	Q	K	Q7TPK2
P12259	1327	H	R	Q7TPK2
P12259	1327	H	R	Q7TPK2
P12259	1327	H	R	Q7TPK2
P12259	1327	H	R	Q7TPK2
P12259	1327	H	R	Q7TPK2
P12259	1382	T	K	Q7TPK2
P12259	1397	L	F	Q7TPK2
P12259	1397	L	F	Q7TPK2
P12259	1397	L	F	Q7TPK2
P12259	1397	L	F	Q7TPK2
P12259	1397	L	F	Q7TPK2
P12259	1397	L	F	Q7TPK2
P12259	1404	P	S	Q7TPK2
P12259	1404	P	S	Q7TPK2
P12259	1404	P	S	Q7TPK2
P12259	1404	P	S	Q7TPK2
P12259	1404	P	S	Q7TPK2
P12259	1404	P	S	Q7TPK2
P12259	1449	P	L	Q7TPK2
P12259	1820	M	I	Q7TPK2
P12259	1820	M	I	Q7TPK2
P12259	1820	M	I	Q7TPK2
P12259	1820	M	I	Q7TPK2
P12259	1820	M	I	Q7TPK2
P12259	1908	R	K	Q7TPK2
P12259	1908	R	K	Q7TPK2
P12259	2148	M	T	Q7TPK2
P12259	2148	M	T	Q7TPK2
P12259	2148	M	T	Q7TPK2
P12259	2148	M	T	Q7TPK2
P12259	2148	M	T	Q7TPK2
P12259	2148	M	T	Q7TPK2
P12259	2185	K	R	Q7TPK2
P12259	2185	K	R	Q7TPK2
P12259	2185	K	R	Q7TPK2
P12259	2222	D	G	Q7TPK2
P12259	2222	D	G	Q7TPK2
P12259	2222	D	G	Q7TPK2
P12259	2222	D	G	Q7TPK2
P12429	19	S	N	V9KKG3
P12429	19	S	N	V9KKG3
P12429	106	A	V	V9KKG3
P12429	219	I	N	V9KKG3
P12429	219	I	N	V9KKG3
P12429	313	I	T	V9KKG3
P12429	313	I	T	V9KKG3
P12532	399	R	H	J9NZ48
P12532	399	R	H	J9NZ48
P12532	399	R	H	J9NZ48
P12532	399	R	H	J9NZ48
P12532	399	R	H	J9NZ48
P12532	399	R	H	J9NZ48
P12643	37	S	A	A0A0P7YKC4
P12643	37	S	A	A0A0P7YKC4
P12643	37	S	A	A0A0P7YKC4
P12643	125	S	N	A0A0P7YKC4
P12643	125	S	N	A0A0P7YKC4
P12643	131	R	S	A0A0P7YKC4
P12643	131	R	S	A0A0P7YKC4
P12643	190	R	S	A0A0P7YKC4
P12643	190	R	S	A0A0P7YKC4
P12643	190	R	S	A0A0P7YKC4
P12643	190	R	S	A0A0P7YKC4
P12643	347	T	M	A0A0P7YKC4
P12643	347	T	M	A0A0P7YKC4
P12643	396	R	H	A0A0P7YKC4
P12644	76	S	R	Q9U418
P12644	76	S	R	Q9U418
P12644	76	S	R	Q9U418
P12644	132	T	A	Q9U418
P12644	132	T	A	Q9U418
P12644	152	V	A	Q9U418
P12644	152	V	A	Q9U418
P12644	152	V	A	Q9U418
P12644	152	V	A	Q9U418
P12644	152	V	A	Q9U418
P12644	152	V	A	Q9U418
P12644	152	V	A	Q9U418
P12644	226	R	Q	Q9U418
P12644	269	R	Q	Q9U418
P12644	269	R	Q	Q9U418
P12644	269	R	Q	Q9U418
P12644	287	R	H	Q9U418
P12644	287	R	H	Q9U418
P12644	287	R	H	Q9U418
P12644	287	R	H	Q9U418
P12644	76	S	R	Q9U418
P12644	76	S	R	Q9U418
P12644	76	S	R	Q9U418
P12644	132	T	A	Q9U418
P12644	132	T	A	Q9U418
P12644	152	V	A	Q9U418
P12644	152	V	A	Q9U418
P12644	152	V	A	Q9U418
P12644	152	V	A	Q9U418
P12644	152	V	A	Q9U418
P12644	152	V	A	Q9U418
P12644	152	V	A	Q9U418
P12644	226	R	Q	Q9U418
P12644	269	R	Q	Q9U418
P12644	269	R	Q	Q9U418
P12644	269	R	Q	Q9U418
P12644	287	R	H	Q9U418
P12644	287	R	H	Q9U418
P12644	287	R	H	Q9U418
P12644	287	R	H	Q9U418
P12644	76	S	R	Q9U418
P12644	76	S	R	Q9U418
P12644	76	S	R	Q9U418
P12644	132	T	A	Q9U418
P12644	132	T	A	Q9U418
P12644	152	V	A	Q9U418
P12644	152	V	A	Q9U418
P12644	152	V	A	Q9U418
P12644	152	V	A	Q9U418
P12644	152	V	A	Q9U418
P12644	152	V	A	Q9U418
P12644	152	V	A	Q9U418
P12644	226	R	Q	Q9U418
P12644	269	R	Q	Q9U418
P12644	269	R	Q	Q9U418
P12644	269	R	Q	Q9U418
P12644	287	R	H	Q9U418
P12644	287	R	H	Q9U418
P12644	287	R	H	Q9U418
P12644	287	R	H	Q9U418
P12644	76	S	R	Q9U418
P12644	76	S	R	Q9U418
P12644	76	S	R	Q9U418
P12644	132	T	A	Q9U418
P12644	132	T	A	Q9U418
P12644	152	V	A	Q9U418
P12644	152	V	A	Q9U418
P12644	152	V	A	Q9U418
P12644	152	V	A	Q9U418
P12644	152	V	A	Q9U418
P12644	152	V	A	Q9U418
P12644	152	V	A	Q9U418
P12644	226	R	Q	Q9U418
P12644	269	R	Q	Q9U418
P12644	269	R	Q	Q9U418
P12644	269	R	Q	Q9U418
P12644	287	R	H	Q9U418
P12644	287	R	H	Q9U418
P12644	287	R	H	Q9U418
P12644	287	R	H	Q9U418
P12694	12	R	P	E2RPW4
P12694	39	P	H	E2RPW4
P12694	39	P	H	E2RPW4
P12694	39	P	H	E2RPW4
P12694	39	P	H	E2RPW4
P12694	39	P	H	E2RPW4
P12694	39	P	S	E2RPW4
P12694	59	A	V	E2RPW4
P12694	151	T	M	E2RPW4
P12694	151	T	M	E2RPW4
P12694	151	T	M	E2RPW4
P12694	151	T	M	E2RPW4
P12694	151	T	M	E2RPW4
P12694	246	A	T	E2RPW4
P12694	246	A	T	E2RPW4
P12694	357	Q	R	E2RPW4
P12694	404	N	S	E2RPW4
P12694	404	N	S	E2RPW4
P12694	404	N	S	E2RPW4
P12694	418	A	T	E2RPW4
P12694	418	A	T	E2RPW4
P12694	418	A	T	E2RPW4
P12694	429	R	H	E2RPW4
P12821	2	G	V	F6PS42
P12821	2	G	V	F6PS42
P12821	2	G	V	F6PS42
P12821	47	Q	R	F6PS42
P12821	47	Q	R	F6PS42
P12821	70	A	V	F6PS42
P12821	154	A	T	F6PS42
P12821	154	A	T	F6PS42
P12821	154	A	T	F6PS42
P12821	160	N	S	F6PS42
P12821	160	N	S	F6PS42
P12821	183	A	T	F6PS42
P12821	183	A	T	F6PS42
P12821	244	Y	C	F6PS42
P12821	244	Y	C	F6PS42
P12821	244	Y	C	F6PS42
P12821	261	A	S	F6PS42
P12821	261	A	S	F6PS42
P12821	261	A	S	F6PS42
P12821	261	A	S	F6PS42
P12821	261	A	S	F6PS42
P12821	288	Q	R	F6PS42
P12821	319	A	S	F6PS42
P12821	319	A	S	F6PS42
P12821	324	R	W	F6PS42
P12821	324	R	W	F6PS42
P12821	324	R	W	F6PS42
P12821	353	D	N	F6PS42
P12821	353	D	N	F6PS42
P12821	354	G	R	F6PS42
P12821	354	G	R	F6PS42
P12821	354	G	R	F6PS42
P12821	354	G	R	F6PS42
P12821	442	R	H	F6PS42
P12821	442	R	H	F6PS42
P12821	487	R	C	F6PS42
P12821	487	R	C	F6PS42
P12821	561	R	W	F6PS42
P12821	561	R	W	F6PS42
P12821	561	R	W	F6PS42
P12821	561	R	W	F6PS42
P12821	590	G	S	F6PS42
P12821	590	G	S	F6PS42
P12821	592	D	G	F6PS42
P12821	592	D	G	F6PS42
P12821	592	D	G	F6PS42
P12821	798	I	V	F6PS42
P12821	798	I	V	F6PS42
P12821	798	I	V	F6PS42
P12821	916	T	M	F6PS42
P12821	916	T	M	F6PS42
P12821	916	T	M	F6PS42
P12821	1015	H	Q	F6PS42
P12821	1102	P	T	F6PS42
P12821	1187	T	M	F6PS42
P12821	1187	T	M	F6PS42
P12821	1187	T	M	F6PS42
P12821	1210	T	M	F6PS42
P12821	1210	T	M	F6PS42
P12821	1279	R	Q	F6PS42
P12821	1279	R	Q	F6PS42
P12821	1279	R	Q	F6PS42
P12821	1279	R	Q	F6PS42
P12821	1286	R	S	F6PS42
P12821	1286	R	S	F6PS42
P12821	1286	R	S	F6PS42
P12821	1286	R	S	F6PS42
P12821	1290	R	W	F6PS42
P12821	1290	R	Q	F6PS42
P12829	56	F	S	A0A2K5RS73
P12829	56	F	S	A0A2K5RS73
P12829	56	F	S	A0A2K5RS73
P12829	113	F	L	A0A2K5RS73
P12829	113	F	L	A0A2K5RS73
P12829	186	N	Y	A0A2K5RS73
P12829	186	N	Y	A0A2K5RS73
P12829	186	N	Y	A0A2K5RS73
P12829	56	F	S	A0A2K5RS73
P12829	56	F	S	A0A2K5RS73
P12829	56	F	S	A0A2K5RS73
P12829	113	F	L	A0A2K5RS73
P12829	113	F	L	A0A2K5RS73
P12829	186	N	Y	A0A2K5RS73
P12829	186	N	Y	A0A2K5RS73
P12829	186	N	Y	A0A2K5RS73
P12829	56	F	S	A0A2K5RS73
P12829	56	F	S	A0A2K5RS73
P12829	56	F	S	A0A2K5RS73
P12829	113	F	L	A0A2K5RS73
P12829	113	F	L	A0A2K5RS73
P12829	186	N	Y	A0A2K5RS73
P12829	186	N	Y	A0A2K5RS73
P12829	186	N	Y	A0A2K5RS73
P12931	292	T	N	A0A1A8HQL5
P12931	292	T	N	A0A1A8HQL5
P12931	292	T	N	A0A1A8HQL5
P12931	292	T	N	A0A1A8HQL5
P13612	634	S	T	A0A091DCK5
P13612	634	S	T	A0A091DCK5
P13612	878	R	Q	A0A091DCK5
P13645	4	R	P	F7B5G7
P13645	15	R	H	F7B5G7
P13645	42	S	F	F7B5G7
P13645	86	R	H	F7B5G7
P13645	86	R	H	F7B5G7
P13645	101	I	S	F7B5G7
P13645	113	G	D	F7B5G7
P13645	113	G	D	F7B5G7
P13645	126	G	S	F7B5G7
P13645	126	G	S	F7B5G7
P13645	126	G	S	F7B5G7
P13645	487	H	Y	F7B5G7
P13645	487	H	Y	F7B5G7
P13645	487	H	Y	F7B5G7
P13645	487	H	Y	F7B5G7
P13645	487	H	Y	F7B5G7
P13645	490	G	S	F7B5G7
P13645	508	S	R	F7B5G7
P13645	533	G	S	F7B5G7
P13645	546	S	R	F7B5G7
P13645	546	S	G	F7B5G7
P13645	547	S	Y	F7B5G7
P13645	575	G	V	F7B5G7
P13765	18	R	Q	Q56JZ6
P13765	18	R	Q	Q56JZ6
P13765	210	V	I	Q56JZ6
P13765	210	V	I	Q56JZ6
P13765	234	L	F	Q56JZ6
P13765	234	L	F	Q56JZ6
P13765	244	V	I	Q56JZ6
P13765	244	V	I	Q56JZ6
P13765	18	R	Q	Q56JZ6
P13765	210	V	I	Q56JZ6
P13765	234	L	F	Q56JZ6
P13765	244	V	I	Q56JZ6
P13765	18	R	Q	Q56JZ6
P13765	18	R	Q	Q56JZ6
P13765	210	V	I	Q56JZ6
P13765	210	V	I	Q56JZ6
P13765	234	L	F	Q56JZ6
P13765	234	L	F	Q56JZ6
P13765	244	V	I	Q56JZ6
P13765	244	V	I	Q56JZ6
P13765	18	R	Q	Q56JZ6
P13765	18	R	Q	Q56JZ6
P13765	210	V	I	Q56JZ6
P13765	210	V	I	Q56JZ6
P13765	234	L	F	Q56JZ6
P13765	234	L	F	Q56JZ6
P13765	244	V	I	Q56JZ6
P13765	244	V	I	Q56JZ6
P13765	18	R	Q	Q56JZ6
P13765	18	R	Q	Q56JZ6
P13765	210	V	I	Q56JZ6
P13765	210	V	I	Q56JZ6
P13765	234	L	F	Q56JZ6
P13765	234	L	F	Q56JZ6
P13765	244	V	I	Q56JZ6
P13765	244	V	I	Q56JZ6
P13765	18	R	Q	Q56JZ6
P13765	18	R	Q	Q56JZ6
P13765	210	V	I	Q56JZ6
P13765	210	V	I	Q56JZ6
P13765	234	L	F	Q56JZ6
P13765	234	L	F	Q56JZ6
P13765	244	V	I	Q56JZ6
P13765	244	V	I	Q56JZ6
P13765	18	R	Q	Q56JZ6
P13765	210	V	I	Q56JZ6
P13765	234	L	F	Q56JZ6
P13765	244	V	I	Q56JZ6
P14207	84	G	S	A0A2K6GD42
P14207	84	G	S	A0A2K6GD42
P14207	86	M	I	A0A2K6GD42
P14207	86	M	I	A0A2K6GD42
P14384	24	R	H	F7G5V6
P14384	133	V	I	F7G5V6
P14384	24	R	H	F7G5V6
P14384	133	V	I	F7G5V6
P14384	24	R	H	F7G5V6
P14384	133	V	I	F7G5V6
P14416	64	A	V	G3SYC1
P14416	64	A	V	G3SYC1
P14416	311	S	C	G3SYC1
P14416	311	S	C	G3SYC1
P14416	311	S	C	G3SYC1
P14416	327	K	E	G3SYC1
P14416	327	K	E	G3SYC1
P14416	410	A	T	G3SYC1
P14416	410	A	T	G3SYC1
P14416	64	A	V	G3SYC1
P14416	64	A	V	G3SYC1
P14416	311	S	C	G3SYC1
P14416	311	S	C	G3SYC1
P14416	311	S	C	G3SYC1
P14416	327	K	E	G3SYC1
P14416	327	K	E	G3SYC1
P14416	410	A	T	G3SYC1
P14416	410	A	T	G3SYC1
P14616	87	R	C	A0A0A9XLS6
P14616	87	R	C	A0A0A9XLS6
P14616	246	C	R	A0A0A9XLS6
P14616	246	C	R	A0A0A9XLS6
P14616	279	R	C	A0A0A9XLS6
P14616	279	R	C	A0A0A9XLS6
P14616	554	R	C	A0A0A9XLS6
P14616	554	R	C	A0A0A9XLS6
P14616	928	P	L	A0A0A9XLS6
P14616	928	P	L	A0A0A9XLS6
P14921	151	A	T	A0A1W4ZTX4
P14921	151	A	T	A0A1W4ZTX4
P14923	142	R	H	L9JXK7
P14923	142	R	H	L9JXK7
P14923	142	R	H	L9JXK7
P14923	142	R	H	L9JXK7
P14923	142	R	H	L9JXK7
P14923	142	R	H	L9JXK7
P14923	142	R	H	L9JXK7
P14923	176	R	Q	L9JXK7
P14923	176	R	Q	L9JXK7
P14923	176	R	Q	L9JXK7
P14923	176	R	Q	L9JXK7
P14923	176	R	Q	L9JXK7
P14923	176	R	Q	L9JXK7
P14923	687	I	V	L9JXK7
P14923	687	I	V	L9JXK7
P14923	687	I	V	L9JXK7
P14923	687	I	V	L9JXK7
P14923	687	I	V	L9JXK7
P14923	697	M	L	L9JXK7
P14923	697	M	L	L9JXK7
P14923	697	M	L	L9JXK7
P14923	697	M	L	L9JXK7
P14923	697	M	L	L9JXK7
P14923	697	M	L	L9JXK7
P14923	697	M	L	L9JXK7
P14923	142	R	H	L9JXK7
P14923	142	R	H	L9JXK7
P14923	142	R	H	L9JXK7
P14923	142	R	H	L9JXK7
P14923	142	R	H	L9JXK7
P14923	142	R	H	L9JXK7
P14923	142	R	H	L9JXK7
P14923	176	R	Q	L9JXK7
P14923	176	R	Q	L9JXK7
P14923	176	R	Q	L9JXK7
P14923	176	R	Q	L9JXK7
P14923	176	R	Q	L9JXK7
P14923	176	R	Q	L9JXK7
P14923	687	I	V	L9JXK7
P14923	687	I	V	L9JXK7
P14923	687	I	V	L9JXK7
P14923	687	I	V	L9JXK7
P14923	687	I	V	L9JXK7
P14923	697	M	L	L9JXK7
P14923	697	M	L	L9JXK7
P14923	697	M	L	L9JXK7
P14923	697	M	L	L9JXK7
P14923	697	M	L	L9JXK7
P14923	697	M	L	L9JXK7
P14923	697	M	L	L9JXK7
P14923	142	R	H	L9JXK7
P14923	142	R	H	L9JXK7
P14923	142	R	H	L9JXK7
P14923	142	R	H	L9JXK7
P14923	142	R	H	L9JXK7
P14923	142	R	H	L9JXK7
P14923	142	R	H	L9JXK7
P14923	176	R	Q	L9JXK7
P14923	176	R	Q	L9JXK7
P14923	176	R	Q	L9JXK7
P14923	176	R	Q	L9JXK7
P14923	176	R	Q	L9JXK7
P14923	176	R	Q	L9JXK7
P14923	687	I	V	L9JXK7
P14923	687	I	V	L9JXK7
P14923	687	I	V	L9JXK7
P14923	687	I	V	L9JXK7
P14923	687	I	V	L9JXK7
P14923	697	M	L	L9JXK7
P14923	697	M	L	L9JXK7
P14923	697	M	L	L9JXK7
P14923	697	M	L	L9JXK7
P14923	697	M	L	L9JXK7
P14923	697	M	L	L9JXK7
P14923	697	M	L	L9JXK7
P15088	171	T	M	W5MLT5
P15088	273	R	P	W5MLT5
P15088	273	R	P	W5MLT5
P15088	283	T	M	W5MLT5
P15088	283	T	M	W5MLT5
P15088	341	R	Q	W5MLT5
P15260	46	V	I	M3XA82
P15260	46	V	I	M3XA82
P15260	61	V	I	M3XA82
P15260	180	G	R	M3XA82
P15260	180	G	R	M3XA82
P15260	180	G	R	M3XA82
P15260	180	G	R	M3XA82
P15260	335	H	P	M3XA82
P15260	335	H	P	M3XA82
P15260	467	L	P	M3XA82
P15291	9	S	R	S9X2V0
P15291	9	S	R	S9X2V0
P15291	87	P	S	S9X2V0
P15291	87	P	S	S9X2V0
P15291	87	P	S	S9X2V0
P15291	257	H	R	S9X2V0
P15291	257	H	R	S9X2V0
P15428	212	D	N	I3KL42
P15428	212	D	N	I3KL42
P15428	212	D	N	I3KL42
P15428	212	D	N	I3KL42
P15428	212	D	N	I3KL42
P15428	219	I	F	I3KL42
P15428	221	D	V	I3KL42
P15428	221	D	V	I3KL42
P15428	227	N	S	I3KL42
P15509	17	A	G	A0A2Y9RUA9
P15509	17	A	G	A0A2Y9RUA9
P15509	17	A	G	A0A2Y9RUA9
P15509	17	A	G	A0A2Y9RUA9
P15509	75	S	G	A0A2Y9RUA9
P15509	75	S	G	A0A2Y9RUA9
P15509	75	S	G	A0A2Y9RUA9
P15509	75	S	G	A0A2Y9RUA9
P15509	142	P	L	A0A2Y9RUA9
P15509	142	P	L	A0A2Y9RUA9
P15509	142	P	L	A0A2Y9RUA9
P15509	142	P	L	A0A2Y9RUA9
P15509	149	Q	H	A0A2Y9RUA9
P15509	155	R	Q	A0A2Y9RUA9
P15509	155	R	Q	A0A2Y9RUA9
P15509	155	R	Q	A0A2Y9RUA9
P15509	164	R	Q	A0A2Y9RUA9
P15509	164	R	Q	A0A2Y9RUA9
P15509	164	R	Q	A0A2Y9RUA9
P15509	164	R	Q	A0A2Y9RUA9
P15509	230	T	M	A0A2Y9RUA9
P15509	230	T	M	A0A2Y9RUA9
P15509	323	G	S	A0A2Y9RUA9
P15509	323	G	S	A0A2Y9RUA9
P15509	333	V	M	A0A2Y9RUA9
P15509	333	V	M	A0A2Y9RUA9
P15509	333	V	M	A0A2Y9RUA9
P15509	352	I	M	A0A2Y9RUA9
P15509	17	A	G	A0A2Y9RUA9
P15509	17	A	G	A0A2Y9RUA9
P15509	17	A	G	A0A2Y9RUA9
P15509	17	A	G	A0A2Y9RUA9
P15509	75	S	G	A0A2Y9RUA9
P15509	75	S	G	A0A2Y9RUA9
P15509	75	S	G	A0A2Y9RUA9
P15509	75	S	G	A0A2Y9RUA9
P15509	142	P	L	A0A2Y9RUA9
P15509	142	P	L	A0A2Y9RUA9
P15509	142	P	L	A0A2Y9RUA9
P15509	142	P	L	A0A2Y9RUA9
P15509	149	Q	H	A0A2Y9RUA9
P15509	155	R	Q	A0A2Y9RUA9
P15509	155	R	Q	A0A2Y9RUA9
P15509	155	R	Q	A0A2Y9RUA9
P15509	164	R	Q	A0A2Y9RUA9
P15509	164	R	Q	A0A2Y9RUA9
P15509	164	R	Q	A0A2Y9RUA9
P15509	164	R	Q	A0A2Y9RUA9
P15509	230	T	M	A0A2Y9RUA9
P15509	230	T	M	A0A2Y9RUA9
P15509	323	G	S	A0A2Y9RUA9
P15509	323	G	S	A0A2Y9RUA9
P15509	333	V	M	A0A2Y9RUA9
P15509	333	V	M	A0A2Y9RUA9
P15509	333	V	M	A0A2Y9RUA9
P15509	352	I	M	A0A2Y9RUA9
P15509	17	A	G	A0A2Y9RUA9
P15509	17	A	G	A0A2Y9RUA9
P15509	17	A	G	A0A2Y9RUA9
P15509	17	A	G	A0A2Y9RUA9
P15509	75	S	G	A0A2Y9RUA9
P15509	75	S	G	A0A2Y9RUA9
P15509	75	S	G	A0A2Y9RUA9
P15509	75	S	G	A0A2Y9RUA9
P15509	142	P	L	A0A2Y9RUA9
P15509	142	P	L	A0A2Y9RUA9
P15509	142	P	L	A0A2Y9RUA9
P15509	142	P	L	A0A2Y9RUA9
P15509	149	Q	H	A0A2Y9RUA9
P15509	155	R	Q	A0A2Y9RUA9
P15509	155	R	Q	A0A2Y9RUA9
P15509	155	R	Q	A0A2Y9RUA9
P15509	164	R	Q	A0A2Y9RUA9
P15509	164	R	Q	A0A2Y9RUA9
P15509	164	R	Q	A0A2Y9RUA9
P15509	164	R	Q	A0A2Y9RUA9
P15509	230	T	M	A0A2Y9RUA9
P15509	230	T	M	A0A2Y9RUA9
P15509	323	G	S	A0A2Y9RUA9
P15509	323	G	S	A0A2Y9RUA9
P15509	333	V	M	A0A2Y9RUA9
P15509	333	V	M	A0A2Y9RUA9
P15509	333	V	M	A0A2Y9RUA9
P15509	352	I	M	A0A2Y9RUA9
P15884	2	H	L	A0A0A0AIC6
P15884	14	K	I	A0A0A0AIC6
P15884	14	K	I	A0A0A0AIC6
P15884	14	K	I	A0A0A0AIC6
P15884	25	M	V	A0A0A0AIC6
P15884	49	N	S	A0A0A0AIC6
P15884	50	V	L	A0A0A0AIC6
P15884	50	V	L	A0A0A0AIC6
P15884	70	N	S	A0A0A0AIC6
P15884	70	N	S	A0A0A0AIC6
P15884	75	T	A	A0A0A0AIC6
P15884	75	T	A	A0A0A0AIC6
P15884	75	T	A	A0A0A0AIC6
P15884	80	M	I	A0A0A0AIC6
P15884	80	M	I	A0A0A0AIC6
P15884	80	M	I	A0A0A0AIC6
P15884	90	N	S	A0A0A0AIC6
P15884	90	N	S	A0A0A0AIC6
P15884	90	N	S	A0A0A0AIC6
P15884	90	N	S	A0A0A0AIC6
P15884	97	N	S	A0A0A0AIC6
P15884	97	N	S	A0A0A0AIC6
P15884	157	R	Q	A0A0A0AIC6
P15884	157	R	Q	A0A0A0AIC6
P15884	157	R	Q	A0A0A0AIC6
P15884	191	T	A	A0A0A0AIC6
P15884	191	T	A	A0A0A0AIC6
P15884	191	T	A	A0A0A0AIC6
P15884	224	S	N	A0A0A0AIC6
P15884	242	L	F	A0A0A0AIC6
P15884	242	L	F	A0A0A0AIC6
P15884	301	N	S	A0A0A0AIC6
P15884	301	N	S	A0A0A0AIC6
P15884	315	A	V	A0A0A0AIC6
P15884	315	A	V	A0A0A0AIC6
P15884	315	A	V	A0A0A0AIC6
P15884	315	A	V	A0A0A0AIC6
P15884	315	A	V	A0A0A0AIC6
P15884	422	I	T	A0A0A0AIC6
P15884	422	I	T	A0A0A0AIC6
P15884	439	T	I	A0A0A0AIC6
P15884	439	T	I	A0A0A0AIC6
P15884	450	M	T	A0A0A0AIC6
P15884	450	M	T	A0A0A0AIC6
P15884	471	Q	R	A0A0A0AIC6
P15884	526	T	M	A0A0A0AIC6
P15884	526	T	M	A0A0A0AIC6
P15884	526	T	M	A0A0A0AIC6
P15884	656	G	S	A0A0A0AIC6
P15884	656	G	S	A0A0A0AIC6
P15884	657	P	A	A0A0A0AIC6
P15884	2	H	L	A0A0A0AIC6
P15884	14	K	I	A0A0A0AIC6
P15884	14	K	I	A0A0A0AIC6
P15884	14	K	I	A0A0A0AIC6
P15884	25	M	V	A0A0A0AIC6
P15884	49	N	S	A0A0A0AIC6
P15884	50	V	L	A0A0A0AIC6
P15884	50	V	L	A0A0A0AIC6
P15884	70	N	S	A0A0A0AIC6
P15884	70	N	S	A0A0A0AIC6
P15884	75	T	A	A0A0A0AIC6
P15884	75	T	A	A0A0A0AIC6
P15884	75	T	A	A0A0A0AIC6
P15884	80	M	I	A0A0A0AIC6
P15884	80	M	I	A0A0A0AIC6
P15884	80	M	I	A0A0A0AIC6
P15884	90	N	S	A0A0A0AIC6
P15884	90	N	S	A0A0A0AIC6
P15884	90	N	S	A0A0A0AIC6
P15884	90	N	S	A0A0A0AIC6
P15884	97	N	S	A0A0A0AIC6
P15884	97	N	S	A0A0A0AIC6
P15884	157	R	Q	A0A0A0AIC6
P15884	157	R	Q	A0A0A0AIC6
P15884	157	R	Q	A0A0A0AIC6
P15884	191	T	A	A0A0A0AIC6
P15884	191	T	A	A0A0A0AIC6
P15884	191	T	A	A0A0A0AIC6
P15884	224	S	N	A0A0A0AIC6
P15884	242	L	F	A0A0A0AIC6
P15884	242	L	F	A0A0A0AIC6
P15884	301	N	S	A0A0A0AIC6
P15884	301	N	S	A0A0A0AIC6
P15884	315	A	V	A0A0A0AIC6
P15884	315	A	V	A0A0A0AIC6
P15884	315	A	V	A0A0A0AIC6
P15884	315	A	V	A0A0A0AIC6
P15884	315	A	V	A0A0A0AIC6
P15884	422	I	T	A0A0A0AIC6
P15884	422	I	T	A0A0A0AIC6
P15884	439	T	I	A0A0A0AIC6
P15884	439	T	I	A0A0A0AIC6
P15884	450	M	T	A0A0A0AIC6
P15884	450	M	T	A0A0A0AIC6
P15884	471	Q	R	A0A0A0AIC6
P15884	526	T	M	A0A0A0AIC6
P15884	526	T	M	A0A0A0AIC6
P15884	526	T	M	A0A0A0AIC6
P15884	656	G	S	A0A0A0AIC6
P15884	656	G	S	A0A0A0AIC6
P15884	657	P	A	A0A0A0AIC6
P15923	8	A	S	A0A0A0AIC6
P15923	8	A	S	A0A0A0AIC6
P15923	46	G	R	A0A0A0AIC6
P15923	63	D	N	A0A0A0AIC6
P15923	101	K	R	A0A0A0AIC6
P15923	101	K	R	A0A0A0AIC6
P15923	120	L	P	A0A0A0AIC6
P15923	120	L	P	A0A0A0AIC6
P15923	198	T	A	A0A0A0AIC6
P15923	198	T	A	A0A0A0AIC6
P15923	246	P	L	A0A0A0AIC6
P15923	300	T	A	A0A0A0AIC6
P15923	362	G	D	A0A0A0AIC6
P15923	385	G	D	A0A0A0AIC6
P15923	385	G	D	A0A0A0AIC6
P15923	499	R	L	A0A0A0AIC6
P15923	513	H	Q	A0A0A0AIC6
P15923	513	H	Q	A0A0A0AIC6
P15923	522	K	Q	A0A0A0AIC6
P15923	522	K	Q	A0A0A0AIC6
P15923	650	P	T	A0A0A0AIC6
P15923	650	P	T	A0A0A0AIC6
P16152	195	G	R	G3W3S2
P16152	195	G	R	G3W3S2
P17019	71	A	V	A0A2K6KB75
P17019	113	K	E	A0A2K6KB75
P17019	122	K	T	A0A2K6KB75
P17019	130	R	Q	A0A2K6KB75
P17019	554	H	R	A0A2K6KB75
P17022	147	P	L	G1SYK1
P17022	273	I	L	G1SYK1
P17022	523	S	L	G1SYK1
P17022	147	P	L	G1SYK1
P17022	273	I	L	G1SYK1
P17022	523	S	L	G1SYK1
P17022	147	P	L	G1SYK1
P17022	273	I	L	G1SYK1
P17022	523	S	L	G1SYK1
P17174	183	E	G	A0A1E3JA00
P17174	183	E	G	A0A1E3JA00
P17301	4	E	G	A0A2I0U216
P17301	4	E	G	A0A2I0U216
P17301	76	R	Q	A0A2I0U216
P17301	76	R	Q	A0A2I0U216
P17301	76	R	Q	A0A2I0U216
P17301	90	A	T	A0A2I0U216
P17301	90	A	T	A0A2I0U216
P17301	90	A	T	A0A2I0U216
P17301	109	M	I	A0A2I0U216
P17301	109	M	I	A0A2I0U216
P17301	109	M	I	A0A2I0U216
P17301	173	I	V	A0A2I0U216
P17301	173	I	V	A0A2I0U216
P17301	291	M	L	A0A2I0U216
P17301	291	M	L	A0A2I0U216
P17301	319	A	T	A0A2I0U216
P17301	319	A	T	A0A2I0U216
P17301	319	A	T	A0A2I0U216
P17301	381	V	M	A0A2I0U216
P17301	381	V	M	A0A2I0U216
P17301	397	G	S	A0A2I0U216
P17301	397	G	S	A0A2I0U216
P17301	458	R	W	A0A2I0U216
P17301	458	R	W	A0A2I0U216
P17301	532	I	L	A0A2I0U216
P17301	532	I	L	A0A2I0U216
P17301	532	I	L	A0A2I0U216
P17301	534	E	K	A0A2I0U216
P17301	534	E	K	A0A2I0U216
P17301	534	E	K	A0A2I0U216
P17301	597	R	C	A0A2I0U216
P17301	597	R	C	A0A2I0U216
P17301	700	I	T	A0A2I0U216
P17301	700	I	T	A0A2I0U216
P17301	793	G	R	A0A2I0U216
P17301	793	G	R	A0A2I0U216
P17301	810	Q	R	A0A2I0U216
P17301	810	Q	R	A0A2I0U216
P17301	812	Q	K	A0A2I0U216
P17301	812	Q	K	A0A2I0U216
P17301	828	T	M	A0A2I0U216
P17301	828	T	M	A0A2I0U216
P17301	829	L	V	A0A2I0U216
P17301	829	L	V	A0A2I0U216
P17301	835	S	G	A0A2I0U216
P17301	835	S	G	A0A2I0U216
P17301	870	S	P	A0A2I0U216
P17301	870	S	P	A0A2I0U216
P17301	892	T	P	A0A2I0U216
P17301	892	T	P	A0A2I0U216
P17301	892	T	P	A0A2I0U216
P17301	893	I	T	A0A2I0U216
P17301	893	I	T	A0A2I0U216
P17301	893	I	T	A0A2I0U216
P17301	927	N	S	A0A2I0U216
P17301	927	N	S	A0A2I0U216
P17301	927	N	S	A0A2I0U216
P17301	1001	N	K	A0A2I0U216
P17301	1001	N	K	A0A2I0U216
P17301	1012	D	N	A0A2I0U216
P17301	1012	D	N	A0A2I0U216
P17301	1052	T	S	A0A2I0U216
P17301	1052	T	S	A0A2I0U216
P17301	1052	T	S	A0A2I0U216
P17301	1127	K	Q	A0A2I0U216
P17301	1127	K	Q	A0A2I0U216
P17301	1127	K	Q	A0A2I0U216
P17301	1173	I	T	A0A2I0U216
P17301	1173	I	T	A0A2I0U216
P17302	253	A	V	O73863
P17302	253	A	V	O73863
P17302	253	A	V	O73863
P17302	253	A	V	O73863
P17302	253	A	V	O73863
P17302	253	A	V	O73863
P17302	253	A	V	O73863
P17302	253	A	V	O73863
P17302	253	A	V	O73863
P17302	253	A	V	O73863
P17302	253	A	V	O73863
P17302	253	A	V	O73863
P17302	253	A	V	O73863
P17302	253	A	V	O73863
P17302	253	A	V	O73863
P17302	253	A	V	O73863
P17302	253	A	V	O73863
P17302	253	A	V	O73863
P17302	253	A	V	O73863
P17302	253	A	V	O73863
P18084	428	L	V	A0A0P7WB83
P18084	431	R	Q	A0A0P7WB83
P18084	477	N	S	A0A0P7WB83
P18433	109	P	L	P18052
P18505	345	D	N	F1QPW7
P18505	345	D	N	F1QPW7
P18505	347	S	R	F1QPW7
P18505	421	H	Q	F1QPW7
P18505	421	H	Q	F1QPW7
P18505	426	K	R	F1QPW7
P18509	54	D	G	B7Z222
P18509	54	D	G	B7Z222
P18545	25	K	R	A0A2K6R3C8
P18545	25	K	R	A0A2K6R3C8
P18545	47	V	G	A0A2K6R3C8
P18545	25	K	R	A0A2K6R3C8
P18545	25	K	R	A0A2K6R3C8
P18545	47	V	G	A0A2K6R3C8
P18545	25	K	R	A0A2K6R3C8
P18545	25	K	R	A0A2K6R3C8
P18545	47	V	G	A0A2K6R3C8
P18577	16	C	W	A0A2J8SIU8
P18577	68	N	S	A0A2J8SIU8
P18577	85	A	G	A0A2J8SIU8
P18577	226	A	P	A0A2J8SIU8
P18577	226	A	S	A0A2J8SIU8
P18577	226	A	T	A0A2J8SIU8
P18577	238	M	V	A0A2J8SIU8
P18577	245	L	V	A0A2J8SIU8
P18577	306	I	V	A0A2J8SIU8
P18577	336	G	C	A0A2J8SIU8
P18577	342	T	I	A0A2J8SIU8
P18846	191	P	A	A0A1S3FC07
P18850	16	S	I	F1S1C8
P18850	16	S	I	F1S1C8
P18850	20	F	S	F1S1C8
P18850	67	M	V	F1S1C8
P18850	67	M	V	F1S1C8
P18850	129	M	V	F1S1C8
P18850	145	A	P	F1S1C8
P18850	157	P	S	F1S1C8
P18850	239	T	A	F1S1C8
P18850	239	T	A	F1S1C8
P18850	239	T	A	F1S1C8
P18850	278	A	V	F1S1C8
P18850	278	A	V	F1S1C8
P18850	397	M	I	F1S1C8
P18850	397	M	I	F1S1C8
P18850	654	A	T	F1S1C8
P18850	16	S	I	F1S1C8
P18850	16	S	I	F1S1C8
P18850	20	F	S	F1S1C8
P18850	67	M	V	F1S1C8
P18850	67	M	V	F1S1C8
P18850	129	M	V	F1S1C8
P18850	145	A	P	F1S1C8
P18850	157	P	S	F1S1C8
P18850	239	T	A	F1S1C8
P18850	239	T	A	F1S1C8
P18850	239	T	A	F1S1C8
P18850	278	A	V	F1S1C8
P18850	278	A	V	F1S1C8
P18850	397	M	I	F1S1C8
P18850	397	M	I	F1S1C8
P18850	654	A	T	F1S1C8
P18850	16	S	I	F1S1C8
P18850	16	S	I	F1S1C8
P18850	20	F	S	F1S1C8
P18850	67	M	V	F1S1C8
P18850	67	M	V	F1S1C8
P18850	129	M	V	F1S1C8
P18850	145	A	P	F1S1C8
P18850	157	P	S	F1S1C8
P18850	239	T	A	F1S1C8
P18850	239	T	A	F1S1C8
P18850	239	T	A	F1S1C8
P18850	278	A	V	F1S1C8
P18850	278	A	V	F1S1C8
P18850	397	M	I	F1S1C8
P18850	397	M	I	F1S1C8
P18850	654	A	T	F1S1C8
P19113	31	T	M	A0A218V865
P19113	494	I	V	A0A218V865
P19113	494	I	V	A0A218V865
P19113	553	F	L	A0A218V865
P19113	553	F	L	A0A218V865
P19113	644	E	D	A0A218V865
P19404	40	V	M	B0CM37
P19404	40	V	M	B0CM37
P19404	40	V	M	B0CM37
P19404	172	I	T	B0CM37
P19404	172	I	T	B0CM37
P19404	172	I	T	B0CM37
P19526	12	A	V	A0A2K6LZ36
P19652	80	L	V	B9EIY6
P19652	99	V	A	B9EIY6
P19652	106	V	I	B9EIY6
P20061	35	R	H	A0A0B4UD87
P20061	35	R	H	A0A0B4UD87
P20061	35	R	H	A0A0B4UD87
P20061	115	D	N	A0A0B4UD87
P20061	115	D	N	A0A0B4UD87
P20061	115	D	N	A0A0B4UD87
P20061	218	S	I	A0A0B4UD87
P20061	218	S	I	A0A0B4UD87
P20061	218	S	I	A0A0B4UD87
P20061	301	D	Y	A0A0B4UD87
P20061	301	D	Y	A0A0B4UD87
P20061	301	D	Y	A0A0B4UD87
P20061	309	V	I	A0A0B4UD87
P20061	309	V	I	A0A0B4UD87
P20061	309	V	I	A0A0B4UD87
P20061	334	I	V	A0A0B4UD87
P20061	334	I	V	A0A0B4UD87
P20061	372	I	V	A0A0B4UD87
P20061	394	A	D	A0A0B4UD87
P20160	158	R	H	G7PY92
P20248	112	K	E	Q3KQ49
P20248	112	K	E	Q3KQ49
P20248	163	I	V	Q3KQ49
P20618	11	P	A	A0A2K3QBC8
P20783	89	G	E	A0A091CS64
P20783	89	G	E	A0A091CS64
P21399	486	G	R	A0A1Y1IIL8
P21399	486	G	R	A0A1Y1IIL8
P21399	486	G	R	A0A1Y1IIL8
P21580	69	I	M	H3B3Q6
P21580	102	N	S	H3B3Q6
P21580	102	N	S	H3B3Q6
P21580	102	N	S	H3B3Q6
P21580	102	N	S	H3B3Q6
P21580	108	T	A	H3B3Q6
P21580	108	T	A	H3B3Q6
P21580	108	T	A	H3B3Q6
P21580	108	T	A	H3B3Q6
P21580	121	V	I	H3B3Q6
P21580	127	F	C	H3B3Q6
P21580	127	F	C	H3B3Q6
P21580	127	F	C	H3B3Q6
P21580	127	F	C	H3B3Q6
P21580	207	I	L	H3B3Q6
P21580	207	I	L	H3B3Q6
P21580	207	I	L	H3B3Q6
P21580	207	I	L	H3B3Q6
P21580	280	R	W	H3B3Q6
P21580	361	E	K	H3B3Q6
P21580	391	N	S	H3B3Q6
P21580	434	A	V	H3B3Q6
P21580	448	W	C	H3B3Q6
P21580	456	G	V	H3B3Q6
P21580	466	S	R	H3B3Q6
P21580	586	A	T	H3B3Q6
P21580	587	P	L	H3B3Q6
P21580	591	L	V	H3B3Q6
P21580	591	L	V	H3B3Q6
P21580	591	L	V	H3B3Q6
P21580	714	P	S	H3B3Q6
P21580	749	R	Q	H3B3Q6
P21580	752	P	S	H3B3Q6
P21580	69	I	M	H3B3Q6
P21580	102	N	S	H3B3Q6
P21580	102	N	S	H3B3Q6
P21580	102	N	S	H3B3Q6
P21580	102	N	S	H3B3Q6
P21580	108	T	A	H3B3Q6
P21580	108	T	A	H3B3Q6
P21580	108	T	A	H3B3Q6
P21580	108	T	A	H3B3Q6
P21580	121	V	I	H3B3Q6
P21580	127	F	C	H3B3Q6
P21580	127	F	C	H3B3Q6
P21580	127	F	C	H3B3Q6
P21580	127	F	C	H3B3Q6
P21580	207	I	L	H3B3Q6
P21580	207	I	L	H3B3Q6
P21580	207	I	L	H3B3Q6
P21580	207	I	L	H3B3Q6
P21580	280	R	W	H3B3Q6
P21580	361	E	K	H3B3Q6
P21580	391	N	S	H3B3Q6
P21580	434	A	V	H3B3Q6
P21580	448	W	C	H3B3Q6
P21580	456	G	V	H3B3Q6
P21580	466	S	R	H3B3Q6
P21580	586	A	T	H3B3Q6
P21580	587	P	L	H3B3Q6
P21580	591	L	V	H3B3Q6
P21580	591	L	V	H3B3Q6
P21580	591	L	V	H3B3Q6
P21580	714	P	S	H3B3Q6
P21580	749	R	Q	H3B3Q6
P21580	752	P	S	H3B3Q6
P21580	69	I	M	H3B3Q6
P21580	102	N	S	H3B3Q6
P21580	102	N	S	H3B3Q6
P21580	102	N	S	H3B3Q6
P21580	102	N	S	H3B3Q6
P21580	108	T	A	H3B3Q6
P21580	108	T	A	H3B3Q6
P21580	108	T	A	H3B3Q6
P21580	108	T	A	H3B3Q6
P21580	121	V	I	H3B3Q6
P21580	127	F	C	H3B3Q6
P21580	127	F	C	H3B3Q6
P21580	127	F	C	H3B3Q6
P21580	127	F	C	H3B3Q6
P21580	207	I	L	H3B3Q6
P21580	207	I	L	H3B3Q6
P21580	207	I	L	H3B3Q6
P21580	207	I	L	H3B3Q6
P21580	280	R	W	H3B3Q6
P21580	361	E	K	H3B3Q6
P21580	391	N	S	H3B3Q6
P21580	434	A	V	H3B3Q6
P21580	448	W	C	H3B3Q6
P21580	456	G	V	H3B3Q6
P21580	466	S	R	H3B3Q6
P21580	586	A	T	H3B3Q6
P21580	587	P	L	H3B3Q6
P21580	591	L	V	H3B3Q6
P21580	591	L	V	H3B3Q6
P21580	591	L	V	H3B3Q6
P21580	714	P	S	H3B3Q6
P21580	749	R	Q	H3B3Q6
P21580	752	P	S	H3B3Q6
P21580	69	I	M	H3B3Q6
P21580	102	N	S	H3B3Q6
P21580	102	N	S	H3B3Q6
P21580	102	N	S	H3B3Q6
P21580	102	N	S	H3B3Q6
P21580	108	T	A	H3B3Q6
P21580	108	T	A	H3B3Q6
P21580	108	T	A	H3B3Q6
P21580	108	T	A	H3B3Q6
P21580	121	V	I	H3B3Q6
P21580	127	F	C	H3B3Q6
P21580	127	F	C	H3B3Q6
P21580	127	F	C	H3B3Q6
P21580	127	F	C	H3B3Q6
P21580	207	I	L	H3B3Q6
P21580	207	I	L	H3B3Q6
P21580	207	I	L	H3B3Q6
P21580	207	I	L	H3B3Q6
P21580	280	R	W	H3B3Q6
P21580	361	E	K	H3B3Q6
P21580	391	N	S	H3B3Q6
P21580	434	A	V	H3B3Q6
P21580	448	W	C	H3B3Q6
P21580	456	G	V	H3B3Q6
P21580	466	S	R	H3B3Q6
P21580	586	A	T	H3B3Q6
P21580	587	P	L	H3B3Q6
P21580	591	L	V	H3B3Q6
P21580	591	L	V	H3B3Q6
P21580	591	L	V	H3B3Q6
P21580	714	P	S	H3B3Q6
P21580	749	R	Q	H3B3Q6
P21580	752	P	S	H3B3Q6
P21589	26	A	S	A0A1L8EEA5
P21589	26	A	S	A0A1L8EEA5
P21589	153	Q	E	A0A1L8EEA5
P21589	153	Q	E	A0A1L8EEA5
P21589	278	V	I	A0A1L8EEA5
P21589	278	V	I	A0A1L8EEA5
P21589	376	T	A	A0A1L8EEA5
P21589	379	M	T	A0A1L8EEA5
P21589	403	N	H	A0A1L8EEA5
P21589	403	N	H	A0A1L8EEA5
P21589	530	T	A	A0A1L8EEA5
P21589	530	T	A	A0A1L8EEA5
P21731	60	R	L	A0A2K5TYV1
P21731	60	R	L	A0A2K5TYV1
P21731	217	V	I	A0A2K5TYV1
P21731	217	V	I	A0A2K5TYV1
P21757	181	I	K	A0A2I3GU51
P21757	181	I	K	A0A2I3GU51
P21757	275	P	A	A0A2I3GU51
P21860	385	N	S	Q5G254
P21860	385	N	S	Q5G254
P21860	1097	S	P	Q5G254
P21860	1097	S	P	Q5G254
P21860	1119	S	C	Q5G254
P21860	1127	R	H	Q5G254
P21860	1127	R	H	Q5G254
P21860	1131	A	T	Q5G254
P21860	1131	A	T	Q5G254
P21860	1271	G	S	Q5G254
P21860	1271	G	S	Q5G254
P21918	88	L	F	H3CD49
P21918	88	L	F	H3CD49
P21918	330	P	Q	H3CD49
P21980	76	R	H	L8IQL6
P21980	76	R	H	L8IQL6
P21980	110	A	T	L8IQL6
P21980	110	A	T	L8IQL6
P21980	377	R	H	L8IQL6
P21980	377	R	H	L8IQL6
P21980	542	V	F	L8IQL6
P21980	542	V	F	L8IQL6
P22003	121	N	S	A0A226P9Y7
P22003	121	N	S	A0A226P9Y7
P22003	209	F	L	A0A226P9Y7
P22003	209	F	L	A0A226P9Y7
P22102	421	V	I	A0A146SUR0
P22102	632	A	V	A0A146SUR0
P22102	752	D	G	A0A146SUR0
P22102	804	E	A	A0A146SUR0
P22102	421	V	I	A0A146SUR0
P22102	632	A	V	A0A146SUR0
P22102	752	D	G	A0A146SUR0
P22102	804	E	A	A0A146SUR0
P22102	421	V	I	A0A146SUR0
P22102	632	A	V	A0A146SUR0
P22102	752	D	G	A0A146SUR0
P22102	804	E	A	A0A146SUR0
P22102	421	V	I	A0A146SUR0
P22102	421	V	I	A0A146SUR0
P22102	752	D	G	A0A146SUR0
P22102	752	D	G	A0A146SUR0
P22102	421	V	I	A0A146SUR0
P22102	421	V	I	A0A146SUR0
P22102	752	D	G	A0A146SUR0
P22102	752	D	G	A0A146SUR0
P22102	421	V	I	A0A146SUR0
P22102	421	V	I	A0A146SUR0
P22102	752	D	G	A0A146SUR0
P22102	752	D	G	A0A146SUR0
P22459	357	P	T	U3I8V1
P22674	36	R	H	G1QKK9
P22674	36	R	H	G1QKK9
P22674	69	D	G	G1QKK9
P22674	69	D	G	G1QKK9
P22674	88	Q	H	G1QKK9
P22674	88	Q	H	G1QKK9
P22674	264	G	R	G1QKK9
P22674	264	G	R	G1QKK9
P22674	296	R	Q	G1QKK9
P22674	314	E	K	G1QKK9
P22674	314	E	K	G1QKK9
P22674	314	E	K	G1QKK9
P22674	334	M	I	G1QKK9
P22674	334	M	I	G1QKK9
P22674	336	P	L	G1QKK9
P22674	336	P	L	G1QKK9
P22760	281	V	I	A0A2R8RW49
P22830	55	G	S	A0A2K5UGZ8
P22830	96	R	Q	A0A2K5UGZ8
P22830	96	R	Q	A0A2K5UGZ8
P22830	96	R	Q	A0A2K5UGZ8
P22830	129	G	R	A0A2K5UGZ8
P22830	129	G	R	A0A2K5UGZ8
P22830	172	E	K	A0A2K5UGZ8
P22830	172	E	K	A0A2K5UGZ8
P22830	172	E	K	A0A2K5UGZ8
P23219	8	W	R	A0A091CZG8
P23219	17	P	L	A0A091CZG8
P23219	237	L	M	A0A091CZG8
P23284	29	G	R	G3NW60
P23284	29	G	R	G3NW60
P23284	29	G	R	G3NW60
P23352	26	G	R	H3A9M1
P23352	26	G	R	H3A9M1
P23352	26	G	R	H3A9M1
P23352	33	R	P	H3A9M1
P23352	72	G	S	H3A9M1
P23352	72	G	S	H3A9M1
P23352	137	P	A	H3A9M1
P23352	137	P	A	H3A9M1
P23352	155	N	D	H3A9M1
P23352	155	N	D	H3A9M1
P23352	185	K	N	H3A9M1
P23352	185	K	N	H3A9M1
P23352	185	K	N	H3A9M1
P23352	185	K	N	H3A9M1
P23352	275	T	A	H3A9M1
P23352	297	R	Q	H3A9M1
P23352	297	R	Q	H3A9M1
P23352	304	N	S	H3A9M1
P23352	304	N	S	H3A9M1
P23352	428	P	L	H3A9M1
P23352	428	P	L	H3A9M1
P23352	428	P	L	H3A9M1
P23352	461	R	W	H3A9M1
P23352	461	R	W	H3A9M1
P23352	474	G	R	H3A9M1
P23352	474	G	R	H3A9M1
P23352	511	S	Y	H3A9M1
P23352	511	S	Y	H3A9M1
P23352	511	S	Y	H3A9M1
P23352	511	S	Y	H3A9M1
P23352	534	V	I	H3A9M1
P23352	534	V	I	H3A9M1
P23352	534	V	I	H3A9M1
P23352	534	V	I	H3A9M1
P23352	543	V	I	H3A9M1
P23352	543	V	I	H3A9M1
P23352	543	V	I	H3A9M1
P23352	582	M	T	H3A9M1
P23352	582	M	T	H3A9M1
P23352	582	M	T	H3A9M1
P23352	641	G	R	H3A9M1
P23352	641	G	R	H3A9M1
P23409	90	A	D	A0A061IQV8
P23409	90	A	D	A0A061IQV8
P23409	90	A	D	A0A061IQV8
P23409	98	A	S	A0A061IQV8
P23409	116	L	P	A0A061IQV8
P23409	116	L	P	A0A061IQV8
P23409	182	T	P	A0A061IQV8
P23409	182	T	P	A0A061IQV8
P23415	8	R	P	A0A2S1WM10
P23415	8	R	P	A0A2S1WM10
P23415	8	R	P	A0A2S1WM10
P23415	150	R	Q	A0A2S1WM10
P23415	241	R	Q	A0A2S1WM10
P23415	241	R	Q	A0A2S1WM10
P23415	241	R	Q	A0A2S1WM10
P23415	341	E	G	A0A2S1WM10
P23415	344	R	Q	A0A2S1WM10
P23415	349	R	Q	A0A2S1WM10
P23415	349	R	Q	A0A2S1WM10
P23415	360	F	L	A0A2S1WM10
P23415	360	F	L	A0A2S1WM10
P23415	360	F	L	A0A2S1WM10
P23415	370	G	S	A0A2S1WM10
P23415	370	G	S	A0A2S1WM10
P23415	370	G	S	A0A2S1WM10
P23415	370	G	S	A0A2S1WM10
P23415	370	G	S	A0A2S1WM10
P23415	385	A	T	A0A2S1WM10
P23415	387	N	K	A0A2S1WM10
P23415	387	N	K	A0A2S1WM10
P23415	389	N	T	A0A2S1WM10
P23415	389	N	T	A0A2S1WM10
P23415	394	P	L	A0A2S1WM10
P23415	394	P	L	A0A2S1WM10
P23415	405	R	Q	A0A2S1WM10
P23467	312	R	K	G3SUY9
P23467	345	S	G	G3SUY9
P23467	633	D	E	G3SUY9
P23467	750	M	I	G3SUY9
P23467	1157	T	M	G3SUY9
P23467	1446	R	W	G3SUY9
P23467	2152	G	A	G3SUY9
P23471	3	I	S	S9Y302
P23471	6	R	L	S9Y302
P23471	1024	V	L	S9Y302
P23471	1024	V	L	S9Y302
P23471	1080	K	Q	S9Y302
P23471	1080	K	Q	S9Y302
P23471	1384	D	N	S9Y302
P23471	1433	G	D	S9Y302
P23582	18	L	F	G1T785
P23582	18	L	F	G1T785
P23582	26	G	R	G1T785
P23582	18	L	F	G1T785
P23582	18	L	F	G1T785
P23582	26	G	R	G1T785
P24530	260	V	F	A0A2K6UV82
P24530	428	H	Q	A0A2K6UV82
P24530	428	H	Q	A0A2K6UV82
P24530	260	V	F	A0A2K6UV82
P24530	428	H	Q	A0A2K6UV82
P24530	428	H	Q	A0A2K6UV82
P24530	260	V	F	A0A2K6UV82
P24530	428	H	Q	A0A2K6UV82
P24530	428	H	Q	A0A2K6UV82
P24530	260	V	F	A0A2K6UV82
P24530	428	H	Q	A0A2K6UV82
P24530	428	H	Q	A0A2K6UV82
P25024	211	F	L	A0A1S3GWT9
P25024	211	F	L	A0A1S3GWT9
P25024	276	S	T	A0A1S3GWT9
P25024	279	R	C	A0A1S3GWT9
P25024	279	R	C	A0A1S3GWT9
P25024	342	S	L	A0A1S3GWT9
P25024	342	S	L	A0A1S3GWT9
P25025	6	M	R	A0A1S3GWT9
P25025	79	G	S	A0A1S3GWT9
P25025	79	G	S	A0A1S3GWT9
P25025	79	G	S	A0A1S3GWT9
P25025	80	R	C	A0A1S3GWT9
P25025	195	A	D	A0A1S3GWT9
P25025	236	R	C	A0A1S3GWT9
P25025	241	A	T	A0A1S3GWT9
P25025	241	A	T	A0A1S3GWT9
P25025	248	R	Q	A0A1S3GWT9
P25025	332	H	R	A0A1S3GWT9
P25067	3	G	R	H2PZI4
P25067	155	R	Q	H2PZI4
P25067	434	R	H	H2PZI4
P25067	502	T	M	H2PZI4
P25067	567	G	S	H2PZI4
P25067	575	P	L	H2PZI4
P25067	3	G	R	H2PZI4
P25067	155	R	Q	H2PZI4
P25067	434	R	H	H2PZI4
P25067	502	T	M	H2PZI4
P25067	567	G	S	H2PZI4
P25067	575	P	L	H2PZI4
P25092	114	R	Q	Q4T9J5
P25092	114	R	Q	Q4T9J5
P25092	281	F	L	Q4T9J5
P25092	298	T	M	Q4T9J5
P25092	298	T	M	Q4T9J5
P25092	298	T	M	Q4T9J5
P25092	719	E	Q	Q4T9J5
P25092	751	L	V	Q4T9J5
P25092	751	L	V	Q4T9J5
P25092	784	Q	K	Q4T9J5
P25092	784	Q	K	Q4T9J5
P25092	785	L	M	Q4T9J5
P25092	888	R	W	Q4T9J5
P25092	888	R	W	Q4T9J5
P25092	964	V	A	Q4T9J5
P25092	964	V	A	Q4T9J5
P25092	1072	Y	C	Q4T9J5
P25092	1072	Y	C	Q4T9J5
P26012	613	E	D	M7B3D4
P26441	49	N	S	E1BFH9
P26441	49	N	S	E1BFH9
P26639	21	G	D	N6T335
P26639	21	G	D	N6T335
P26639	21	G	D	N6T335
P26639	77	E	D	N6T335
P26639	77	E	D	N6T335
P26639	118	V	I	N6T335
P26639	118	V	I	N6T335
P26639	580	G	C	N6T335
P26639	580	G	D	N6T335
P26639	580	G	D	N6T335
P26639	21	G	D	N6T335
P26639	21	G	D	N6T335
P26639	21	G	D	N6T335
P26639	77	E	D	N6T335
P26639	77	E	D	N6T335
P26639	118	V	I	N6T335
P26639	118	V	I	N6T335
P26639	580	G	D	N6T335
P26639	580	G	D	N6T335
P26639	580	G	C	N6T335
P26842	59	A	T	U6CW22
P26842	233	H	R	U6CW22
P26842	233	H	R	U6CW22
P26842	233	H	R	U6CW22
P27361	15	R	C	A0A2U3Z2Q3
P27361	15	R	C	A0A2U3Z2Q3
P27361	323	E	K	A0A2U3Z2Q3
P27361	323	E	K	A0A2U3Z2Q3
P27539	118	A	V	A0A2U9CA91
P27539	118	A	V	A0A2U9CA91
P27539	118	A	V	A0A2U9CA91
P27539	118	A	V	A0A2U9CA91
P27539	130	V	I	A0A2U9CA91
P27539	130	V	I	A0A2U9CA91
P27539	130	V	I	A0A2U9CA91
P27539	138	P	T	A0A2U9CA91
P27540	511	D	N	A0A061IK87
P27540	511	D	N	A0A061IK87
P27930	62	S	R	I3MBR5
P27930	62	S	R	I3MBR5
P27930	181	E	K	I3MBR5
P27930	181	E	K	I3MBR5
P27930	62	S	R	I3MBR5
P27930	62	S	R	I3MBR5
P27930	181	E	K	I3MBR5
P27930	181	E	K	I3MBR5
P28065	32	V	I	G1SGW4
P28065	60	R	H	G1SGW4
P28065	126	R	H	G1SGW4
P28065	32	V	I	G1SGW4
P28065	32	V	I	G1SGW4
P28065	60	R	H	G1SGW4
P28065	60	R	H	G1SGW4
P28065	60	R	H	G1SGW4
P28065	60	R	L	G1SGW4
P28065	126	R	H	G1SGW4
P28065	32	V	I	G1SGW4
P28065	32	V	I	G1SGW4
P28065	60	R	H	G1SGW4
P28065	60	R	H	G1SGW4
P28065	60	R	H	G1SGW4
P28065	60	R	L	G1SGW4
P28065	126	R	H	G1SGW4
P28065	32	V	I	G1SGW4
P28065	32	V	I	G1SGW4
P28065	60	R	H	G1SGW4
P28065	60	R	H	G1SGW4
P28065	60	R	H	G1SGW4
P28065	60	R	L	G1SGW4
P28065	126	R	H	G1SGW4
P28065	32	V	I	G1SGW4
P28065	32	V	I	G1SGW4
P28065	60	R	H	G1SGW4
P28065	60	R	H	G1SGW4
P28065	60	H	L	G1SGW4
P28065	60	H	R	G1SGW4
P28065	126	R	H	G1SGW4
P28065	32	V	I	G1SGW4
P28065	32	V	I	G1SGW4
P28065	60	H	L	G1SGW4
P28065	60	H	R	G1SGW4
P28065	60	R	H	G1SGW4
P28065	60	R	H	G1SGW4
P28065	126	R	H	G1SGW4
P28065	32	V	I	G1SGW4
P28065	32	V	I	G1SGW4
P28065	60	R	H	G1SGW4
P28065	60	R	H	G1SGW4
P28065	60	R	H	G1SGW4
P28065	60	R	L	G1SGW4
P28065	126	R	H	G1SGW4
P28065	32	V	I	G1SGW4
P28065	32	V	I	G1SGW4
P28065	60	H	R	G1SGW4
P28065	60	R	H	G1SGW4
P28065	60	R	H	G1SGW4
P28065	60	H	L	G1SGW4
P28065	126	R	H	G1SGW4
P28067	166	V	I	Q31107
P28067	181	G	A	Q31107
P28067	210	R	H	Q31107
P28067	210	R	C	Q31107
P28067	166	V	I	Q31107
P28067	166	V	I	Q31107
P28067	181	G	A	Q31107
P28067	181	G	A	Q31107
P28067	210	R	C	Q31107
P28067	210	R	C	Q31107
P28067	210	R	H	Q31107
P28067	210	R	H	Q31107
P28067	166	V	I	Q31107
P28067	166	V	I	Q31107
P28067	181	G	A	Q31107
P28067	181	G	A	Q31107
P28067	210	R	C	Q31107
P28067	210	R	C	Q31107
P28067	210	R	H	Q31107
P28067	210	R	H	Q31107
P28067	166	V	I	Q31107
P28067	166	V	I	Q31107
P28067	181	G	A	Q31107
P28067	181	G	A	Q31107
P28067	210	R	H	Q31107
P28067	210	R	H	Q31107
P28067	210	R	C	Q31107
P28067	210	R	C	Q31107
P28067	166	V	I	Q31107
P28067	166	V	I	Q31107
P28067	181	G	A	Q31107
P28067	181	G	A	Q31107
P28067	210	R	C	Q31107
P28067	210	R	C	Q31107
P28067	210	R	H	Q31107
P28067	210	R	H	Q31107
P28067	166	V	I	Q31107
P28067	166	V	I	Q31107
P28067	181	G	A	Q31107
P28067	181	G	A	Q31107
P28067	210	R	H	Q31107
P28067	210	R	H	Q31107
P28067	210	R	C	Q31107
P28067	210	R	C	Q31107
P28067	166	V	I	Q31107
P28067	166	V	I	Q31107
P28067	181	G	A	Q31107
P28067	181	G	A	Q31107
P28067	210	R	H	Q31107
P28067	210	R	H	Q31107
P28067	210	R	C	Q31107
P28067	210	R	C	Q31107
P28070	113	G	S	A0A1D1YES3
P28070	218	M	V	A0A1D1YES3
P28070	234	I	T	A0A1D1YES3
P28335	7	A	V	A0A1U7S513
P28335	7	A	V	A0A1U7S513
P28335	23	S	F	A0A1U7S513
P28335	23	S	C	A0A1U7S513
P28335	42	D	H	A0A1U7S513
P28335	42	D	H	A0A1U7S513
P28335	7	A	V	A0A1U7S513
P28335	7	A	V	A0A1U7S513
P28335	23	S	C	A0A1U7S513
P28335	23	S	F	A0A1U7S513
P28335	42	D	H	A0A1U7S513
P28335	42	D	H	A0A1U7S513
P28472	7	G	R	F1QPW7
P28472	341	K	Q	F1QPW7
P28472	353	R	H	F1QPW7
P28472	353	R	C	F1QPW7
P28472	353	R	C	F1QPW7
P28472	353	R	H	F1QPW7
P28472	353	R	H	F1QPW7
P28472	357	E	K	F1QPW7
P28472	357	E	K	F1QPW7
P28472	357	E	K	F1QPW7
P28472	360	R	Q	F1QPW7
P28472	402	Y	H	F1QPW7
P28472	402	Y	H	F1QPW7
P28472	402	Y	H	F1QPW7
P28472	402	Y	H	F1QPW7
P28472	423	H	Q	F1QPW7
P28472	423	H	Q	F1QPW7
P28472	423	H	Q	F1QPW7
P28472	429	R	Q	F1QPW7
P28472	448	I	V	F1QPW7
P28472	448	I	V	F1QPW7
P28472	448	I	V	F1QPW7
P28715	26	I	V	H0ZKQ6
P28715	26	I	V	H0ZKQ6
P28715	26	I	V	H0ZKQ6
P28715	145	V	I	H0ZKQ6
P28715	145	V	I	H0ZKQ6
P28715	145	V	I	H0ZKQ6
P28715	145	V	I	H0ZKQ6
P28715	214	R	C	H0ZKQ6
P28715	214	R	C	H0ZKQ6
P28715	214	R	H	H0ZKQ6
P28715	214	R	H	H0ZKQ6
P28715	214	R	C	H0ZKQ6
P28715	214	R	C	H0ZKQ6
P28715	214	R	H	H0ZKQ6
P28715	214	R	H	H0ZKQ6
P28715	214	R	C	H0ZKQ6
P28715	214	R	H	H0ZKQ6
P28715	254	M	V	H0ZKQ6
P28715	254	M	V	H0ZKQ6
P28715	254	M	V	H0ZKQ6
P28715	254	M	V	H0ZKQ6
P28715	256	Q	R	H0ZKQ6
P28715	256	Q	R	H0ZKQ6
P28715	256	Q	R	H0ZKQ6
P28715	256	Q	R	H0ZKQ6
P28715	376	A	V	H0ZKQ6
P28715	376	A	V	H0ZKQ6
P28715	376	A	V	H0ZKQ6
P28715	376	A	V	H0ZKQ6
P28715	500	R	Q	H0ZKQ6
P28715	529	C	S	H0ZKQ6
P28715	529	C	S	H0ZKQ6
P28715	529	C	S	H0ZKQ6
P28715	529	C	S	H0ZKQ6
P28715	627	A	E	H0ZKQ6
P28715	627	A	E	H0ZKQ6
P28715	627	A	E	H0ZKQ6
P28715	627	A	E	H0ZKQ6
P28715	879	N	S	H0ZKQ6
P28715	879	N	S	H0ZKQ6
P28715	879	N	S	H0ZKQ6
P28715	879	N	S	H0ZKQ6
P28715	959	R	S	H0ZKQ6
P28715	959	R	S	H0ZKQ6
P28715	959	R	S	H0ZKQ6
P28715	1053	G	R	H0ZKQ6
P28715	1053	G	R	H0ZKQ6
P28715	1053	G	R	H0ZKQ6
P28715	1053	G	R	H0ZKQ6
P28715	1080	G	R	H0ZKQ6
P28715	1080	G	E	H0ZKQ6
P28715	1080	G	R	H0ZKQ6
P28715	1080	G	E	H0ZKQ6
P28715	1080	G	R	H0ZKQ6
P28715	1080	G	E	H0ZKQ6
P28715	1080	G	E	H0ZKQ6
P28715	1080	G	E	H0ZKQ6
P28715	1080	G	E	H0ZKQ6
P28715	1104	D	H	H0ZKQ6
P28715	1104	D	H	H0ZKQ6
P28715	1104	D	H	H0ZKQ6
P28715	1104	D	H	H0ZKQ6
P28715	1104	D	H	H0ZKQ6
P29083	366	P	S	A0A293N7W2
P29323	263	V	I	M3ZYZ8
P29323	263	V	I	M3ZYZ8
P29323	279	A	S	M3ZYZ8
P29323	279	A	S	M3ZYZ8
P29323	369	R	Q	M3ZYZ8
P29323	369	R	Q	M3ZYZ8
P29323	477	E	K	M3ZYZ8
P29323	477	E	K	M3ZYZ8
P29323	618	I	N	M3ZYZ8
P29323	618	I	N	M3ZYZ8
P29323	650	V	A	M3ZYZ8
P29323	650	V	A	M3ZYZ8
P29323	678	D	N	M3ZYZ8
P29323	678	D	N	M3ZYZ8
P29323	678	D	N	M3ZYZ8
P29371	286	K	R	A0A093HV01
P29371	286	K	R	A0A093HV01
P29371	286	K	R	A0A093HV01
P29371	449	A	T	A0A093HV01
P29371	449	A	T	A0A093HV01
P29508	240	D	N	M3W9H3
P29508	269	W	R	M3W9H3
P29508	279	R	P	M3W9H3
P29508	351	G	A	M3W9H3
P29508	356	P	S	M3W9H3
P29508	356	P	S	M3W9H3
P29508	357	T	A	M3W9H3
P29508	362	E	K	M3W9H3
P29508	362	E	K	M3W9H3
P29590	28	T	P	G1LRJ4
P29590	28	T	P	G1LRJ4
P29590	549	A	T	G1LRJ4
P29590	549	A	T	G1LRJ4
P29590	645	F	L	G1LRJ4
P29803	376	R	G	A0A2R8MHL0
P29973	114	D	N	G1SQW8
P29973	114	D	N	G1SQW8
P29973	114	D	N	G1SQW8
P29973	114	D	N	G1SQW8
P29973	114	D	N	G1SQW8
P29973	114	D	N	G1SQW8
P29973	278	F	I	G1SQW8
P29973	340	R	H	G1SQW8
P29973	340	R	H	G1SQW8
P29973	647	M	V	G1SQW8
P29973	114	D	N	G1SQW8
P29973	114	D	N	G1SQW8
P29973	114	D	N	G1SQW8
P29973	114	D	N	G1SQW8
P29973	114	D	N	G1SQW8
P29973	114	D	N	G1SQW8
P29973	278	F	I	G1SQW8
P29973	340	R	H	G1SQW8
P29973	340	R	H	G1SQW8
P29973	647	M	V	G1SQW8
P29973	114	D	N	G1SQW8
P29973	114	D	N	G1SQW8
P29973	114	D	N	G1SQW8
P29973	114	D	N	G1SQW8
P29973	114	D	N	G1SQW8
P29973	114	D	N	G1SQW8
P29973	278	F	I	G1SQW8
P29973	340	R	H	G1SQW8
P29973	340	R	H	G1SQW8
P29973	647	M	V	G1SQW8
P30044	33	Y	C	A0A2K6V2U5
P30307	70	R	C	D4ADT2
P30307	297	G	R	D4ADT2
P30307	70	R	C	D4ADT2
P30307	297	G	R	D4ADT2
P30511	272	P	S	A0A2J8NX11
P30511	272	P	S	A0A2J8NX11
P30518	7	T	S	A0A1U7R3W1
P30518	7	T	S	A0A1U7R3W1
P30518	7	T	S	A0A1U7R3W1
P30518	12	G	E	A0A1U7R3W1
P30518	12	G	E	A0A1U7R3W1
P30518	12	G	E	A0A1U7R3W1
P30518	12	G	E	A0A1U7R3W1
P30518	42	A	V	A0A1U7R3W1
P30518	42	A	V	A0A1U7R3W1
P30518	42	A	V	A0A1U7R3W1
P30518	64	R	W	A0A1U7R3W1
P30518	64	R	W	A0A1U7R3W1
P30518	68	R	Q	A0A1U7R3W1
P30518	68	R	Q	A0A1U7R3W1
P30518	104	R	H	A0A1U7R3W1
P30518	104	R	H	A0A1U7R3W1
P30518	106	R	H	A0A1U7R3W1
P30518	106	R	H	A0A1U7R3W1
P30518	139	R	H	A0A1U7R3W1
P30518	139	R	H	A0A1U7R3W1
P30518	143	R	H	A0A1U7R3W1
P30518	143	R	H	A0A1U7R3W1
P30518	147	A	V	A0A1U7R3W1
P30518	147	A	V	A0A1U7R3W1
P30518	147	A	V	A0A1U7R3W1
P30518	147	A	V	A0A1U7R3W1
P30518	181	R	H	A0A1U7R3W1
P30518	181	R	H	A0A1U7R3W1
P30518	215	V	M	A0A1U7R3W1
P30518	215	V	M	A0A1U7R3W1
P30518	245	G	A	A0A1U7R3W1
P30518	245	G	A	A0A1U7R3W1
P30518	247	R	H	A0A1U7R3W1
P30518	247	R	H	A0A1U7R3W1
P30518	247	R	H	A0A1U7R3W1
P30518	248	R	C	A0A1U7R3W1
P30518	248	R	C	A0A1U7R3W1
P30518	252	R	W	A0A1U7R3W1
P30518	252	R	W	A0A1U7R3W1
P30518	252	R	W	A0A1U7R3W1
P30518	257	G	S	A0A1U7R3W1
P30518	257	G	S	A0A1U7R3W1
P30518	257	G	S	A0A1U7R3W1
P30518	352	G	D	A0A1U7R3W1
P30518	352	G	D	A0A1U7R3W1
P30518	352	G	D	A0A1U7R3W1
P30518	352	G	D	A0A1U7R3W1
P30518	7	T	S	A0A1U7R3W1
P30518	7	T	S	A0A1U7R3W1
P30518	7	T	S	A0A1U7R3W1
P30518	12	G	E	A0A1U7R3W1
P30518	12	G	E	A0A1U7R3W1
P30518	12	G	E	A0A1U7R3W1
P30518	12	G	E	A0A1U7R3W1
P30518	42	A	V	A0A1U7R3W1
P30518	42	A	V	A0A1U7R3W1
P30518	42	A	V	A0A1U7R3W1
P30518	64	R	W	A0A1U7R3W1
P30518	64	R	W	A0A1U7R3W1
P30518	68	R	Q	A0A1U7R3W1
P30518	68	R	Q	A0A1U7R3W1
P30518	104	R	H	A0A1U7R3W1
P30518	104	R	H	A0A1U7R3W1
P30518	106	R	H	A0A1U7R3W1
P30518	106	R	H	A0A1U7R3W1
P30518	139	R	H	A0A1U7R3W1
P30518	139	R	H	A0A1U7R3W1
P30518	143	R	H	A0A1U7R3W1
P30518	143	R	H	A0A1U7R3W1
P30518	147	A	V	A0A1U7R3W1
P30518	147	A	V	A0A1U7R3W1
P30518	147	A	V	A0A1U7R3W1
P30518	147	A	V	A0A1U7R3W1
P30518	181	R	H	A0A1U7R3W1
P30518	181	R	H	A0A1U7R3W1
P30518	215	V	M	A0A1U7R3W1
P30518	215	V	M	A0A1U7R3W1
P30518	245	G	A	A0A1U7R3W1
P30518	245	G	A	A0A1U7R3W1
P30518	247	R	H	A0A1U7R3W1
P30518	247	R	H	A0A1U7R3W1
P30518	247	R	H	A0A1U7R3W1
P30518	248	R	C	A0A1U7R3W1
P30518	248	R	C	A0A1U7R3W1
P30518	252	R	W	A0A1U7R3W1
P30518	252	R	W	A0A1U7R3W1
P30518	252	R	W	A0A1U7R3W1
P30518	257	G	S	A0A1U7R3W1
P30518	257	G	S	A0A1U7R3W1
P30518	257	G	S	A0A1U7R3W1
P30518	352	G	D	A0A1U7R3W1
P30518	352	G	D	A0A1U7R3W1
P30518	352	G	D	A0A1U7R3W1
P30518	352	G	D	A0A1U7R3W1
P30530	18	A	V	H2UTI6
P30530	18	A	V	H2UTI6
P30530	50	L	F	H2UTI6
P30530	79	A	V	H2UTI6
P30530	79	A	V	H2UTI6
P30530	181	A	S	H2UTI6
P30530	181	A	S	H2UTI6
P30530	194	V	I	H2UTI6
P30530	194	V	I	H2UTI6
P30530	262	A	T	H2UTI6
P30530	262	A	T	H2UTI6
P30530	351	V	L	H2UTI6
P30530	351	V	L	H2UTI6
P30530	448	W	L	H2UTI6
P30530	448	W	L	H2UTI6
P30530	763	R	H	H2UTI6
P30530	805	N	T	H2UTI6
P30530	805	N	T	H2UTI6
P30740	82	A	V	U3KF17
P30740	82	A	V	U3KF17
P30740	290	R	C	U3KF17
P30740	290	R	C	U3KF17
P30825	508	I	V	A0A218VG33
P30825	508	I	V	A0A218VG33
P30989	58	T	I	A0A2R8MQD9
P30989	58	T	I	A0A2R8MQD9
P30989	72	A	V	A0A2R8MQD9
P30989	72	A	V	A0A2R8MQD9
P30989	275	Q	H	A0A2R8MQD9
P30989	275	Q	H	A0A2R8MQD9
P30989	339	Y	C	A0A2R8MQD9
P30989	339	Y	C	A0A2R8MQD9
P30989	341	F	L	A0A2R8MQD9
P30989	341	F	L	A0A2R8MQD9
P30989	388	R	C	A0A2R8MQD9
P30989	388	R	C	A0A2R8MQD9
P31040	38	D	V	A0A2K6D385
P31040	38	D	V	A0A2K6D385
P31040	38	D	V	A0A2K6D385
P31040	38	D	V	A0A2K6D385
P31040	38	D	V	A0A2K6D385
P31040	38	D	V	A0A2K6D385
P31040	38	D	V	A0A2K6D385
P31040	38	D	V	A0A2K6D385
P31040	38	D	V	A0A2K6D385
P31040	49	D	G	A0A2K6D385
P31040	49	D	G	A0A2K6D385
P31040	49	D	G	A0A2K6D385
P31040	49	D	G	A0A2K6D385
P31040	49	D	G	A0A2K6D385
P31040	49	D	G	A0A2K6D385
P31040	55	Y	H	A0A2K6D385
P31040	55	Y	H	A0A2K6D385
P31040	55	Y	H	A0A2K6D385
P31040	55	Y	H	A0A2K6D385
P31040	55	Y	H	A0A2K6D385
P31040	55	Y	H	A0A2K6D385
P31040	55	Y	H	A0A2K6D385
P31040	184	G	R	A0A2K6D385
P31040	184	G	R	A0A2K6D385
P31040	184	G	R	A0A2K6D385
P31040	184	G	R	A0A2K6D385
P31040	184	G	R	A0A2K6D385
P31040	184	G	R	A0A2K6D385
P31040	184	G	R	A0A2K6D385
P31040	184	G	R	A0A2K6D385
P31040	629	Y	F	A0A2K6D385
P31040	629	Y	F	A0A2K6D385
P31040	629	Y	F	A0A2K6D385
P31040	657	V	I	A0A2K6D385
P31040	657	V	I	A0A2K6D385
P31040	657	V	I	A0A2K6D385
P31150	164	Q	P	B0KWX0
P31150	413	T	A	B0KWX0
P31150	413	T	A	B0KWX0
P31268	18	A	T	A0A1U7U806
P31327	163	G	R	A0A2K6PK26
P31327	163	G	R	A0A2K6PK26
P31327	344	T	A	A0A2K6PK26
P31327	344	T	S	A0A2K6PK26
P31327	344	T	S	A0A2K6PK26
P31327	344	T	S	A0A2K6PK26
P31327	344	T	A	A0A2K6PK26
P31327	344	T	A	A0A2K6PK26
P31327	344	T	A	A0A2K6PK26
P31327	344	T	A	A0A2K6PK26
P31327	344	T	S	A0A2K6PK26
P31327	344	T	A	A0A2K6PK26
P31327	405	T	N	A0A2K6PK26
P31327	405	T	N	A0A2K6PK26
P31327	405	T	N	A0A2K6PK26
P31327	405	T	N	A0A2K6PK26
P31327	544	T	S	A0A2K6PK26
P31327	544	T	S	A0A2K6PK26
P31327	715	V	L	A0A2K6PK26
P31327	715	V	L	A0A2K6PK26
P31327	875	K	E	A0A2K6PK26
P31327	875	K	E	A0A2K6PK26
P31327	924	T	S	A0A2K6PK26
P31327	1010	T	M	A0A2K6PK26
P31327	1010	T	M	A0A2K6PK26
P31327	1010	T	M	A0A2K6PK26
P31327	1119	A	T	A0A2K6PK26
P31327	1119	A	T	A0A2K6PK26
P31327	1119	A	T	A0A2K6PK26
P31327	1119	A	T	A0A2K6PK26
P31327	1229	K	N	A0A2K6PK26
P31327	1229	K	N	A0A2K6PK26
P31327	1229	K	N	A0A2K6PK26
P31327	1399	N	T	A0A2K6PK26
P31327	1399	N	T	A0A2K6PK26
P31327	1399	N	T	A0A2K6PK26
P31327	1406	T	N	A0A2K6PK26
P31327	1406	T	N	A0A2K6PK26
P31327	163	G	R	A0A2K6PK26
P31327	163	G	R	A0A2K6PK26
P31327	344	T	A	A0A2K6PK26
P31327	344	T	A	A0A2K6PK26
P31327	344	T	S	A0A2K6PK26
P31327	344	T	A	A0A2K6PK26
P31327	344	T	A	A0A2K6PK26
P31327	344	T	A	A0A2K6PK26
P31327	344	T	S	A0A2K6PK26
P31327	344	T	S	A0A2K6PK26
P31327	344	T	S	A0A2K6PK26
P31327	344	T	A	A0A2K6PK26
P31327	405	T	N	A0A2K6PK26
P31327	405	T	N	A0A2K6PK26
P31327	405	T	N	A0A2K6PK26
P31327	405	T	N	A0A2K6PK26
P31327	544	T	S	A0A2K6PK26
P31327	544	T	S	A0A2K6PK26
P31327	715	V	L	A0A2K6PK26
P31327	715	V	L	A0A2K6PK26
P31327	875	K	E	A0A2K6PK26
P31327	875	K	E	A0A2K6PK26
P31327	924	T	S	A0A2K6PK26
P31327	1010	T	M	A0A2K6PK26
P31327	1010	T	M	A0A2K6PK26
P31327	1010	T	M	A0A2K6PK26
P31327	1119	A	T	A0A2K6PK26
P31327	1119	A	T	A0A2K6PK26
P31327	1119	A	T	A0A2K6PK26
P31327	1119	A	T	A0A2K6PK26
P31327	1229	K	N	A0A2K6PK26
P31327	1229	K	N	A0A2K6PK26
P31327	1229	K	N	A0A2K6PK26
P31327	1399	N	T	A0A2K6PK26
P31327	1399	N	T	A0A2K6PK26
P31327	1399	N	T	A0A2K6PK26
P31327	1406	T	N	A0A2K6PK26
P31327	1406	T	N	A0A2K6PK26
P31327	163	G	R	A0A2K6PK26
P31327	163	G	R	A0A2K6PK26
P31327	344	T	A	A0A2K6PK26
P31327	344	T	A	A0A2K6PK26
P31327	344	T	S	A0A2K6PK26
P31327	344	T	A	A0A2K6PK26
P31327	344	T	A	A0A2K6PK26
P31327	344	T	A	A0A2K6PK26
P31327	344	T	A	A0A2K6PK26
P31327	344	T	S	A0A2K6PK26
P31327	344	T	S	A0A2K6PK26
P31327	344	T	S	A0A2K6PK26
P31327	405	T	N	A0A2K6PK26
P31327	405	T	N	A0A2K6PK26
P31327	405	T	N	A0A2K6PK26
P31327	405	T	N	A0A2K6PK26
P31327	544	T	S	A0A2K6PK26
P31327	544	T	S	A0A2K6PK26
P31327	715	V	L	A0A2K6PK26
P31327	715	V	L	A0A2K6PK26
P31327	875	K	E	A0A2K6PK26
P31327	875	K	E	A0A2K6PK26
P31327	924	T	S	A0A2K6PK26
P31327	1010	T	M	A0A2K6PK26
P31327	1010	T	M	A0A2K6PK26
P31327	1010	T	M	A0A2K6PK26
P31327	1119	A	T	A0A2K6PK26
P31327	1119	A	T	A0A2K6PK26
P31327	1119	A	T	A0A2K6PK26
P31327	1119	A	T	A0A2K6PK26
P31327	1229	K	N	A0A2K6PK26
P31327	1229	K	N	A0A2K6PK26
P31327	1229	K	N	A0A2K6PK26
P31327	1399	N	T	A0A2K6PK26
P31327	1399	N	T	A0A2K6PK26
P31327	1399	N	T	A0A2K6PK26
P31327	1406	T	N	A0A2K6PK26
P31327	1406	T	N	A0A2K6PK26
P31327	163	G	R	A0A2K6PK26
P31327	163	G	R	A0A2K6PK26
P31327	344	T	A	A0A2K6PK26
P31327	344	T	S	A0A2K6PK26
P31327	344	T	S	A0A2K6PK26
P31327	344	T	S	A0A2K6PK26
P31327	344	T	A	A0A2K6PK26
P31327	344	T	A	A0A2K6PK26
P31327	344	T	A	A0A2K6PK26
P31327	344	T	S	A0A2K6PK26
P31327	344	T	A	A0A2K6PK26
P31327	344	T	A	A0A2K6PK26
P31327	405	T	N	A0A2K6PK26
P31327	405	T	N	A0A2K6PK26
P31327	405	T	N	A0A2K6PK26
P31327	405	T	N	A0A2K6PK26
P31327	544	T	S	A0A2K6PK26
P31327	544	T	S	A0A2K6PK26
P31327	715	V	L	A0A2K6PK26
P31327	715	V	L	A0A2K6PK26
P31327	875	K	E	A0A2K6PK26
P31327	875	K	E	A0A2K6PK26
P31327	924	T	S	A0A2K6PK26
P31327	1010	T	M	A0A2K6PK26
P31327	1010	T	M	A0A2K6PK26
P31327	1010	T	M	A0A2K6PK26
P31327	1119	A	T	A0A2K6PK26
P31327	1119	A	T	A0A2K6PK26
P31327	1119	A	T	A0A2K6PK26
P31327	1119	A	T	A0A2K6PK26
P31327	1229	K	N	A0A2K6PK26
P31327	1229	K	N	A0A2K6PK26
P31327	1229	K	N	A0A2K6PK26
P31327	1399	N	T	A0A2K6PK26
P31327	1399	N	T	A0A2K6PK26
P31327	1399	N	T	A0A2K6PK26
P31327	1406	T	N	A0A2K6PK26
P31327	1406	T	N	A0A2K6PK26
P31483	95	T	S	A0A060W678
P31483	231	R	S	A0A060W678
P31483	316	A	G	A0A060W678
P31483	316	A	G	A0A060W678
P31483	316	A	G	A0A060W678
P31483	318	Q	R	A0A060W678
P31483	318	Q	R	A0A060W678
P31483	318	Q	R	A0A060W678
P31483	318	Q	R	A0A060W678
P31930	269	R	H	A0A2D0SFJ9
P31944	65	L	V	A0A2K6FZR2
P31944	65	L	V	A0A2K6FZR2
P31944	179	R	Q	A0A2K6FZR2
P31944	179	R	Q	A0A2K6FZR2
P32320	27	K	Q	K7FC96
P32856	32	F	V	A0A2U3YA68
P32856	42	S	T	A0A2U3YA68
P32856	54	K	R	A0A2U3YA68
P32856	95	I	V	A0A2U3YA68
P32856	95	I	V	A0A2U3YA68
P32942	63	I	V	W5Q263
P32942	63	I	V	W5Q263
P32942	115	R	G	W5Q263
P32942	143	D	G	W5Q263
P32942	525	S	T	W5Q263
P33527	433	R	S	Q9UQ98
P33527	433	R	S	Q9UQ98
P33527	671	G	V	Q9UQ98
P33527	671	G	V	Q9UQ98
P33527	1047	C	S	Q9UQ98
P33527	1146	V	I	Q9UQ98
P33527	1146	V	I	Q9UQ98
P33527	433	R	S	Q9UQ98
P33527	433	R	S	Q9UQ98
P33527	433	R	S	Q9UQ98
P33527	433	R	S	Q9UQ98
P33527	671	G	V	Q9UQ98
P33527	671	G	V	Q9UQ98
P33527	671	G	V	Q9UQ98
P33527	1047	C	S	Q9UQ98
P33527	1047	C	S	Q9UQ98
P33527	1146	V	I	Q9UQ98
P33527	1146	V	I	Q9UQ98
P33527	1146	V	I	Q9UQ98
P33527	1146	V	I	Q9UQ98
P33908	491	E	K	A0A2R9BFB5
P33908	651	R	G	A0A2R9BFB5
P33908	651	R	G	A0A2R9BFB5
P33993	114	R	Q	K7E231
P33993	114	R	Q	K7E231
P33993	144	N	S	K7E231
P33993	591	E	D	K7E231
P33993	591	E	D	K7E231
P34130	68	R	Q	L5LRC1
P34130	68	R	Q	L5LRC1
P34130	68	R	Q	L5LRC1
P34130	68	R	Q	L5LRC1
P34130	68	R	Q	L5LRC1
P34130	68	R	Q	L5LRC1
P34130	68	R	Q	L5LRC1
P34130	68	R	Q	L5LRC1
P34130	68	R	Q	L5LRC1
P34130	68	R	Q	L5LRC1
P34130	68	R	Q	L5LRC1
P34130	68	R	Q	L5LRC1
P34130	68	R	Q	L5LRC1
P34130	68	R	Q	L5LRC1
P34741	59	A	T	H3BXQ4
P34741	71	S	T	H3BXQ4
P34932	13	C	S	S9YNI4
P34932	159	A	T	S9YNI4
P34932	649	T	S	S9YNI4
P34932	649	T	S	S9YNI4
P34932	696	P	S	S9YNI4
P34932	696	P	S	S9YNI4
P34998	60	A	V	A0A2Y9PCV2
P34998	60	A	V	A0A2Y9PCV2
P34998	60	A	V	A0A2Y9PCV2
P34998	60	A	V	A0A2Y9PCV2
P34998	60	A	V	A0A2Y9PCV2
P35052	131	G	R	A0A2R9BDW9
P35052	149	R	H	A0A2R9BDW9
P35052	149	R	H	A0A2R9BDW9
P35052	264	G	S	A0A2R9BDW9
P35052	485	G	S	A0A2R9BDW9
P35052	500	S	G	A0A2R9BDW9
P35237	60	N	D	U3KF17
P35237	60	N	D	U3KF17
P35237	63	G	S	U3KF17
P35237	63	G	S	U3KF17
P35237	90	M	V	U3KF17
P35237	90	M	V	U3KF17
P35237	90	M	V	U3KF17
P35237	90	M	V	U3KF17
P35237	115	Q	E	U3KF17
P35237	115	Q	E	U3KF17
P35237	127	V	I	U3KF17
P35237	127	V	I	U3KF17
P35237	127	V	I	U3KF17
P35237	142	T	A	U3KF17
P35237	142	T	A	U3KF17
P35237	153	G	S	U3KF17
P35237	153	G	S	U3KF17
P35237	153	G	S	U3KF17
P35237	154	S	A	U3KF17
P35237	154	S	A	U3KF17
P35237	157	P	L	U3KF17
P35237	242	R	K	U3KF17
P35237	242	R	K	U3KF17
P35237	242	R	K	U3KF17
P35237	314	K	R	U3KF17
P35237	314	K	R	U3KF17
P35237	346	V	I	U3KF17
P35237	346	V	I	U3KF17
P35237	346	V	I	U3KF17
P35237	60	N	D	U3KF17
P35237	60	N	D	U3KF17
P35237	63	G	S	U3KF17
P35237	63	G	S	U3KF17
P35237	90	M	V	U3KF17
P35237	90	M	V	U3KF17
P35237	90	M	V	U3KF17
P35237	90	M	V	U3KF17
P35237	115	Q	E	U3KF17
P35237	115	Q	E	U3KF17
P35237	127	V	I	U3KF17
P35237	127	V	I	U3KF17
P35237	127	V	I	U3KF17
P35237	142	T	A	U3KF17
P35237	142	T	A	U3KF17
P35237	153	G	S	U3KF17
P35237	153	G	S	U3KF17
P35237	153	G	S	U3KF17
P35237	154	S	A	U3KF17
P35237	154	S	A	U3KF17
P35237	157	P	L	U3KF17
P35237	242	R	K	U3KF17
P35237	242	R	K	U3KF17
P35237	242	R	K	U3KF17
P35237	314	K	R	U3KF17
P35237	314	K	R	U3KF17
P35237	346	V	I	U3KF17
P35237	346	V	I	U3KF17
P35237	346	V	I	U3KF17
P35237	60	N	D	U3KF17
P35237	60	N	D	U3KF17
P35237	63	G	S	U3KF17
P35237	63	G	S	U3KF17
P35237	90	M	V	U3KF17
P35237	90	M	V	U3KF17
P35237	90	M	V	U3KF17
P35237	90	M	V	U3KF17
P35237	115	Q	E	U3KF17
P35237	115	Q	E	U3KF17
P35237	127	V	I	U3KF17
P35237	127	V	I	U3KF17
P35237	127	V	I	U3KF17
P35237	142	T	A	U3KF17
P35237	142	T	A	U3KF17
P35237	153	G	S	U3KF17
P35237	153	G	S	U3KF17
P35237	153	G	S	U3KF17
P35237	154	S	A	U3KF17
P35237	154	S	A	U3KF17
P35237	157	P	L	U3KF17
P35237	242	R	K	U3KF17
P35237	242	R	K	U3KF17
P35237	242	R	K	U3KF17
P35237	314	K	R	U3KF17
P35237	314	K	R	U3KF17
P35237	346	V	I	U3KF17
P35237	346	V	I	U3KF17
P35237	346	V	I	U3KF17
P35237	60	N	D	U3KF17
P35237	60	N	D	U3KF17
P35237	63	G	S	U3KF17
P35237	63	G	S	U3KF17
P35237	90	M	V	U3KF17
P35237	90	M	V	U3KF17
P35237	90	M	V	U3KF17
P35237	90	M	V	U3KF17
P35237	115	Q	E	U3KF17
P35237	115	Q	E	U3KF17
P35237	127	V	I	U3KF17
P35237	127	V	I	U3KF17
P35237	127	V	I	U3KF17
P35237	142	T	A	U3KF17
P35237	142	T	A	U3KF17
P35237	153	G	S	U3KF17
P35237	153	G	S	U3KF17
P35237	153	G	S	U3KF17
P35237	154	S	A	U3KF17
P35237	154	S	A	U3KF17
P35237	157	P	L	U3KF17
P35237	242	R	K	U3KF17
P35237	242	R	K	U3KF17
P35237	242	R	K	U3KF17
P35237	314	K	R	U3KF17
P35237	314	K	R	U3KF17
P35237	346	V	I	U3KF17
P35237	346	V	I	U3KF17
P35237	346	V	I	U3KF17
P35237	60	N	D	U3KF17
P35237	60	N	D	U3KF17
P35237	63	G	S	U3KF17
P35237	63	G	S	U3KF17
P35237	90	M	V	U3KF17
P35237	90	M	V	U3KF17
P35237	90	M	V	U3KF17
P35237	90	M	V	U3KF17
P35237	115	Q	E	U3KF17
P35237	115	Q	E	U3KF17
P35237	127	V	I	U3KF17
P35237	127	V	I	U3KF17
P35237	127	V	I	U3KF17
P35237	142	T	A	U3KF17
P35237	142	T	A	U3KF17
P35237	153	G	S	U3KF17
P35237	153	G	S	U3KF17
P35237	153	G	S	U3KF17
P35237	154	S	A	U3KF17
P35237	154	S	A	U3KF17
P35237	157	P	L	U3KF17
P35237	242	R	K	U3KF17
P35237	242	R	K	U3KF17
P35237	242	R	K	U3KF17
P35237	314	K	R	U3KF17
P35237	314	K	R	U3KF17
P35237	346	V	I	U3KF17
P35237	346	V	I	U3KF17
P35237	346	V	I	U3KF17
P35237	60	N	D	U3KF17
P35237	60	N	D	U3KF17
P35237	63	G	S	U3KF17
P35237	63	G	S	U3KF17
P35237	90	M	V	U3KF17
P35237	90	M	V	U3KF17
P35237	90	M	V	U3KF17
P35237	90	M	V	U3KF17
P35237	115	Q	E	U3KF17
P35237	115	Q	E	U3KF17
P35237	127	V	I	U3KF17
P35237	127	V	I	U3KF17
P35237	127	V	I	U3KF17
P35237	142	T	A	U3KF17
P35237	142	T	A	U3KF17
P35237	153	G	S	U3KF17
P35237	153	G	S	U3KF17
P35237	153	G	S	U3KF17
P35237	154	S	A	U3KF17
P35237	154	S	A	U3KF17
P35237	157	P	L	U3KF17
P35237	242	R	K	U3KF17
P35237	242	R	K	U3KF17
P35237	242	R	K	U3KF17
P35237	314	K	R	U3KF17
P35237	314	K	R	U3KF17
P35237	346	V	I	U3KF17
P35237	346	V	I	U3KF17
P35237	346	V	I	U3KF17
P35237	60	N	D	U3KF17
P35237	60	N	D	U3KF17
P35237	63	G	S	U3KF17
P35237	63	G	S	U3KF17
P35237	90	M	V	U3KF17
P35237	90	M	V	U3KF17
P35237	90	M	V	U3KF17
P35237	90	M	V	U3KF17
P35237	115	Q	E	U3KF17
P35237	115	Q	E	U3KF17
P35237	127	V	I	U3KF17
P35237	127	V	I	U3KF17
P35237	127	V	I	U3KF17
P35237	142	T	A	U3KF17
P35237	142	T	A	U3KF17
P35237	153	G	S	U3KF17
P35237	153	G	S	U3KF17
P35237	153	G	S	U3KF17
P35237	154	S	A	U3KF17
P35237	154	S	A	U3KF17
P35237	157	P	L	U3KF17
P35237	242	R	K	U3KF17
P35237	242	R	K	U3KF17
P35237	242	R	K	U3KF17
P35237	314	K	R	U3KF17
P35237	314	K	R	U3KF17
P35237	346	V	I	U3KF17
P35237	346	V	I	U3KF17
P35237	346	V	I	U3KF17
P35237	60	N	D	U3KF17
P35237	60	N	D	U3KF17
P35237	63	G	S	U3KF17
P35237	63	G	S	U3KF17
P35237	90	M	V	U3KF17
P35237	90	M	V	U3KF17
P35237	90	M	V	U3KF17
P35237	90	M	V	U3KF17
P35237	115	Q	E	U3KF17
P35237	115	Q	E	U3KF17
P35237	127	V	I	U3KF17
P35237	127	V	I	U3KF17
P35237	127	V	I	U3KF17
P35237	142	T	A	U3KF17
P35237	142	T	A	U3KF17
P35237	153	G	S	U3KF17
P35237	153	G	S	U3KF17
P35237	153	G	S	U3KF17
P35237	154	S	A	U3KF17
P35237	154	S	A	U3KF17
P35237	157	P	L	U3KF17
P35237	242	R	K	U3KF17
P35237	242	R	K	U3KF17
P35237	242	R	K	U3KF17
P35237	314	K	R	U3KF17
P35237	314	K	R	U3KF17
P35237	346	V	I	U3KF17
P35237	346	V	I	U3KF17
P35237	346	V	I	U3KF17
P35240	502	G	D	A0A091CZF1
P35240	585	A	T	A0A091CZF1
P35240	585	A	T	A0A091CZF1
P35241	447	H	Q	A0A226E532
P35241	447	H	Q	A0A226E532
P35243	134	T	A	A0A1X2GDD2
P35243	134	T	A	A0A1X2GDD2
P35414	53	V	M	A0A146ZQS0
P35414	53	V	M	A0A146ZQS0
P35414	300	V	I	A0A146ZQS0
P35414	300	V	I	A0A146ZQS0
P35414	53	V	M	A0A146ZQS0
P35414	53	V	M	A0A146ZQS0
P35414	300	V	I	A0A146ZQS0
P35414	300	V	I	A0A146ZQS0
P35452	140	A	T	M3ZDX6
P35452	186	R	Q	M3ZDX6
P35462	9	G	S	G3SYC1
P35462	9	G	S	G3SYC1
P35462	9	G	S	G3SYC1
P35462	9	G	S	G3SYC1
P35462	9	G	S	G3SYC1
P35462	38	A	T	G3SYC1
P35462	38	A	T	G3SYC1
P35462	136	V	I	G3SYC1
P35462	136	V	I	G3SYC1
P35462	231	C	S	G3SYC1
P35462	231	C	S	G3SYC1
P35462	9	G	S	G3SYC1
P35462	9	G	S	G3SYC1
P35462	9	G	S	G3SYC1
P35462	9	G	S	G3SYC1
P35462	9	G	S	G3SYC1
P35462	38	A	T	G3SYC1
P35462	38	A	T	G3SYC1
P35462	136	V	I	G3SYC1
P35462	136	V	I	G3SYC1
P35462	231	C	S	G3SYC1
P35462	231	C	S	G3SYC1
P35462	9	G	S	G3SYC1
P35462	9	G	S	G3SYC1
P35462	9	G	S	G3SYC1
P35462	9	G	S	G3SYC1
P35462	9	G	S	G3SYC1
P35462	38	A	T	G3SYC1
P35462	38	A	T	G3SYC1
P35462	136	V	I	G3SYC1
P35462	136	V	I	G3SYC1
P35462	231	C	S	G3SYC1
P35462	231	C	S	G3SYC1
P35610	204	Q	E	G3HW11
P35610	204	Q	E	G3HW11
P35610	291	I	T	G3HW11
P35610	526	Q	R	G3HW11
P35638	146	E	K	M1EKC6
P35638	146	E	K	M1EKC6
P35638	146	E	K	M1EKC6
P35638	146	E	K	M1EKC6
P35638	146	E	K	M1EKC6
P35638	146	E	K	M1EKC6
P35659	140	V	A	F1P9G4
P35659	140	V	A	F1P9G4
P35789	93	D	Y	A0A2K6KB75
P35789	269	S	F	A0A2K6KB75
P35789	390	V	I	A0A2K6KB75
P35789	502	I	N	A0A2K6KB75
P35789	502	I	N	A0A2K6KB75
P35869	275	P	L	A0A0A0R877
P35869	485	F	L	A0A0A0R877
P35869	487	N	D	A0A0A0R877
P35869	487	N	D	A0A0A0R877
P35869	490	M	V	A0A0A0R877
P35869	517	P	S	A0A0A0R877
P35869	550	F	S	A0A0A0R877
P35869	554	R	K	A0A0A0R877
P35869	570	V	I	A0A0A0R877
P35869	570	V	I	A0A0A0R877
P35869	660	V	M	A0A0A0R877
P35869	786	M	V	A0A0A0R877
P35869	275	P	L	A0A0A0R877
P35869	485	F	L	A0A0A0R877
P35869	487	N	D	A0A0A0R877
P35869	487	N	D	A0A0A0R877
P35869	490	M	V	A0A0A0R877
P35869	517	P	S	A0A0A0R877
P35869	550	F	S	A0A0A0R877
P35869	554	R	K	A0A0A0R877
P35869	570	V	I	A0A0A0R877
P35869	570	V	I	A0A0A0R877
P35869	660	V	M	A0A0A0R877
P35869	786	M	V	A0A0A0R877
P36269	10	S	G	A0A2D0QVD4
P36269	160	A	V	A0A2D0QVD4
P36269	330	K	R	A0A2D0QVD4
P36269	437	R	Q	A0A2D0QVD4
P36269	437	R	Q	A0A2D0QVD4
P36269	475	I	V	A0A2D0QVD4
P36404	141	V	A	A0A2F0B8Q5
P36404	141	V	A	A0A2F0B8Q5
P36544	112	I	V	A0A2I0UH59
P36544	112	I	V	A0A2I0UH59
P36544	214	K	R	A0A2I0UH59
P36544	233	Y	C	A0A2I0UH59
P36544	233	Y	C	A0A2I0UH59
P36544	469	R	C	A0A2I0UH59
P36544	489	S	L	A0A2I0UH59
P36544	112	I	V	A0A2I0UH59
P36544	233	Y	C	A0A2I0UH59
P36952	66	V	I	U3KF17
P36952	176	S	P	U3KF17
P36952	187	V	L	U3KF17
P36952	319	I	V	U3KF17
P36955	51	V	M	A0A2I4BIP3
P36955	51	V	M	A0A2I4BIP3
P36955	51	V	M	A0A2I4BIP3
P36955	51	V	M	A0A2I4BIP3
P36955	51	V	M	A0A2I4BIP3
P36955	56	A	G	A0A2I4BIP3
P36955	56	A	G	A0A2I4BIP3
P36955	56	A	G	A0A2I4BIP3
P36955	72	T	M	A0A2I4BIP3
P36955	72	T	M	A0A2I4BIP3
P36955	72	T	M	A0A2I4BIP3
P36955	132	P	R	A0A2I4BIP3
P36955	132	P	R	A0A2I4BIP3
P36955	132	P	R	A0A2I4BIP3
P36955	132	P	R	A0A2I4BIP3
P36955	132	P	R	A0A2I4BIP3
P36955	150	I	V	A0A2I4BIP3
P36955	150	I	V	A0A2I4BIP3
P36955	168	V	F	A0A2I4BIP3
P36955	168	V	F	A0A2I4BIP3
P37023	26	P	L	K7GKU4
P37023	26	P	L	K7GKU4
P37023	30	P	S	K7GKU4
P37023	110	S	L	K7GKU4
P37023	110	S	L	K7GKU4
P37023	110	S	L	K7GKU4
P37023	110	S	L	K7GKU4
P37023	171	D	N	K7GKU4
P37023	179	D	A	K7GKU4
P37023	179	D	A	K7GKU4
P37023	179	D	A	K7GKU4
P37023	218	R	W	K7GKU4
P37023	218	R	W	K7GKU4
P37023	220	L	F	K7GKU4
P37023	222	H	Y	K7GKU4
P37023	385	I	L	K7GKU4
P37023	385	I	L	K7GKU4
P37023	469	R	Q	K7GKU4
P37058	31	V	I	A0A1S3AS55
P37058	31	V	I	A0A1S3AS55
P37058	31	V	I	A0A1S3AS55
P37058	102	I	F	A0A1S3AS55
P37058	102	I	F	A0A1S3AS55
P37058	207	A	T	A0A1S3AS55
P37058	207	A	T	A0A1S3AS55
P37058	289	G	S	A0A1S3AS55
P37058	289	G	S	A0A1S3AS55
P37058	289	G	S	A0A1S3AS55
P37058	289	G	S	A0A1S3AS55
P38567	47	V	A	A0A1S3AA20
P38567	451	D	V	A0A1S3AA20
P38567	47	V	A	A0A1S3AA20
P38567	451	D	V	A0A1S3AA20
P38567	47	V	A	A0A1S3AA20
P38567	451	D	V	A0A1S3AA20
P38567	47	V	A	A0A1S3AA20
P38567	451	D	V	A0A1S3AA20
P38646	26	H	Y	A0A0P7U623
P38646	26	H	Y	A0A0P7U623
P38646	172	M	I	A0A0P7U623
P38646	172	M	I	A0A0P7U623
P39059	47	I	V	A0A2Y9GAT7
P39059	163	R	H	A0A2Y9GAT7
P39059	204	M	V	A0A2Y9GAT7
P39059	391	T	M	A0A2Y9GAT7
P39059	391	T	M	A0A2Y9GAT7
P39059	422	M	I	A0A2Y9GAT7
P39059	442	A	T	A0A2Y9GAT7
P39059	446	G	R	A0A2Y9GAT7
P39059	504	G	V	A0A2Y9GAT7
P39059	506	E	D	A0A2Y9GAT7
P39059	531	P	R	A0A2Y9GAT7
P39059	660	P	L	A0A2Y9GAT7
P39059	660	P	L	A0A2Y9GAT7
P39059	705	P	L	A0A2Y9GAT7
P39059	989	K	R	A0A2Y9GAT7
P39059	1063	P	L	A0A2Y9GAT7
P39059	1063	P	L	A0A2Y9GAT7
P39059	1332	V	I	A0A2Y9GAT7
P39060	19	A	V	A0A2Y9GAT7
P39060	48	P	A	A0A2Y9GAT7
P39060	49	Q	L	A0A2Y9GAT7
P39060	74	A	V	A0A2Y9GAT7
P39060	80	P	R	A0A2Y9GAT7
P39060	111	G	R	A0A2Y9GAT7
P39060	125	V	I	A0A2Y9GAT7
P39060	144	V	I	A0A2Y9GAT7
P39060	180	A	T	A0A2Y9GAT7
P39060	187	T	I	A0A2Y9GAT7
P39060	207	G	A	A0A2Y9GAT7
P39060	221	S	F	A0A2Y9GAT7
P39060	261	T	M	A0A2Y9GAT7
P39060	288	A	T	A0A2Y9GAT7
P39060	379	T	M	A0A2Y9GAT7
P39060	392	L	P	A0A2Y9GAT7
P39060	409	C	R	A0A2Y9GAT7
P39060	425	G	R	A0A2Y9GAT7
P39060	430	V	I	A0A2Y9GAT7
P39060	59	T	M	A0A2Y9GAT7
P39060	81	R	W	A0A2Y9GAT7
P39060	99	R	W	A0A2Y9GAT7
P39060	166	A	T	A0A2Y9GAT7
P39060	202	G	R	A0A2Y9GAT7
P39060	259	R	L	A0A2Y9GAT7
P39060	260	E	D	A0A2Y9GAT7
P39060	307	S	L	A0A2Y9GAT7
P39060	337	G	S	A0A2Y9GAT7
P39060	340	G	R	A0A2Y9GAT7
P39060	464	D	N	A0A2Y9GAT7
P39060	514	D	N	A0A2Y9GAT7
P39060	661	V	I	A0A2Y9GAT7
P39060	706	P	R	A0A2Y9GAT7
P39060	725	V	M	A0A2Y9GAT7
P39060	780	Q	H	A0A2Y9GAT7
P39060	794	G	A	A0A2Y9GAT7
P39060	798	R	W	A0A2Y9GAT7
P39060	928	G	R	A0A2Y9GAT7
P39060	928	G	R	A0A2Y9GAT7
P39060	1008	V	I	A0A2Y9GAT7
P39060	1026	A	V	A0A2Y9GAT7
P39060	1043	V	M	A0A2Y9GAT7
P39060	1063	R	C	A0A2Y9GAT7
P39060	1064	V	M	A0A2Y9GAT7
P39060	1104	P	R	A0A2Y9GAT7
P39060	1105	R	Q	A0A2Y9GAT7
P39060	1106	R	W	A0A2Y9GAT7
P39060	1118	A	T	A0A2Y9GAT7
P39060	1160	R	H	A0A2Y9GAT7
P39060	1204	A	T	A0A2Y9GAT7
P39060	1219	R	H	A0A2Y9GAT7
P39060	1225	V	M	A0A2Y9GAT7
P39060	1252	P	L	A0A2Y9GAT7
P39060	1255	R	C	A0A2Y9GAT7
P39060	1260	D	N	A0A2Y9GAT7
P39060	1263	D	N	A0A2Y9GAT7
P39060	1275	V	L	A0A2Y9GAT7
P39060	1278	G	C	A0A2Y9GAT7
P39060	1284	R	H	A0A2Y9GAT7
P39060	1307	S	L	A0A2Y9GAT7
P39060	1322	H	R	A0A2Y9GAT7
P39900	357	N	S	D3YV89
P40145	80	A	T	A0A2U3YA04
P40145	204	A	S	A0A2U3YA04
P40189	8	L	V	Q7TQ89
P40189	76	K	E	Q7TQ89
P40189	135	I	V	Q7TQ89
P40189	148	G	R	Q7TQ89
P40189	241	K	E	Q7TQ89
P40189	355	P	L	Q7TQ89
P40189	397	L	V	Q7TQ89
P40189	434	P	R	Q7TQ89
P40189	454	I	T	Q7TQ89
P40189	499	V	I	Q7TQ89
P40189	554	Y	F	Q7TQ89
P40189	745	D	E	Q7TQ89
P40189	842	E	G	Q7TQ89
P40189	885	V	I	Q7TQ89
P40189	885	V	I	Q7TQ89
P40189	8	L	V	Q7TQ89
P40189	76	K	E	Q7TQ89
P40189	135	I	V	Q7TQ89
P40189	148	G	R	Q7TQ89
P40189	241	K	E	Q7TQ89
P40189	355	P	L	Q7TQ89
P40189	397	L	V	Q7TQ89
P40189	434	P	R	Q7TQ89
P40189	454	I	T	Q7TQ89
P40189	499	V	I	Q7TQ89
P40189	554	Y	F	Q7TQ89
P40189	745	D	E	Q7TQ89
P40189	842	E	G	Q7TQ89
P40189	885	V	I	Q7TQ89
P40189	885	V	I	Q7TQ89
P40189	8	L	V	Q7TQ89
P40189	76	K	E	Q7TQ89
P40189	135	I	V	Q7TQ89
P40189	148	G	R	Q7TQ89
P40189	241	K	E	Q7TQ89
P40189	355	P	L	Q7TQ89
P40189	397	L	V	Q7TQ89
P40189	434	P	R	Q7TQ89
P40189	454	I	T	Q7TQ89
P40189	499	V	I	Q7TQ89
P40189	554	Y	F	Q7TQ89
P40189	745	D	E	Q7TQ89
P40189	842	E	G	Q7TQ89
P40189	885	V	I	Q7TQ89
P40189	885	V	I	Q7TQ89
P40238	39	K	N	A0A1S3F6K9
P40238	39	K	N	A0A1S3F6K9
P40238	114	V	M	A0A1S3F6K9
P40238	114	V	M	A0A1S3F6K9
P40238	114	V	M	A0A1S3F6K9
P40238	114	V	M	A0A1S3F6K9
P40238	114	V	M	A0A1S3F6K9
P40238	226	S	Y	A0A1S3F6K9
P40238	226	S	Y	A0A1S3F6K9
P40238	226	S	Y	A0A1S3F6K9
P40238	226	S	Y	A0A1S3F6K9
P40238	265	L	F	A0A1S3F6K9
P40238	265	L	F	A0A1S3F6K9
P40238	265	L	F	A0A1S3F6K9
P40238	265	L	F	A0A1S3F6K9
P40238	321	R	Q	A0A1S3F6K9
P40238	321	R	Q	A0A1S3F6K9
P40238	321	R	Q	A0A1S3F6K9
P40238	321	R	Q	A0A1S3F6K9
P40238	321	R	Q	A0A1S3F6K9
P40238	321	R	Q	A0A1S3F6K9
P40238	335	E	K	A0A1S3F6K9
P40238	335	E	K	A0A1S3F6K9
P40238	335	E	K	A0A1S3F6K9
P40238	374	T	A	A0A1S3F6K9
P40238	374	T	A	A0A1S3F6K9
P40238	374	T	A	A0A1S3F6K9
P40238	374	T	A	A0A1S3F6K9
P40238	374	T	A	A0A1S3F6K9
P40238	374	T	A	A0A1S3F6K9
P40879	68	R	Q	F6WBF8
P40879	68	R	Q	F6WBF8
P40879	68	R	Q	F6WBF8
P40879	81	I	V	F6WBF8
P40879	81	I	V	F6WBF8
P40879	81	I	V	F6WBF8
P40879	119	F	L	F6WBF8
P40879	119	F	L	F6WBF8
P40879	119	F	L	F6WBF8
P40879	177	A	V	F6WBF8
P40879	197	R	Q	F6WBF8
P40879	197	R	Q	F6WBF8
P40879	197	R	Q	F6WBF8
P40879	307	C	W	F6WBF8
P40879	307	C	W	F6WBF8
P40879	307	C	W	F6WBF8
P40879	425	V	I	F6WBF8
P40879	425	V	I	F6WBF8
P40879	425	V	I	F6WBF8
P40879	499	I	V	F6WBF8
P40879	510	T	M	F6WBF8
P40879	510	T	M	F6WBF8
P40879	510	T	M	F6WBF8
P40879	554	R	Q	F6WBF8
P40879	554	R	Q	F6WBF8
P40879	554	R	Q	F6WBF8
P40879	601	I	T	F6WBF8
P40879	601	I	T	F6WBF8
P40879	601	I	T	F6WBF8
P40879	688	D	H	F6WBF8
P40879	698	E	Q	F6WBF8
P40879	698	E	Q	F6WBF8
P40879	698	E	Q	F6WBF8
P40879	723	K	N	F6WBF8
P40879	723	K	N	F6WBF8
P40879	753	N	S	F6WBF8
P40879	753	N	S	F6WBF8
P40879	753	N	S	F6WBF8
P41143	27	C	F	W5NXE0
P41143	52	I	V	W5NXE0
P41145	200	K	E	G3NJZ4
P41145	200	K	E	G3NJZ4
P41145	374	D	N	G3NJZ4
P41145	374	D	N	G3NJZ4
P41145	200	K	E	G3NJZ4
P41145	200	K	E	G3NJZ4
P41145	374	D	N	G3NJZ4
P41145	374	D	N	G3NJZ4
P41214	210	T	I	G3WZU7
P41235	117	T	I	A0A1S3MGS7
P41235	117	T	I	A0A1S3MGS7
P41235	117	T	I	A0A1S3MGS7
P41235	117	T	I	A0A1S3MGS7
P41235	117	T	I	A0A1S3MGS7
P41235	117	T	I	A0A1S3MGS7
P41235	117	T	I	A0A1S3MGS7
P41235	117	T	I	A0A1S3MGS7
P41235	177	V	I	A0A1S3MGS7
P41439	98	R	C	A0A2K6GD42
P41439	108	E	D	A0A2K6GD42
P41439	108	E	D	A0A2K6GD42
P41968	44	V	I	D1GLS5
P41968	220	R	S	D1GLS5
P42166	229	T	I	A0A250YKK1
P42166	229	T	I	A0A250YKK1
P42166	229	T	I	A0A250YKK1
P42166	229	T	I	A0A250YKK1
P42166	229	T	I	A0A250YKK1
P42166	238	L	R	A0A250YKK1
P42166	238	L	R	A0A250YKK1
P42166	238	L	R	A0A250YKK1
P42166	238	L	R	A0A250YKK1
P42166	238	L	R	A0A250YKK1
P42166	274	R	K	A0A250YKK1
P42166	274	R	K	A0A250YKK1
P42166	274	R	K	A0A250YKK1
P42166	274	R	K	A0A250YKK1
P42166	274	R	K	A0A250YKK1
P42166	293	S	A	A0A250YKK1
P42166	293	S	A	A0A250YKK1
P42166	293	S	A	A0A250YKK1
P42166	293	S	A	A0A250YKK1
P42166	293	S	A	A0A250YKK1
P42166	309	A	P	A0A250YKK1
P42166	309	A	P	A0A250YKK1
P42166	309	A	P	A0A250YKK1
P42166	309	A	P	A0A250YKK1
P42166	317	T	S	A0A250YKK1
P42166	317	T	S	A0A250YKK1
P42166	317	T	S	A0A250YKK1
P42166	317	T	S	A0A250YKK1
P42166	317	T	S	A0A250YKK1
P42166	332	R	G	A0A250YKK1
P42166	332	R	G	A0A250YKK1
P42166	332	R	G	A0A250YKK1
P42166	416	K	E	A0A250YKK1
P42166	416	K	E	A0A250YKK1
P42166	416	K	E	A0A250YKK1
P42166	416	K	E	A0A250YKK1
P42166	416	K	E	A0A250YKK1
P42166	416	K	E	A0A250YKK1
P42166	437	V	L	A0A250YKK1
P42166	437	V	L	A0A250YKK1
P42166	437	V	L	A0A250YKK1
P42166	437	V	L	A0A250YKK1
P42166	437	V	L	A0A250YKK1
P42166	444	S	C	A0A250YKK1
P42166	444	S	C	A0A250YKK1
P42166	444	S	C	A0A250YKK1
P42166	455	E	K	A0A250YKK1
P42166	455	E	K	A0A250YKK1
P42166	478	K	N	A0A250YKK1
P42166	478	K	N	A0A250YKK1
P42166	478	K	N	A0A250YKK1
P42166	478	K	N	A0A250YKK1
P42166	478	K	N	A0A250YKK1
P42166	491	S	A	A0A250YKK1
P42166	491	S	A	A0A250YKK1
P42166	491	S	A	A0A250YKK1
P42166	491	S	A	A0A250YKK1
P42166	517	A	T	A0A250YKK1
P42166	599	Q	E	A0A250YKK1
P42166	599	Q	E	A0A250YKK1
P42166	599	Q	E	A0A250YKK1
P42166	599	Q	E	A0A250YKK1
P42166	602	Q	R	A0A250YKK1
P42166	602	Q	R	A0A250YKK1
P42166	602	Q	R	A0A250YKK1
P42166	602	Q	R	A0A250YKK1
P42166	602	Q	R	A0A250YKK1
P42166	653	L	F	A0A250YKK1
P42166	653	L	F	A0A250YKK1
P42166	653	L	F	A0A250YKK1
P42166	653	L	F	A0A250YKK1
P42166	653	L	F	A0A250YKK1
P43146	23	F	L	H2SLV3
P43146	201	R	G	H2SLV3
P43146	201	R	G	H2SLV3
P43146	201	R	G	H2SLV3
P43146	201	R	G	H2SLV3
P43146	315	K	T	H2SLV3
P43146	315	K	T	H2SLV3
P43146	384	N	H	H2SLV3
P43146	386	R	Q	H2SLV3
P43146	386	R	Q	H2SLV3
P43146	486	Q	L	H2SLV3
P43146	486	Q	L	H2SLV3
P43146	592	T	A	H2SLV3
P43146	592	T	A	H2SLV3
P43146	1017	M	V	H2SLV3
P43243	89	I	V	G3W9E4
P43243	89	I	V	G3W9E4
P43243	337	H	R	G3W9E4
P43243	337	H	R	G3W9E4
P43243	664	E	A	G3W9E4
P43243	664	E	A	G3W9E4
P43243	762	A	T	G3W9E4
P43243	773	Y	S	G3W9E4
P43243	787	N	S	G3W9E4
P43243	787	N	S	G3W9E4
P43243	787	N	S	G3W9E4
P43243	841	R	C	G3W9E4
P43243	841	R	C	G3W9E4
P43243	89	I	V	G3W9E4
P43243	89	I	V	G3W9E4
P43243	337	H	R	G3W9E4
P43243	337	H	R	G3W9E4
P43243	664	E	A	G3W9E4
P43243	664	E	A	G3W9E4
P43243	762	A	T	G3W9E4
P43243	773	Y	S	G3W9E4
P43243	787	N	S	G3W9E4
P43243	787	N	S	G3W9E4
P43243	787	N	S	G3W9E4
P43243	841	R	C	G3W9E4
P43243	841	R	C	G3W9E4
P43351	221	Q	E	E2R591
P43351	221	Q	E	E2R591
P43351	221	Q	E	E2R591
P43351	221	Q	E	E2R591
P43628	9	V	A	A0A2I3RBP8
P43628	9	V	A	A0A2I3RBP8
P43626	258	P	L	A0A2I3RBP8
P43628	9	V	A	A0A2I3RBP8
P43628	9	V	A	A0A2I3RBP8
P43628	9	V	A	A0A2I3RBP8
P43628	9	V	A	A0A2I3RBP8
P43628	9	V	A	A0A2I3RBP8
P43628	9	V	A	A0A2I3RBP8
P43628	9	V	A	A0A2I3RBP8
P43628	9	V	A	A0A2I3RBP8
P43628	9	V	A	A0A2I3RBP8
P43628	9	V	A	A0A2I3RBP8
P43628	9	V	A	A0A2I3RBP8
P43628	9	V	A	A0A2I3RBP8
P43628	9	V	A	A0A2I3RBP8
P43628	32	L	R	A0A2I3RBP8
P43628	37	P	R	A0A2I3RBP8
P43628	56	Q	E	A0A2I3RBP8
P43628	66	F	Y	A0A2I3RBP8
P43628	71	H	R	A0A2I3RBP8
P43628	152	R	W	A0A2I3RBP8
P43628	162	R	T	A0A2I3RBP8
P43628	169	R	C	A0A2I3RBP8
P43628	192	H	Q	A0A2I3RBP8
P43628	221	T	I	A0A2I3RBP8
P43628	229	P	L	A0A2I3RBP8
P43628	237	E	K	A0A2I3RBP8
P43628	270	C	S	A0A2I3RBP8
P43628	276	V	A	A0A2I3RBP8
P43628	318	R	H	A0A2I3RBP8
P43628	320	S	F	A0A2I3RBP8
P43628	330	I	S	A0A2I3RBP8
P43628	331	I	S	A0A2I3RBP8
P43628	332	V	M	A0A2I3RBP8
P43628	334	T	M	A0A2I3RBP8
P43628	341	P	S	A0A2I3RBP8
P43628	32	L	R	A0A2I3RBP8
P43628	32	L	R	A0A2I3RBP8
P43628	56	Q	E	A0A2I3RBP8
P43628	56	Q	E	A0A2I3RBP8
P43628	66	F	Y	A0A2I3RBP8
P43628	66	F	Y	A0A2I3RBP8
P43628	71	H	R	A0A2I3RBP8
P43628	71	H	R	A0A2I3RBP8
P43628	229	P	L	A0A2I3RBP8
P43628	229	P	L	A0A2I3RBP8
P43628	318	R	H	A0A2I3RBP8
P43628	318	R	H	A0A2I3RBP8
P43628	32	L	R	A0A2I3RBP8
P43628	32	L	R	A0A2I3RBP8
P43628	56	Q	E	A0A2I3RBP8
P43628	56	Q	E	A0A2I3RBP8
P43628	66	F	Y	A0A2I3RBP8
P43628	66	F	Y	A0A2I3RBP8
P43628	71	H	R	A0A2I3RBP8
P43628	71	H	R	A0A2I3RBP8
P43628	229	P	L	A0A2I3RBP8
P43628	229	P	L	A0A2I3RBP8
P43628	318	R	H	A0A2I3RBP8
P43628	318	R	H	A0A2I3RBP8
P43628	32	L	R	A0A2I3RBP8
P43628	32	L	R	A0A2I3RBP8
P43628	56	Q	E	A0A2I3RBP8
P43628	56	Q	E	A0A2I3RBP8
P43628	66	F	Y	A0A2I3RBP8
P43628	66	F	Y	A0A2I3RBP8
P43628	71	H	R	A0A2I3RBP8
P43628	71	H	R	A0A2I3RBP8
P43628	229	P	L	A0A2I3RBP8
P43628	229	P	L	A0A2I3RBP8
P43628	318	R	H	A0A2I3RBP8
P43628	318	R	H	A0A2I3RBP8
P43628	32	L	R	A0A2I3RBP8
P43628	32	L	R	A0A2I3RBP8
P43628	56	Q	E	A0A2I3RBP8
P43628	56	Q	E	A0A2I3RBP8
P43628	66	F	Y	A0A2I3RBP8
P43628	66	F	Y	A0A2I3RBP8
P43628	71	H	R	A0A2I3RBP8
P43628	71	H	R	A0A2I3RBP8
P43628	229	P	L	A0A2I3RBP8
P43628	229	P	L	A0A2I3RBP8
P43628	318	R	H	A0A2I3RBP8
P43628	318	R	H	A0A2I3RBP8
P43628	32	L	R	A0A2I3RBP8
P43628	32	L	R	A0A2I3RBP8
P43628	56	Q	E	A0A2I3RBP8
P43628	56	Q	E	A0A2I3RBP8
P43628	66	F	Y	A0A2I3RBP8
P43628	66	F	Y	A0A2I3RBP8
P43628	71	H	R	A0A2I3RBP8
P43628	71	H	R	A0A2I3RBP8
P43628	229	P	L	A0A2I3RBP8
P43628	229	P	L	A0A2I3RBP8
P43628	318	R	H	A0A2I3RBP8
P43628	318	R	H	A0A2I3RBP8
P43628	32	L	R	A0A2I3RBP8
P43628	32	L	R	A0A2I3RBP8
P43628	56	Q	E	A0A2I3RBP8
P43628	56	Q	E	A0A2I3RBP8
P43628	66	F	Y	A0A2I3RBP8
P43628	66	F	Y	A0A2I3RBP8
P43628	71	H	R	A0A2I3RBP8
P43628	71	H	R	A0A2I3RBP8
P43628	229	P	L	A0A2I3RBP8
P43628	229	P	L	A0A2I3RBP8
P43628	318	R	H	A0A2I3RBP8
P43628	318	R	H	A0A2I3RBP8
P43628	32	L	R	A0A2I3RBP8
P43628	32	L	R	A0A2I3RBP8
P43628	56	Q	E	A0A2I3RBP8
P43628	56	Q	E	A0A2I3RBP8
P43628	66	F	Y	A0A2I3RBP8
P43628	66	F	Y	A0A2I3RBP8
P43628	71	H	R	A0A2I3RBP8
P43628	71	H	R	A0A2I3RBP8
P43628	229	P	L	A0A2I3RBP8
P43628	229	P	L	A0A2I3RBP8
P43628	318	R	H	A0A2I3RBP8
P43628	318	R	H	A0A2I3RBP8
P43628	32	L	R	A0A2I3RBP8
P43628	32	L	R	A0A2I3RBP8
P43628	56	Q	E	A0A2I3RBP8
P43628	56	Q	E	A0A2I3RBP8
P43628	66	F	Y	A0A2I3RBP8
P43628	66	F	Y	A0A2I3RBP8
P43628	71	H	R	A0A2I3RBP8
P43628	71	H	R	A0A2I3RBP8
P43628	229	P	L	A0A2I3RBP8
P43628	229	P	L	A0A2I3RBP8
P43628	318	R	H	A0A2I3RBP8
P43628	318	R	H	A0A2I3RBP8
P43628	32	L	R	A0A2I3RBP8
P43628	32	L	R	A0A2I3RBP8
P43628	56	Q	E	A0A2I3RBP8
P43628	56	Q	E	A0A2I3RBP8
P43628	66	F	Y	A0A2I3RBP8
P43628	66	F	Y	A0A2I3RBP8
P43628	71	H	R	A0A2I3RBP8
P43628	71	H	R	A0A2I3RBP8
P43628	229	P	L	A0A2I3RBP8
P43628	229	P	L	A0A2I3RBP8
P43628	318	R	H	A0A2I3RBP8
P43628	318	R	H	A0A2I3RBP8
P43628	32	L	R	A0A2I3RBP8
P43628	32	L	R	A0A2I3RBP8
P43628	56	Q	E	A0A2I3RBP8
P43628	56	Q	E	A0A2I3RBP8
P43628	66	F	Y	A0A2I3RBP8
P43628	66	F	Y	A0A2I3RBP8
P43628	71	H	R	A0A2I3RBP8
P43628	71	H	R	A0A2I3RBP8
P43628	229	P	L	A0A2I3RBP8
P43628	229	P	L	A0A2I3RBP8
P43628	318	R	H	A0A2I3RBP8
P43628	318	R	H	A0A2I3RBP8
P43628	32	L	R	A0A2I3RBP8
P43628	32	L	R	A0A2I3RBP8
P43628	56	Q	E	A0A2I3RBP8
P43628	56	Q	E	A0A2I3RBP8
P43628	66	F	Y	A0A2I3RBP8
P43628	66	F	Y	A0A2I3RBP8
P43628	71	H	R	A0A2I3RBP8
P43628	71	H	R	A0A2I3RBP8
P43628	229	P	L	A0A2I3RBP8
P43628	229	P	L	A0A2I3RBP8
P43628	318	R	H	A0A2I3RBP8
P43628	318	R	H	A0A2I3RBP8
P43628	32	L	R	A0A2I3RBP8
P43628	32	L	R	A0A2I3RBP8
P43628	56	Q	E	A0A2I3RBP8
P43628	56	Q	E	A0A2I3RBP8
P43628	66	F	Y	A0A2I3RBP8
P43628	66	F	Y	A0A2I3RBP8
P43628	71	H	R	A0A2I3RBP8
P43628	71	H	R	A0A2I3RBP8
P43628	229	P	L	A0A2I3RBP8
P43628	229	P	L	A0A2I3RBP8
P43628	318	R	H	A0A2I3RBP8
P43628	318	R	H	A0A2I3RBP8
P43628	32	L	R	A0A2I3RBP8
P43628	32	L	R	A0A2I3RBP8
P43628	56	Q	E	A0A2I3RBP8
P43628	56	Q	E	A0A2I3RBP8
P43628	66	F	Y	A0A2I3RBP8
P43628	66	F	Y	A0A2I3RBP8
P43628	71	H	R	A0A2I3RBP8
P43628	71	H	R	A0A2I3RBP8
P43628	229	P	L	A0A2I3RBP8
P43628	229	P	L	A0A2I3RBP8
P43628	318	R	H	A0A2I3RBP8
P43628	318	R	H	A0A2I3RBP8
P43628	32	L	R	A0A2I3RBP8
P43628	32	L	R	A0A2I3RBP8
P43628	56	Q	E	A0A2I3RBP8
P43628	56	Q	E	A0A2I3RBP8
P43628	66	F	Y	A0A2I3RBP8
P43628	66	F	Y	A0A2I3RBP8
P43628	71	H	R	A0A2I3RBP8
P43628	71	H	R	A0A2I3RBP8
P43628	229	P	L	A0A2I3RBP8
P43628	229	P	L	A0A2I3RBP8
P43628	318	R	H	A0A2I3RBP8
P43628	318	R	H	A0A2I3RBP8
P43628	32	L	R	A0A2I3RBP8
P43628	32	L	R	A0A2I3RBP8
P43628	56	Q	E	A0A2I3RBP8
P43628	56	Q	E	A0A2I3RBP8
P43628	66	F	Y	A0A2I3RBP8
P43628	66	F	Y	A0A2I3RBP8
P43628	71	H	R	A0A2I3RBP8
P43628	71	H	R	A0A2I3RBP8
P43628	229	P	L	A0A2I3RBP8
P43628	229	P	L	A0A2I3RBP8
P43628	318	R	H	A0A2I3RBP8
P43628	318	R	H	A0A2I3RBP8
P43628	32	L	R	A0A2I3RBP8
P43628	32	L	R	A0A2I3RBP8
P43628	56	Q	E	A0A2I3RBP8
P43628	56	Q	E	A0A2I3RBP8
P43628	66	F	Y	A0A2I3RBP8
P43628	66	F	Y	A0A2I3RBP8
P43628	71	H	R	A0A2I3RBP8
P43628	71	H	R	A0A2I3RBP8
P43628	229	P	L	A0A2I3RBP8
P43628	229	P	L	A0A2I3RBP8
P43628	318	R	H	A0A2I3RBP8
P43628	318	R	H	A0A2I3RBP8
P43628	32	L	R	A0A2I3RBP8
P43628	32	L	R	A0A2I3RBP8
P43628	56	Q	E	A0A2I3RBP8
P43628	56	Q	E	A0A2I3RBP8
P43628	66	F	Y	A0A2I3RBP8
P43628	66	F	Y	A0A2I3RBP8
P43628	71	H	R	A0A2I3RBP8
P43628	71	H	R	A0A2I3RBP8
P43628	229	P	L	A0A2I3RBP8
P43628	229	P	L	A0A2I3RBP8
P43628	318	R	H	A0A2I3RBP8
P43628	318	R	H	A0A2I3RBP8
P43628	32	L	R	A0A2I3RBP8
P43628	32	L	R	A0A2I3RBP8
P43628	56	Q	E	A0A2I3RBP8
P43628	56	Q	E	A0A2I3RBP8
P43628	66	F	Y	A0A2I3RBP8
P43628	66	F	Y	A0A2I3RBP8
P43628	71	H	R	A0A2I3RBP8
P43628	71	H	R	A0A2I3RBP8
P43628	229	P	L	A0A2I3RBP8
P43628	229	P	L	A0A2I3RBP8
P43628	318	R	H	A0A2I3RBP8
P43628	318	R	H	A0A2I3RBP8
P43628	32	L	R	A0A2I3RBP8
P43628	32	L	R	A0A2I3RBP8
P43628	56	Q	E	A0A2I3RBP8
P43628	56	Q	E	A0A2I3RBP8
P43628	66	F	Y	A0A2I3RBP8
P43628	66	F	Y	A0A2I3RBP8
P43628	71	H	R	A0A2I3RBP8
P43628	71	H	R	A0A2I3RBP8
P43628	229	P	L	A0A2I3RBP8
P43628	229	P	L	A0A2I3RBP8
P43628	318	R	H	A0A2I3RBP8
P43628	318	R	H	A0A2I3RBP8
P43628	32	L	R	A0A2I3RBP8
P43628	32	L	R	A0A2I3RBP8
P43628	56	Q	E	A0A2I3RBP8
P43628	56	Q	E	A0A2I3RBP8
P43628	66	F	Y	A0A2I3RBP8
P43628	66	F	Y	A0A2I3RBP8
P43628	71	H	R	A0A2I3RBP8
P43628	71	H	R	A0A2I3RBP8
P43628	229	P	L	A0A2I3RBP8
P43628	229	P	L	A0A2I3RBP8
P43628	318	R	H	A0A2I3RBP8
P43628	318	R	H	A0A2I3RBP8
P43628	32	L	R	A0A2I3RBP8
P43628	32	L	R	A0A2I3RBP8
P43628	56	Q	E	A0A2I3RBP8
P43628	56	Q	E	A0A2I3RBP8
P43628	66	F	Y	A0A2I3RBP8
P43628	66	F	Y	A0A2I3RBP8
P43628	71	H	R	A0A2I3RBP8
P43628	71	H	R	A0A2I3RBP8
P43628	229	P	L	A0A2I3RBP8
P43628	229	P	L	A0A2I3RBP8
P43628	318	R	H	A0A2I3RBP8
P43628	318	R	H	A0A2I3RBP8
P43628	32	L	R	A0A2I3RBP8
P43628	32	L	R	A0A2I3RBP8
P43628	56	Q	E	A0A2I3RBP8
P43628	56	Q	E	A0A2I3RBP8
P43628	66	F	Y	A0A2I3RBP8
P43628	66	F	Y	A0A2I3RBP8
P43628	71	H	R	A0A2I3RBP8
P43628	71	H	R	A0A2I3RBP8
P43628	229	P	L	A0A2I3RBP8
P43628	229	P	L	A0A2I3RBP8
P43628	318	R	H	A0A2I3RBP8
P43628	318	R	H	A0A2I3RBP8
P43628	32	L	R	A0A2I3RBP8
P43628	32	L	R	A0A2I3RBP8
P43628	56	Q	E	A0A2I3RBP8
P43628	56	Q	E	A0A2I3RBP8
P43628	66	F	Y	A0A2I3RBP8
P43628	66	F	Y	A0A2I3RBP8
P43628	71	H	R	A0A2I3RBP8
P43628	71	H	R	A0A2I3RBP8
P43628	229	P	L	A0A2I3RBP8
P43628	229	P	L	A0A2I3RBP8
P43628	318	R	H	A0A2I3RBP8
P43628	318	R	H	A0A2I3RBP8
P43694	36	P	A	G3R5D7
P43694	48	V	M	G3R5D7
P43694	48	V	M	G3R5D7
P43694	75	A	S	G3R5D7
P43694	75	A	S	G3R5D7
P43694	347	A	V	G3R5D7
P43694	347	A	V	G3R5D7
P43694	347	A	V	G3R5D7
P43694	347	A	V	G3R5D7
P43694	347	A	V	G3R5D7
P43694	347	A	V	G3R5D7
P43694	356	T	S	G3R5D7
P43694	356	T	S	G3R5D7
P43694	356	T	S	G3R5D7
P43694	357	S	I	G3R5D7
P43694	359	S	T	G3R5D7
P43694	359	S	T	G3R5D7
P43694	359	S	T	G3R5D7
P43694	376	G	R	G3R5D7
P43694	376	G	R	G3R5D7
P43694	378	S	G	G3R5D7
P43694	378	S	G	G3R5D7
P43694	378	S	G	G3R5D7
P43694	378	S	G	G3R5D7
P43694	378	S	G	G3R5D7
P43694	381	V	M	G3R5D7
P43694	381	V	M	G3R5D7
P43694	381	V	M	G3R5D7
P43694	381	V	M	G3R5D7
P43694	381	V	M	G3R5D7
P43694	395	P	T	G3R5D7
P43694	395	P	T	G3R5D7
P43694	395	P	T	G3R5D7
P43694	395	P	T	G3R5D7
P43694	395	P	T	G3R5D7
P43694	412	A	V	G3R5D7
P43694	412	A	V	G3R5D7
P43694	412	A	V	G3R5D7
P43694	412	A	V	G3R5D7
P43694	412	A	V	G3R5D7
P43694	412	A	V	G3R5D7
P43694	443	A	G	G3R5D7
P43694	36	P	A	G3R5D7
P43694	48	V	M	G3R5D7
P43694	48	V	M	G3R5D7
P43694	75	A	S	G3R5D7
P43694	75	A	S	G3R5D7
P43694	347	A	V	G3R5D7
P43694	347	A	V	G3R5D7
P43694	347	A	V	G3R5D7
P43694	347	A	V	G3R5D7
P43694	347	A	V	G3R5D7
P43694	347	A	V	G3R5D7
P43694	356	T	S	G3R5D7
P43694	356	T	S	G3R5D7
P43694	356	T	S	G3R5D7
P43694	357	S	I	G3R5D7
P43694	359	S	T	G3R5D7
P43694	359	S	T	G3R5D7
P43694	359	S	T	G3R5D7
P43694	376	G	R	G3R5D7
P43694	376	G	R	G3R5D7
P43694	378	S	G	G3R5D7
P43694	378	S	G	G3R5D7
P43694	378	S	G	G3R5D7
P43694	378	S	G	G3R5D7
P43694	378	S	G	G3R5D7
P43694	381	V	M	G3R5D7
P43694	381	V	M	G3R5D7
P43694	381	V	M	G3R5D7
P43694	381	V	M	G3R5D7
P43694	381	V	M	G3R5D7
P43694	395	P	T	G3R5D7
P43694	395	P	T	G3R5D7
P43694	395	P	T	G3R5D7
P43694	395	P	T	G3R5D7
P43694	395	P	T	G3R5D7
P43694	412	A	V	G3R5D7
P43694	412	A	V	G3R5D7
P43694	412	A	V	G3R5D7
P43694	412	A	V	G3R5D7
P43694	412	A	V	G3R5D7
P43694	412	A	V	G3R5D7
P43694	443	A	G	G3R5D7
P43694	36	P	S	G3R5D7
P43694	36	P	A	G3R5D7
P43694	48	V	L	G3R5D7
P43694	48	V	M	G3R5D7
P43694	75	A	S	G3R5D7
P43694	110	F	L	G3R5D7
P43694	148	Q	H	G3R5D7
P43694	249	N	K	G3R5D7
P43694	347	A	V	G3R5D7
P43694	347	A	V	G3R5D7
P43694	347	A	V	G3R5D7
P43694	347	A	V	G3R5D7
P43694	347	A	V	G3R5D7
P43694	347	A	V	G3R5D7
P43694	347	A	V	G3R5D7
P43694	353	N	K	G3R5D7
P43694	356	T	S	G3R5D7
P43694	356	T	S	G3R5D7
P43694	357	S	I	G3R5D7
P43694	359	S	T	G3R5D7
P43694	359	S	T	G3R5D7
P43694	376	G	R	G3R5D7
P43694	378	S	G	G3R5D7
P43694	378	S	G	G3R5D7
P43694	378	S	G	G3R5D7
P43694	378	S	G	G3R5D7
P43694	378	S	G	G3R5D7
P43694	378	S	G	G3R5D7
P43694	381	V	M	G3R5D7
P43694	381	V	M	G3R5D7
P43694	381	V	M	G3R5D7
P43694	381	V	M	G3R5D7
P43694	395	P	T	G3R5D7
P43694	395	P	T	G3R5D7
P43694	395	P	S	G3R5D7
P43694	395	P	T	G3R5D7
P43694	395	P	T	G3R5D7
P43694	412	A	V	G3R5D7
P43694	412	A	V	G3R5D7
P43694	412	A	V	G3R5D7
P43694	412	A	V	G3R5D7
P43694	412	A	V	G3R5D7
P43694	412	A	V	G3R5D7
P43694	412	A	V	G3R5D7
P43694	437	H	Q	G3R5D7
P43694	443	A	G	G3R5D7
P46089	222	R	H	F7G113
P46109	221	G	S	A0A0P7TQ07
P46109	221	G	S	A0A0P7TQ07
P46109	221	G	S	A0A0P7TQ07
P46109	221	G	S	A0A0P7TQ07
P46459	402	G	D	A0A0L0SQB0
P46976	16	A	T	A0A0P5KYC9
P46976	46	S	C	A0A0P5KYC9
P46976	46	S	C	A0A0P5KYC9
P46976	46	S	C	A0A0P5KYC9
P46976	116	D	E	A0A0P5KYC9
P46976	151	H	L	A0A0P5KYC9
P46976	151	H	L	A0A0P5KYC9
P46976	256	N	T	A0A0P5KYC9
P47870	3	R	S	F1QPW7
P47870	3	R	S	F1QPW7
P47870	28	N	S	F1QPW7
P47870	28	N	S	F1QPW7
P47870	30	P	L	F1QPW7
P47870	347	S	N	F1QPW7
P47870	354	R	C	F1QPW7
P47870	354	R	H	F1QPW7
P47870	356	D	N	F1QPW7
P47870	363	K	R	F1QPW7
P47870	363	K	R	F1QPW7
P47870	373	R	Q	F1QPW7
P47870	373	R	Q	F1QPW7
P47870	373	R	Q	F1QPW7
P47870	382	L	F	F1QPW7
P47870	392	D	N	F1QPW7
P47870	397	T	M	F1QPW7
P47870	408	T	P	F1QPW7
P47870	408	T	P	F1QPW7
P47870	408	T	P	F1QPW7
P47870	427	P	L	F1QPW7
P47870	437	S	F	F1QPW7
P47870	437	S	F	F1QPW7
P47870	445	G	E	F1QPW7
P47870	450	S	N	F1QPW7
P47870	450	S	N	F1QPW7
P47870	458	R	Q	F1QPW7
P47870	477	T	I	F1QPW7
P47870	3	R	S	F1QPW7
P47870	3	R	S	F1QPW7
P47870	28	N	S	F1QPW7
P47870	28	N	S	F1QPW7
P47870	30	P	L	F1QPW7
P47870	347	S	N	F1QPW7
P47870	354	R	C	F1QPW7
P47870	354	R	H	F1QPW7
P47870	356	D	N	F1QPW7
P47870	363	K	R	F1QPW7
P47870	363	K	R	F1QPW7
P47870	373	R	Q	F1QPW7
P47870	373	R	Q	F1QPW7
P47870	373	R	Q	F1QPW7
P47870	382	L	F	F1QPW7
P47870	392	D	N	F1QPW7
P47870	397	T	M	F1QPW7
P47870	408	T	P	F1QPW7
P47870	408	T	P	F1QPW7
P47870	408	T	P	F1QPW7
P47870	427	P	L	F1QPW7
P47870	437	S	F	F1QPW7
P47870	437	S	F	F1QPW7
P47870	445	G	E	F1QPW7
P47870	450	S	N	F1QPW7
P47870	450	S	N	F1QPW7
P47870	458	R	Q	F1QPW7
P47870	477	T	I	F1QPW7
P48051	53	I	V	A0A091DAR0
P48051	53	I	V	A0A091DAR0
P48146	206	Q	R	A0A2Y9IQJ1
P48146	206	Q	R	A0A2Y9IQJ1
P48146	206	Q	R	A0A2Y9IQJ1
P48146	206	Q	R	A0A2Y9IQJ1
P48147	351	L	V	A0A1S3FPQ5
P48147	706	V	I	A0A1S3FPQ5
P48426	251	N	S	A0A0N4VN84
P48426	327	L	M	A0A0N4VN84
P48426	327	L	M	A0A0N4VN84
P48552	37	V	I	A0A1W4ZV39
P48552	37	V	I	A0A1W4ZV39
P48552	214	R	G	A0A1W4ZV39
P48552	214	R	G	A0A1W4ZV39
P48552	221	H	R	A0A1W4ZV39
P48552	315	Y	F	A0A1W4ZV39
P48552	326	N	K	A0A1W4ZV39
P48552	326	N	K	A0A1W4ZV39
P48552	389	I	T	A0A1W4ZV39
P48552	441	I	V	A0A1W4ZV39
P48552	448	R	G	A0A1W4ZV39
P48552	567	N	S	A0A1W4ZV39
P48552	567	N	S	A0A1W4ZV39
P48552	691	P	S	A0A1W4ZV39
P48552	691	P	S	A0A1W4ZV39
P48552	752	M	T	A0A1W4ZV39
P48552	752	M	T	A0A1W4ZV39
P48552	803	S	L	A0A1W4ZV39
P48552	917	S	L	A0A1W4ZV39
P48552	917	S	L	A0A1W4ZV39
P48552	1101	Q	H	A0A1W4ZV39
P48552	1101	Q	H	A0A1W4ZV39
P48552	1135	R	C	A0A1W4ZV39
P48552	1135	R	C	A0A1W4ZV39
P48552	1138	S	G	A0A1W4ZV39
P48552	1138	S	G	A0A1W4ZV39
P48552	1144	Y	D	A0A1W4ZV39
P48552	1152	T	M	A0A1W4ZV39
P48552	1152	T	M	A0A1W4ZV39
P48552	1152	T	M	A0A1W4ZV39
P48552	37	V	I	A0A1W4ZV39
P48552	37	V	I	A0A1W4ZV39
P48552	214	R	G	A0A1W4ZV39
P48552	214	R	G	A0A1W4ZV39
P48552	221	H	R	A0A1W4ZV39
P48552	315	Y	F	A0A1W4ZV39
P48552	326	N	K	A0A1W4ZV39
P48552	326	N	K	A0A1W4ZV39
P48552	389	I	T	A0A1W4ZV39
P48552	441	I	V	A0A1W4ZV39
P48552	448	R	G	A0A1W4ZV39
P48552	567	N	S	A0A1W4ZV39
P48552	567	N	S	A0A1W4ZV39
P48552	691	P	S	A0A1W4ZV39
P48552	691	P	S	A0A1W4ZV39
P48552	752	M	T	A0A1W4ZV39
P48552	752	M	T	A0A1W4ZV39
P48552	803	S	L	A0A1W4ZV39
P48552	917	S	L	A0A1W4ZV39
P48552	917	S	L	A0A1W4ZV39
P48552	1101	Q	H	A0A1W4ZV39
P48552	1101	Q	H	A0A1W4ZV39
P48552	1135	R	C	A0A1W4ZV39
P48552	1135	R	C	A0A1W4ZV39
P48552	1138	S	G	A0A1W4ZV39
P48552	1138	S	G	A0A1W4ZV39
P48552	1144	Y	D	A0A1W4ZV39
P48552	1152	T	M	A0A1W4ZV39
P48552	1152	T	M	A0A1W4ZV39
P48552	1152	T	M	A0A1W4ZV39
P48552	37	V	I	A0A1W4ZV39
P48552	37	V	I	A0A1W4ZV39
P48552	214	R	G	A0A1W4ZV39
P48552	214	R	G	A0A1W4ZV39
P48552	221	H	R	A0A1W4ZV39
P48552	315	Y	F	A0A1W4ZV39
P48552	326	N	K	A0A1W4ZV39
P48552	326	N	K	A0A1W4ZV39
P48552	389	I	T	A0A1W4ZV39
P48552	441	I	V	A0A1W4ZV39
P48552	448	R	G	A0A1W4ZV39
P48552	567	N	S	A0A1W4ZV39
P48552	567	N	S	A0A1W4ZV39
P48552	691	P	S	A0A1W4ZV39
P48552	691	P	S	A0A1W4ZV39
P48552	752	M	T	A0A1W4ZV39
P48552	752	M	T	A0A1W4ZV39
P48552	803	S	L	A0A1W4ZV39
P48552	917	S	L	A0A1W4ZV39
P48552	917	S	L	A0A1W4ZV39
P48552	1101	Q	H	A0A1W4ZV39
P48552	1101	Q	H	A0A1W4ZV39
P48552	1135	R	C	A0A1W4ZV39
P48552	1135	R	C	A0A1W4ZV39
P48552	1138	S	G	A0A1W4ZV39
P48552	1138	S	G	A0A1W4ZV39
P48552	1144	Y	D	A0A1W4ZV39
P48552	1152	T	M	A0A1W4ZV39
P48552	1152	T	M	A0A1W4ZV39
P48552	1152	T	M	A0A1W4ZV39
P48594	25	N	S	M3W9H3
P48595	3	S	A	U3KF17
P48595	41	I	M	U3KF17
P48595	99	I	T	U3KF17
P48595	135	G	D	U3KF17
P48595	140	P	S	U3KF17
P48595	246	R	C	U3KF17
P48595	360	D	N	U3KF17
P48668	88	G	R	A0A287AZL3
P48668	111	G	D	A0A287AZL3
P48668	143	S	N	A0A287AZL3
P48668	182	R	Q	A0A287AZL3
P48668	227	S	N	A0A287AZL3
P48668	481	V	I	A0A287AZL3
P48668	493	I	V	A0A287AZL3
P48668	515	Y	S	A0A287AZL3
P48668	515	Y	S	A0A287AZL3
P48668	523	I	V	A0A287AZL3
P48668	538	G	A	A0A287AZL3
P49190	143	R	C	H2UEU2
P49190	435	V	M	H2UEU2
P49238	13	E	D	A0A2Y9MCB7
P49238	13	E	D	A0A2Y9MCB7
P49238	25	D	G	A0A2Y9MCB7
P49238	25	D	G	A0A2Y9MCB7
P49238	57	T	A	A0A2Y9MCB7
P49238	57	T	A	A0A2Y9MCB7
P49238	112	G	A	A0A2Y9MCB7
P49238	112	G	A	A0A2Y9MCB7
P49238	13	E	D	A0A2Y9MCB7
P49238	13	E	D	A0A2Y9MCB7
P49238	25	D	G	A0A2Y9MCB7
P49238	25	D	G	A0A2Y9MCB7
P49238	57	T	A	A0A2Y9MCB7
P49238	57	T	A	A0A2Y9MCB7
P49238	112	G	A	A0A2Y9MCB7
P49238	112	G	A	A0A2Y9MCB7
P49238	13	E	D	A0A2Y9MCB7
P49238	13	E	D	A0A2Y9MCB7
P49238	25	D	G	A0A2Y9MCB7
P49238	25	D	G	A0A2Y9MCB7
P49238	57	T	A	A0A2Y9MCB7
P49238	57	T	A	A0A2Y9MCB7
P49238	112	G	A	A0A2Y9MCB7
P49238	112	G	A	A0A2Y9MCB7
P49327	49	R	Q	F6W5Y2
P49327	49	R	Q	F6W5Y2
P49327	155	I	V	F6W5Y2
P49327	155	I	V	F6W5Y2
P49327	271	Q	H	F6W5Y2
P49327	271	Q	H	F6W5Y2
P49327	314	A	T	F6W5Y2
P49327	314	A	T	F6W5Y2
P49327	383	V	I	F6W5Y2
P49327	383	V	I	F6W5Y2
P49327	425	R	W	F6W5Y2
P49327	425	R	W	F6W5Y2
P49327	479	G	V	F6W5Y2
P49327	479	G	V	F6W5Y2
P49327	479	G	V	F6W5Y2
P49327	489	E	K	F6W5Y2
P49327	489	E	K	F6W5Y2
P49327	515	R	C	F6W5Y2
P49327	515	R	C	F6W5Y2
P49327	515	R	C	F6W5Y2
P49327	522	R	H	F6W5Y2
P49327	522	R	H	F6W5Y2
P49327	592	G	S	F6W5Y2
P49327	592	G	S	F6W5Y2
P49327	614	H	Y	F6W5Y2
P49327	614	H	Y	F6W5Y2
P49327	617	P	L	F6W5Y2
P49327	617	P	L	F6W5Y2
P49327	617	P	L	F6W5Y2
P49327	707	P	L	F6W5Y2
P49327	707	P	L	F6W5Y2
P49327	719	E	K	F6W5Y2
P49327	719	E	K	F6W5Y2
P49327	719	E	K	F6W5Y2
P49327	860	A	V	F6W5Y2
P49327	860	A	V	F6W5Y2
P49327	882	G	D	F6W5Y2
P49327	898	T	M	F6W5Y2
P49327	939	E	K	F6W5Y2
P49327	939	E	K	F6W5Y2
P49327	1000	D	N	F6W5Y2
P49327	1000	D	N	F6W5Y2
P49327	1078	V	M	F6W5Y2
P49327	1078	V	M	F6W5Y2
P49327	1096	G	R	F6W5Y2
P49327	1096	G	R	F6W5Y2
P49327	1113	I	V	F6W5Y2
P49327	1113	I	V	F6W5Y2
P49327	1130	E	K	F6W5Y2
P49327	1130	E	K	F6W5Y2
P49327	1186	C	F	F6W5Y2
P49327	1186	C	F	F6W5Y2
P49327	1193	N	S	F6W5Y2
P49327	1193	N	S	F6W5Y2
P49327	1275	R	C	F6W5Y2
P49327	1275	R	C	F6W5Y2
P49327	1277	P	A	F6W5Y2
P49327	1277	P	A	F6W5Y2
P49327	1311	D	N	F6W5Y2
P49327	1311	D	N	F6W5Y2
P49327	1325	P	L	F6W5Y2
P49327	1325	P	L	F6W5Y2
P49327	1349	R	W	F6W5Y2
P49327	1349	R	W	F6W5Y2
P49327	1370	G	S	F6W5Y2
P49327	1370	G	S	F6W5Y2
P49327	1376	A	V	F6W5Y2
P49327	1376	A	V	F6W5Y2
P49327	1376	A	T	F6W5Y2
P49327	1376	A	T	F6W5Y2
P49327	1483	V	I	F6W5Y2
P49327	1484	P	L	F6W5Y2
P49327	1484	P	L	F6W5Y2
P49327	1484	P	L	F6W5Y2
P49327	1527	P	L	F6W5Y2
P49327	1527	P	L	F6W5Y2
P49327	1667	P	S	F6W5Y2
P49327	1667	P	S	F6W5Y2
P49327	1694	R	C	F6W5Y2
P49327	1694	R	C	F6W5Y2
P49327	1719	S	G	F6W5Y2
P49327	1719	S	G	F6W5Y2
P49327	1762	T	M	F6W5Y2
P49327	1762	T	M	F6W5Y2
P49327	1779	P	L	F6W5Y2
P49327	1779	P	L	F6W5Y2
P49327	1804	S	R	F6W5Y2
P49327	1804	S	R	F6W5Y2
P49327	1806	D	G	F6W5Y2
P49327	1806	D	G	F6W5Y2
P49327	1824	R	W	F6W5Y2
P49327	1824	R	W	F6W5Y2
P49327	1888	I	V	F6W5Y2
P49327	1888	I	V	F6W5Y2
P49327	1901	A	T	F6W5Y2
P49327	1913	V	M	F6W5Y2
P49327	1913	V	M	F6W5Y2
P49327	1931	R	Q	F6W5Y2
P49327	1931	R	Q	F6W5Y2
P49327	1937	V	I	F6W5Y2
P49327	1937	V	I	F6W5Y2
P49327	1958	E	K	F6W5Y2
P49327	1958	E	K	F6W5Y2
P49327	1968	V	I	F6W5Y2
P49327	1968	V	I	F6W5Y2
P49327	2005	V	A	F6W5Y2
P49327	2005	V	A	F6W5Y2
P49327	2040	A	S	F6W5Y2
P49327	2040	A	S	F6W5Y2
P49327	2049	R	Q	F6W5Y2
P49327	2049	R	Q	F6W5Y2
P49327	2125	R	Q	F6W5Y2
P49327	2125	R	W	F6W5Y2
P49327	2125	R	Q	F6W5Y2
P49327	2125	R	W	F6W5Y2
P49327	2177	R	H	F6W5Y2
P49327	2177	R	H	F6W5Y2
P49327	2185	R	Q	F6W5Y2
P49327	2185	R	Q	F6W5Y2
P49327	2236	S	F	F6W5Y2
P49327	2236	S	F	F6W5Y2
P49327	2386	A	V	F6W5Y2
P49327	2386	A	V	F6W5Y2
P49327	2390	L	R	F6W5Y2
P49327	2390	L	R	F6W5Y2
P49327	2398	A	S	F6W5Y2
P49327	2398	A	S	F6W5Y2
P49327	2453	A	T	F6W5Y2
P49327	2453	A	T	F6W5Y2
P49327	2460	A	T	F6W5Y2
P49327	2460	A	T	F6W5Y2
P49642	5	D	A	A0A147A6B4
P49753	91	E	G	A0A2R8Z7Z6
P49753	184	Q	R	A0A2R8Z7Z6
P49753	185	T	A	A0A2R8Z7Z6
P49753	185	T	M	A0A2R8Z7Z6
P49753	186	R	W	A0A2R8Z7Z6
P49753	230	G	S	A0A2R8Z7Z6
P49753	328	H	R	A0A2R8Z7Z6
P49753	328	H	R	A0A2R8Z7Z6
P49753	475	H	R	A0A2R8Z7Z6
P49760	432	R	H	A0A2Y9RUQ5
P49760	432	R	H	A0A2Y9RUQ5
P49760	432	R	H	A0A2Y9RUQ5
P49760	432	R	H	A0A2Y9RUQ5
P49765	148	R	H	U3EDT4
P49765	148	R	H	U3EDT4
P49765	206	G	R	U3EDT4
P49765	206	G	R	U3EDT4
P49770	26	G	R	M7B0Y2
P49770	26	G	R	M7B0Y2
P49770	328	I	V	M7B0Y2
P49770	328	I	V	M7B0Y2
P49770	328	I	V	M7B0Y2
P49788	12	W	C	H0WY71
P49788	42	D	G	H0WY71
P49788	158	D	V	H0WY71
P49796	7	L	F	A0A147AWS9
P49796	103	G	V	A0A147AWS9
P49796	129	R	K	A0A147AWS9
P49796	7	L	F	A0A147AWS9
P49796	103	G	V	A0A147AWS9
P49796	129	R	K	A0A147AWS9
P49815	7	K	R	E0VSQ1
P49815	7	K	R	E0VSQ1
P49815	28	P	H	E0VSQ1
P49815	28	P	H	E0VSQ1
P49815	28	P	H	E0VSQ1
P49815	28	P	H	E0VSQ1
P49815	33	G	D	E0VSQ1
P49815	34	K	T	E0VSQ1
P49815	34	K	T	E0VSQ1
P49815	91	P	L	E0VSQ1
P49815	91	P	L	E0VSQ1
P49815	91	P	L	E0VSQ1
P49815	91	P	L	E0VSQ1
P49815	91	P	L	E0VSQ1
P49815	91	P	L	E0VSQ1
P49815	92	E	V	E0VSQ1
P49815	92	E	V	E0VSQ1
P49815	92	E	V	E0VSQ1
P49815	92	E	V	E0VSQ1
P49815	92	E	V	E0VSQ1
P49815	92	E	V	E0VSQ1
P49815	92	E	V	E0VSQ1
P49815	100	A	T	E0VSQ1
P49815	132	S	C	E0VSQ1
P49815	132	S	C	E0VSQ1
P49815	132	S	C	E0VSQ1
P49815	132	S	C	E0VSQ1
P49815	132	S	C	E0VSQ1
P49815	144	K	R	E0VSQ1
P49815	144	K	R	E0VSQ1
P49815	145	A	T	E0VSQ1
P49815	145	A	T	E0VSQ1
P49815	145	A	T	E0VSQ1
P49815	145	A	T	E0VSQ1
P49815	195	I	V	E0VSQ1
P49815	195	I	V	E0VSQ1
P49815	195	I	V	E0VSQ1
P49815	195	I	V	E0VSQ1
P49815	195	I	V	E0VSQ1
P49815	208	R	Q	E0VSQ1
P49815	208	R	Q	E0VSQ1
P49815	208	R	Q	E0VSQ1
P49815	210	A	T	E0VSQ1
P49815	210	A	T	E0VSQ1
P49815	210	A	T	E0VSQ1
P49815	210	A	T	E0VSQ1
P49815	210	A	T	E0VSQ1
P49815	210	A	T	E0VSQ1
P49815	235	S	N	E0VSQ1
P49815	237	P	L	E0VSQ1
P49815	237	P	L	E0VSQ1
P49815	239	F	C	E0VSQ1
P49815	239	F	C	E0VSQ1
P49815	239	F	C	E0VSQ1
P49815	239	F	C	E0VSQ1
P49815	241	V	I	E0VSQ1
P49815	241	V	I	E0VSQ1
P49815	241	V	I	E0VSQ1
P49815	245	R	H	E0VSQ1
P49815	245	R	H	E0VSQ1
P49815	245	R	H	E0VSQ1
P49815	245	R	H	E0VSQ1
P49815	245	R	H	E0VSQ1
P49815	253	C	Y	E0VSQ1
P49815	254	E	K	E0VSQ1
P49815	254	E	K	E0VSQ1
P49815	254	E	K	E0VSQ1
P49815	254	E	K	E0VSQ1
P49815	254	E	K	E0VSQ1
P49815	254	E	K	E0VSQ1
P49815	261	R	W	E0VSQ1
P49815	261	R	W	E0VSQ1
P49815	272	A	T	E0VSQ1
P49815	272	A	T	E0VSQ1
P49815	286	M	V	E0VSQ1
P49815	286	M	V	E0VSQ1
P49815	286	M	V	E0VSQ1
P49815	286	M	V	E0VSQ1
P49815	286	M	V	E0VSQ1
P49815	286	M	V	E0VSQ1
P49815	286	M	V	E0VSQ1
P49815	287	E	D	E0VSQ1
P49815	287	E	D	E0VSQ1
P49815	287	E	D	E0VSQ1
P49815	287	E	D	E0VSQ1
P49815	287	E	D	E0VSQ1
P49815	288	D	E	E0VSQ1
P49815	301	M	V	E0VSQ1
P49815	301	M	V	E0VSQ1
P49815	309	L	H	E0VSQ1
P49815	309	L	H	E0VSQ1
P49815	309	L	H	E0VSQ1
P49815	318	S	F	E0VSQ1
P49815	318	S	F	E0VSQ1
P49815	319	V	M	E0VSQ1
P49815	330	P	L	E0VSQ1
P49815	330	P	L	E0VSQ1
P49815	330	P	L	E0VSQ1
P49815	330	P	L	E0VSQ1
P49815	332	E	K	E0VSQ1
P49815	336	Y	C	E0VSQ1
P49815	349	Y	C	E0VSQ1
P49815	356	V	L	E0VSQ1
P49815	356	V	L	E0VSQ1
P49815	356	V	L	E0VSQ1
P49815	356	V	L	E0VSQ1
P49815	356	V	L	E0VSQ1
P49815	367	R	Q	E0VSQ1
P49815	367	R	Q	E0VSQ1
P49815	371	Q	R	E0VSQ1
P49815	371	Q	R	E0VSQ1
P49815	431	A	V	E0VSQ1
P49815	431	A	V	E0VSQ1
P49815	431	A	V	E0VSQ1
P49815	431	A	V	E0VSQ1
P49815	431	A	V	E0VSQ1
P49815	431	A	V	E0VSQ1
P49815	431	A	V	E0VSQ1
P49815	456	E	K	E0VSQ1
P49815	456	E	K	E0VSQ1
P49815	456	E	K	E0VSQ1
P49815	456	E	K	E0VSQ1
P49815	456	E	K	E0VSQ1
P49815	460	A	T	E0VSQ1
P49815	460	A	T	E0VSQ1
P49815	460	A	T	E0VSQ1
P49815	460	A	T	E0VSQ1
P49815	460	A	T	E0VSQ1
P49815	460	A	T	E0VSQ1
P49815	463	I	V	E0VSQ1
P49815	463	I	V	E0VSQ1
P49815	463	I	V	E0VSQ1
P49815	463	I	V	E0VSQ1
P49815	463	I	V	E0VSQ1
P49815	463	I	V	E0VSQ1
P49815	537	R	C	E0VSQ1
P49815	537	R	C	E0VSQ1
P49815	537	R	C	E0VSQ1
P49815	543	P	L	E0VSQ1
P49815	543	P	L	E0VSQ1
P49815	543	P	L	E0VSQ1
P49815	543	P	L	E0VSQ1
P49815	543	P	L	E0VSQ1
P49815	543	P	L	E0VSQ1
P49815	583	A	T	E0VSQ1
P49815	583	A	T	E0VSQ1
P49815	583	A	T	E0VSQ1
P49815	583	A	T	E0VSQ1
P49815	583	A	T	E0VSQ1
P49815	583	A	T	E0VSQ1
P49815	583	A	T	E0VSQ1
P49815	584	T	M	E0VSQ1
P49815	584	T	M	E0VSQ1
P49815	592	S	N	E0VSQ1
P49815	592	S	N	E0VSQ1
P49815	595	Q	E	E0VSQ1
P49815	597	H	Q	E0VSQ1
P49815	597	H	Q	E0VSQ1
P49815	600	H	Y	E0VSQ1
P49815	607	A	T	E0VSQ1
P49815	607	A	T	E0VSQ1
P49815	607	A	T	E0VSQ1
P49815	607	A	T	E0VSQ1
P49815	607	A	T	E0VSQ1
P49815	607	A	T	E0VSQ1
P49815	622	R	Q	E0VSQ1
P49815	645	V	I	E0VSQ1
P49815	645	V	I	E0VSQ1
P49815	649	M	T	E0VSQ1
P49815	649	M	T	E0VSQ1
P49815	649	M	T	E0VSQ1
P49815	649	M	T	E0VSQ1
P49815	649	M	T	E0VSQ1
P49815	649	M	T	E0VSQ1
P49815	673	A	V	E0VSQ1
P49815	673	A	V	E0VSQ1
P49815	673	A	V	E0VSQ1
P49815	673	A	V	E0VSQ1
P49815	674	P	S	E0VSQ1
P49815	674	P	S	E0VSQ1
P49815	674	P	S	E0VSQ1
P49815	676	G	A	E0VSQ1
P49815	678	A	T	E0VSQ1
P49815	678	A	T	E0VSQ1
P49815	678	A	T	E0VSQ1
P49815	678	A	T	E0VSQ1
P49815	678	A	T	E0VSQ1
P49815	678	A	T	E0VSQ1
P49815	679	V	M	E0VSQ1
P49815	679	V	M	E0VSQ1
P49815	691	R	H	E0VSQ1
P49815	736	A	V	E0VSQ1
P49815	736	A	V	E0VSQ1
P49815	736	A	V	E0VSQ1
P49815	736	A	V	E0VSQ1
P49815	749	R	W	E0VSQ1
P49815	749	R	W	E0VSQ1
P49815	749	R	W	E0VSQ1
P49815	749	R	W	E0VSQ1
P49815	753	A	T	E0VSQ1
P49815	753	A	T	E0VSQ1
P49815	753	A	T	E0VSQ1
P49815	783	T	S	E0VSQ1
P49815	783	T	S	E0VSQ1
P49815	783	T	S	E0VSQ1
P49815	788	M	I	E0VSQ1
P49815	789	V	A	E0VSQ1
P49815	789	V	A	E0VSQ1
P49815	798	H	Y	E0VSQ1
P49815	798	H	Y	E0VSQ1
P49815	798	H	Y	E0VSQ1
P49815	798	H	Y	E0VSQ1
P49815	802	S	G	E0VSQ1
P49815	802	S	G	E0VSQ1
P49815	802	S	G	E0VSQ1
P49815	802	S	G	E0VSQ1
P49815	837	A	G	E0VSQ1
P49815	859	N	T	E0VSQ1
P49815	892	V	I	E0VSQ1
P49815	892	V	I	E0VSQ1
P49815	892	V	I	E0VSQ1
P49815	917	R	Q	E0VSQ1
P49815	917	R	Q	E0VSQ1
P49815	917	R	W	E0VSQ1
P49815	920	V	A	E0VSQ1
P49815	921	L	V	E0VSQ1
P49815	921	L	V	E0VSQ1
P49815	921	L	V	E0VSQ1
P49815	921	L	V	E0VSQ1
P49815	921	L	V	E0VSQ1
P49815	930	K	E	E0VSQ1
P49815	933	F	C	E0VSQ1
P49815	952	P	S	E0VSQ1
P49815	958	N	S	E0VSQ1
P49815	958	N	S	E0VSQ1
P49815	958	N	S	E0VSQ1
P49815	958	N	S	E0VSQ1
P49815	958	N	S	E0VSQ1
P49815	983	S	C	E0VSQ1
P49815	983	S	C	E0VSQ1
P49815	988	R	P	E0VSQ1
P49815	988	R	P	E0VSQ1
P49815	988	R	P	E0VSQ1
P49815	988	R	P	E0VSQ1
P49815	988	R	P	E0VSQ1
P49815	988	R	P	E0VSQ1
P49815	988	R	P	E0VSQ1
P49815	993	T	M	E0VSQ1
P49815	993	T	M	E0VSQ1
P49815	993	T	M	E0VSQ1
P49815	993	T	M	E0VSQ1
P49815	993	T	M	E0VSQ1
P49815	993	T	M	E0VSQ1
P49815	1008	V	M	E0VSQ1
P49815	1008	V	M	E0VSQ1
P49815	1008	V	M	E0VSQ1
P49815	1008	V	M	E0VSQ1
P49815	1030	M	V	E0VSQ1
P49815	1030	M	V	E0VSQ1
P49815	1030	M	V	E0VSQ1
P49815	1030	M	V	E0VSQ1
P49815	1053	A	V	E0VSQ1
P49815	1078	R	Q	E0VSQ1
P49815	1092	P	L	E0VSQ1
P49815	1092	P	L	E0VSQ1
P49815	1092	P	L	E0VSQ1
P49815	1092	P	L	E0VSQ1
P49815	1094	S	L	E0VSQ1
P49815	1099	G	R	E0VSQ1
P49815	1099	G	R	E0VSQ1
P49815	1099	G	R	E0VSQ1
P49815	1099	G	R	E0VSQ1
P49815	1126	D	V	E0VSQ1
P49815	1126	D	V	E0VSQ1
P49815	1126	D	V	E0VSQ1
P49815	1126	D	V	E0VSQ1
P49815	1126	D	V	E0VSQ1
P49815	1129	R	C	E0VSQ1
P49815	1138	R	Q	E0VSQ1
P49815	1138	R	Q	E0VSQ1
P49815	1138	R	Q	E0VSQ1
P49815	1141	A	T	E0VSQ1
P49815	1141	A	V	E0VSQ1
P49815	1141	A	V	E0VSQ1
P49815	1141	A	T	E0VSQ1
P49815	1141	A	T	E0VSQ1
P49815	1141	A	V	E0VSQ1
P49815	1141	A	T	E0VSQ1
P49815	1141	A	V	E0VSQ1
P49815	1141	A	V	E0VSQ1
P49815	1141	A	T	E0VSQ1
P49815	1141	A	V	E0VSQ1
P49815	1141	A	T	E0VSQ1
P49815	1159	R	W	E0VSQ1
P49815	1159	R	L	E0VSQ1
P49815	1159	R	W	E0VSQ1
P49815	1159	R	W	E0VSQ1
P49815	1159	R	W	E0VSQ1
P49815	1159	R	W	E0VSQ1
P49815	1159	R	W	E0VSQ1
P49815	1161	A	V	E0VSQ1
P49815	1161	A	V	E0VSQ1
P49815	1161	A	V	E0VSQ1
P49815	1161	A	V	E0VSQ1
P49815	1164	A	S	E0VSQ1
P49815	1164	A	T	E0VSQ1
P49815	1164	A	S	E0VSQ1
P49815	1164	A	S	E0VSQ1
P49815	1170	S	L	E0VSQ1
P49815	1186	Y	C	E0VSQ1
P49815	1186	Y	C	E0VSQ1
P49815	1186	Y	C	E0VSQ1
P49815	1215	P	L	E0VSQ1
P49815	1257	A	V	E0VSQ1
P49815	1257	A	V	E0VSQ1
P49815	1257	A	V	E0VSQ1
P49815	1257	A	V	E0VSQ1
P49815	1257	A	V	E0VSQ1
P49815	1257	A	V	E0VSQ1
P49815	1265	P	S	E0VSQ1
P49815	1265	P	S	E0VSQ1
P49815	1265	P	S	E0VSQ1
P49815	1265	P	S	E0VSQ1
P49815	1265	P	S	E0VSQ1
P49815	1268	R	H	E0VSQ1
P49815	1268	R	H	E0VSQ1
P49815	1282	S	R	E0VSQ1
P49815	1282	S	R	E0VSQ1
P49815	1298	V	M	E0VSQ1
P49815	1298	V	M	E0VSQ1
P49815	1298	V	M	E0VSQ1
P49815	1298	V	M	E0VSQ1
P49815	1305	P	L	E0VSQ1
P49815	1305	P	L	E0VSQ1
P49815	1329	R	H	E0VSQ1
P49815	1329	R	H	E0VSQ1
P49815	1329	R	H	E0VSQ1
P49815	1329	R	H	E0VSQ1
P49815	1329	R	H	E0VSQ1
P49815	1329	R	H	E0VSQ1
P49815	1334	S	N	E0VSQ1
P49815	1337	S	F	E0VSQ1
P49815	1337	S	F	E0VSQ1
P49815	1340	S	F	E0VSQ1
P49815	1340	S	F	E0VSQ1
P49815	1341	S	R	E0VSQ1
P49815	1341	S	R	E0VSQ1
P49815	1341	S	R	E0VSQ1
P49815	1341	S	R	E0VSQ1
P49815	1341	S	R	E0VSQ1
P49815	1343	E	D	E0VSQ1
P49815	1343	E	D	E0VSQ1
P49815	1349	A	T	E0VSQ1
P49815	1349	A	T	E0VSQ1
P49815	1349	A	T	E0VSQ1
P49815	1349	A	T	E0VSQ1
P49815	1351	E	K	E0VSQ1
P49815	1351	E	K	E0VSQ1
P49815	1370	P	S	E0VSQ1
P49815	1370	P	S	E0VSQ1
P49815	1370	P	S	E0VSQ1
P49815	1370	P	S	E0VSQ1
P49815	1389	P	S	E0VSQ1
P49815	1389	P	S	E0VSQ1
P49815	1399	G	R	E0VSQ1
P49815	1399	G	R	E0VSQ1
P49815	1399	G	R	E0VSQ1
P49815	1399	G	R	E0VSQ1
P49815	1399	G	R	E0VSQ1
P49815	1401	P	A	E0VSQ1
P49815	1417	R	W	E0VSQ1
P49815	1425	G	R	E0VSQ1
P49815	1429	A	S	E0VSQ1
P49815	1429	A	S	E0VSQ1
P49815	1429	A	S	E0VSQ1
P49815	1429	A	S	E0VSQ1
P49815	1429	A	S	E0VSQ1
P49815	1429	A	S	E0VSQ1
P49815	1429	A	S	E0VSQ1
P49815	1429	A	S	E0VSQ1
P49815	1429	A	S	E0VSQ1
P49815	1431	S	L	E0VSQ1
P49815	1433	S	L	E0VSQ1
P49815	1433	S	L	E0VSQ1
P49815	1439	G	D	E0VSQ1
P49815	1439	G	D	E0VSQ1
P49815	1439	G	D	E0VSQ1
P49815	1439	G	D	E0VSQ1
P49815	1439	G	D	E0VSQ1
P49815	1439	G	D	E0VSQ1
P49815	1442	E	K	E0VSQ1
P49815	1442	E	K	E0VSQ1
P49815	1442	E	K	E0VSQ1
P49815	1442	E	K	E0VSQ1
P49815	1450	P	A	E0VSQ1
P49815	1450	P	A	E0VSQ1
P49815	1451	R	H	E0VSQ1
P49815	1451	R	H	E0VSQ1
P49815	1451	R	H	E0VSQ1
P49815	1451	R	H	E0VSQ1
P49815	1456	L	H	E0VSQ1
P49815	1474	R	G	E0VSQ1
P49815	1474	R	G	E0VSQ1
P49815	1479	A	V	E0VSQ1
P49815	1479	A	V	E0VSQ1
P49815	1479	A	V	E0VSQ1
P49815	1479	A	V	E0VSQ1
P49815	1479	A	V	E0VSQ1
P49815	1483	R	G	E0VSQ1
P49815	1483	R	G	E0VSQ1
P49815	1483	R	T	E0VSQ1
P49815	1483	R	G	E0VSQ1
P49815	1483	R	T	E0VSQ1
P49815	1483	R	T	E0VSQ1
P49815	1483	R	T	E0VSQ1
P49815	1483	R	G	E0VSQ1
P49815	1483	R	T	E0VSQ1
P49815	1490	E	G	E0VSQ1
P49815	1490	E	G	E0VSQ1
P49815	1490	E	G	E0VSQ1
P49815	1507	S	Y	E0VSQ1
P49815	1513	E	K	E0VSQ1
P49815	1522	N	S	E0VSQ1
P49815	1522	N	S	E0VSQ1
P49815	1529	R	W	E0VSQ1
P49815	1537	I	T	E0VSQ1
P49815	1537	I	T	E0VSQ1
P49815	1537	I	T	E0VSQ1
P49815	1538	P	Q	E0VSQ1
P49815	1545	I	V	E0VSQ1
P49815	1545	I	V	E0VSQ1
P49815	1608	Y	C	E0VSQ1
P49815	1618	V	I	E0VSQ1
P49815	1618	V	I	E0VSQ1
P49815	1618	V	I	E0VSQ1
P49815	1673	V	L	E0VSQ1
P49815	1673	V	L	E0VSQ1
P49815	1691	M	T	E0VSQ1
P49815	1698	S	R	E0VSQ1
P49815	1698	S	R	E0VSQ1
P49815	1698	S	R	E0VSQ1
P49815	1698	S	R	E0VSQ1
P49815	1698	S	R	E0VSQ1
P49815	1699	V	M	E0VSQ1
P49815	1699	V	M	E0VSQ1
P49815	1699	V	M	E0VSQ1
P49815	1699	V	M	E0VSQ1
P49815	1707	N	S	E0VSQ1
P49815	1707	N	S	E0VSQ1
P49815	1707	N	S	E0VSQ1
P49815	1707	N	S	E0VSQ1
P49815	1711	V	M	E0VSQ1
P49815	1711	V	M	E0VSQ1
P49815	1711	V	M	E0VSQ1
P49815	1735	I	V	E0VSQ1
P49815	1735	I	V	E0VSQ1
P49815	1753	R	W	E0VSQ1
P49815	1759	A	T	E0VSQ1
P49815	1759	A	T	E0VSQ1
P49815	1771	P	L	E0VSQ1
P49815	1771	P	L	E0VSQ1
P49815	1774	S	T	E0VSQ1
P49815	1774	S	T	E0VSQ1
P49815	1774	S	T	E0VSQ1
P49815	1774	S	T	E0VSQ1
P49815	1774	S	T	E0VSQ1
P49815	1774	S	T	E0VSQ1
P49815	1774	S	T	E0VSQ1
P49815	1780	T	P	E0VSQ1
P49815	1780	T	P	E0VSQ1
P49815	1781	P	L	E0VSQ1
P49815	1781	P	L	E0VSQ1
P49815	1786	P	R	E0VSQ1
P49815	1786	P	R	E0VSQ1
P49848	204	A	T	A0A2K6DJI8
P49848	204	A	T	A0A2K6DJI8
P49848	466	A	S	A0A2K6DJI8
P49848	466	A	S	A0A2K6DJI8
P49848	635	P	L	A0A2K6DJI8
P49848	635	P	L	A0A2K6DJI8
P49848	635	P	L	A0A2K6DJI8
P49848	671	G	S	A0A2K6DJI8
P49848	671	G	S	A0A2K6DJI8
P49848	204	A	T	A0A2K6DJI8
P49848	204	A	T	A0A2K6DJI8
P49848	466	A	S	A0A2K6DJI8
P49848	466	A	S	A0A2K6DJI8
P49848	635	P	L	A0A2K6DJI8
P49848	635	P	L	A0A2K6DJI8
P49848	635	P	L	A0A2K6DJI8
P49848	671	G	S	A0A2K6DJI8
P49848	671	G	S	A0A2K6DJI8
P49848	204	A	T	A0A2K6DJI8
P49848	204	A	T	A0A2K6DJI8
P49848	466	A	S	A0A2K6DJI8
P49848	466	A	S	A0A2K6DJI8
P49848	635	P	L	A0A2K6DJI8
P49848	635	P	L	A0A2K6DJI8
P49848	635	P	L	A0A2K6DJI8
P49848	671	G	S	A0A2K6DJI8
P49848	671	G	S	A0A2K6DJI8
P49848	204	A	T	A0A2K6DJI8
P49848	204	A	T	A0A2K6DJI8
P49848	466	A	S	A0A2K6DJI8
P49848	466	A	S	A0A2K6DJI8
P49848	635	P	L	A0A2K6DJI8
P49848	635	P	L	A0A2K6DJI8
P49848	635	P	L	A0A2K6DJI8
P49848	671	G	S	A0A2K6DJI8
P49848	671	G	S	A0A2K6DJI8
P49848	204	A	T	A0A2K6DJI8
P49848	204	A	T	A0A2K6DJI8
P49848	466	A	S	A0A2K6DJI8
P49848	466	A	S	A0A2K6DJI8
P49848	635	P	L	A0A2K6DJI8
P49848	635	P	L	A0A2K6DJI8
P49848	635	P	L	A0A2K6DJI8
P49848	671	G	S	A0A2K6DJI8
P49848	671	G	S	A0A2K6DJI8
P49848	204	A	T	A0A2K6DJI8
P49848	204	A	T	A0A2K6DJI8
P49848	466	A	S	A0A2K6DJI8
P49848	466	A	S	A0A2K6DJI8
P49848	635	P	L	A0A2K6DJI8
P49848	635	P	L	A0A2K6DJI8
P49848	635	P	L	A0A2K6DJI8
P49848	671	G	S	A0A2K6DJI8
P49848	671	G	S	A0A2K6DJI8
P49848	204	A	T	A0A2K6DJI8
P49848	204	A	T	A0A2K6DJI8
P49848	466	A	S	A0A2K6DJI8
P49848	466	A	S	A0A2K6DJI8
P49848	635	P	L	A0A2K6DJI8
P49848	635	P	L	A0A2K6DJI8
P49848	635	P	L	A0A2K6DJI8
P49848	671	G	S	A0A2K6DJI8
P49848	671	G	S	A0A2K6DJI8
P49848	204	A	T	A0A2K6DJI8
P49848	204	A	T	A0A2K6DJI8
P49848	466	A	S	A0A2K6DJI8
P49848	466	A	S	A0A2K6DJI8
P49848	635	P	L	A0A2K6DJI8
P49848	635	P	L	A0A2K6DJI8
P49848	635	P	L	A0A2K6DJI8
P49848	671	G	S	A0A2K6DJI8
P49848	671	G	S	A0A2K6DJI8
P49848	204	A	T	A0A2K6DJI8
P49848	204	A	T	A0A2K6DJI8
P49848	466	A	S	A0A2K6DJI8
P49848	466	A	S	A0A2K6DJI8
P49848	635	P	L	A0A2K6DJI8
P49848	635	P	L	A0A2K6DJI8
P49848	635	P	L	A0A2K6DJI8
P49848	671	G	S	A0A2K6DJI8
P49848	671	G	S	A0A2K6DJI8
P49848	204	A	T	A0A2K6DJI8
P49848	204	A	T	A0A2K6DJI8
P49848	466	A	S	A0A2K6DJI8
P49848	466	A	S	A0A2K6DJI8
P49848	635	P	L	A0A2K6DJI8
P49848	635	P	L	A0A2K6DJI8
P49848	635	P	L	A0A2K6DJI8
P49848	671	G	S	A0A2K6DJI8
P49848	671	G	S	A0A2K6DJI8
P49848	204	A	T	A0A2K6DJI8
P49848	204	A	T	A0A2K6DJI8
P49848	466	A	S	A0A2K6DJI8
P49848	466	A	S	A0A2K6DJI8
P49848	635	P	L	A0A2K6DJI8
P49848	635	P	L	A0A2K6DJI8
P49848	635	P	L	A0A2K6DJI8
P49848	671	G	S	A0A2K6DJI8
P49848	671	G	S	A0A2K6DJI8
P49848	204	A	T	A0A2K6DJI8
P49848	204	A	T	A0A2K6DJI8
P49848	466	A	S	A0A2K6DJI8
P49848	466	A	S	A0A2K6DJI8
P49848	635	P	L	A0A2K6DJI8
P49848	635	P	L	A0A2K6DJI8
P49848	635	P	L	A0A2K6DJI8
P49848	671	G	S	A0A2K6DJI8
P49848	671	G	S	A0A2K6DJI8
P49848	204	A	T	A0A2K6DJI8
P49848	204	A	T	A0A2K6DJI8
P49848	466	A	S	A0A2K6DJI8
P49848	466	A	S	A0A2K6DJI8
P49848	635	P	L	A0A2K6DJI8
P49848	635	P	L	A0A2K6DJI8
P49848	635	P	L	A0A2K6DJI8
P49848	671	G	S	A0A2K6DJI8
P49848	671	G	S	A0A2K6DJI8
P49848	204	A	T	A0A2K6DJI8
P49848	204	A	T	A0A2K6DJI8
P49848	466	A	S	A0A2K6DJI8
P49848	466	A	S	A0A2K6DJI8
P49848	635	P	L	A0A2K6DJI8
P49848	635	P	L	A0A2K6DJI8
P49848	635	P	L	A0A2K6DJI8
P49848	671	G	S	A0A2K6DJI8
P49848	671	G	S	A0A2K6DJI8
P49848	204	A	T	A0A2K6DJI8
P49848	204	A	T	A0A2K6DJI8
P49848	466	A	S	A0A2K6DJI8
P49848	466	A	S	A0A2K6DJI8
P49848	635	P	L	A0A2K6DJI8
P49848	635	P	L	A0A2K6DJI8
P49848	635	P	L	A0A2K6DJI8
P49848	671	G	S	A0A2K6DJI8
P49848	671	G	S	A0A2K6DJI8
P49848	204	A	T	A0A2K6DJI8
P49848	204	A	T	A0A2K6DJI8
P49848	466	A	S	A0A2K6DJI8
P49848	466	A	S	A0A2K6DJI8
P49848	635	P	L	A0A2K6DJI8
P49848	635	P	L	A0A2K6DJI8
P49848	635	P	L	A0A2K6DJI8
P49848	671	G	S	A0A2K6DJI8
P49848	671	G	S	A0A2K6DJI8
P49848	204	A	T	A0A2K6DJI8
P49848	204	A	T	A0A2K6DJI8
P49848	466	A	S	A0A2K6DJI8
P49848	466	A	S	A0A2K6DJI8
P49848	635	P	L	A0A2K6DJI8
P49848	635	P	L	A0A2K6DJI8
P49848	635	P	L	A0A2K6DJI8
P49848	671	G	S	A0A2K6DJI8
P49848	671	G	S	A0A2K6DJI8
P49848	204	A	T	A0A2K6DJI8
P49848	204	A	T	A0A2K6DJI8
P49848	466	A	S	A0A2K6DJI8
P49848	466	A	S	A0A2K6DJI8
P49848	635	P	L	A0A2K6DJI8
P49848	635	P	L	A0A2K6DJI8
P49848	635	P	L	A0A2K6DJI8
P49848	671	G	S	A0A2K6DJI8
P49848	671	G	S	A0A2K6DJI8
P49848	204	A	T	A0A2K6DJI8
P49848	204	A	T	A0A2K6DJI8
P49848	466	A	S	A0A2K6DJI8
P49848	466	A	S	A0A2K6DJI8
P49848	635	P	L	A0A2K6DJI8
P49848	635	P	L	A0A2K6DJI8
P49848	635	P	L	A0A2K6DJI8
P49848	671	G	S	A0A2K6DJI8
P49848	671	G	S	A0A2K6DJI8
P49848	204	A	T	A0A2K6DJI8
P49848	204	A	T	A0A2K6DJI8
P49848	466	A	S	A0A2K6DJI8
P49848	466	A	S	A0A2K6DJI8
P49848	635	P	L	A0A2K6DJI8
P49848	635	P	L	A0A2K6DJI8
P49848	635	P	L	A0A2K6DJI8
P49848	671	G	S	A0A2K6DJI8
P49848	671	G	S	A0A2K6DJI8
P49902	3	T	A	A0A1L8FEI6
P49902	3	T	A	A0A1L8FEI6
P49902	3	T	A	A0A1L8FEI6
P49902	136	Q	R	A0A1L8FEI6
P49902	136	Q	R	A0A1L8FEI6
P49902	3	T	A	A0A1L8FEI6
P49902	3	T	A	A0A1L8FEI6
P49902	3	T	A	A0A1L8FEI6
P49902	136	Q	R	A0A1L8FEI6
P49902	136	Q	R	A0A1L8FEI6
P49902	3	T	A	A0A1L8FEI6
P49902	3	T	A	A0A1L8FEI6
P49902	3	T	A	A0A1L8FEI6
P49902	136	Q	R	A0A1L8FEI6
P49902	136	Q	R	A0A1L8FEI6
P49902	3	T	A	A0A1L8FEI6
P49902	3	T	A	A0A1L8FEI6
P49902	3	T	A	A0A1L8FEI6
P49902	136	Q	R	A0A1L8FEI6
P49902	136	Q	R	A0A1L8FEI6
P49902	3	T	A	A0A1L8FEI6
P49902	3	T	A	A0A1L8FEI6
P49902	3	T	A	A0A1L8FEI6
P49902	136	Q	R	A0A1L8FEI6
P49902	136	Q	R	A0A1L8FEI6
P49902	3	T	A	A0A1L8FEI6
P49902	3	T	A	A0A1L8FEI6
P49902	3	T	A	A0A1L8FEI6
P49902	136	Q	R	A0A1L8FEI6
P49902	136	Q	R	A0A1L8FEI6
P49914	34	R	L	H9GI82
P49914	202	T	A	H9GI82
P49918	107	P	L	A0A2K5Q1P5
P49918	107	P	L	A0A2K5Q1P5
P49918	107	P	L	A0A2K5Q1P5
P49918	165	A	L	A0A2K5Q1P5
P49918	165	A	L	A0A2K5Q1P5
P49918	165	A	V	A0A2K5Q1P5
P49918	166	V	A	A0A2K5Q1P5
P49918	166	V	A	A0A2K5Q1P5
P49918	167	L	P	A0A2K5Q1P5
P49918	213	A	T	A0A2K5Q1P5
P49918	213	A	T	A0A2K5Q1P5
P49918	215	Q	E	A0A2K5Q1P5
P49918	215	Q	E	A0A2K5Q1P5
P49918	107	P	L	A0A2K5Q1P5
P49918	107	P	L	A0A2K5Q1P5
P49918	107	P	L	A0A2K5Q1P5
P49918	165	A	V	A0A2K5Q1P5
P49918	165	A	L	A0A2K5Q1P5
P49918	165	A	L	A0A2K5Q1P5
P49918	166	V	A	A0A2K5Q1P5
P49918	166	V	A	A0A2K5Q1P5
P49918	167	L	P	A0A2K5Q1P5
P49918	213	A	T	A0A2K5Q1P5
P49918	213	A	T	A0A2K5Q1P5
P49918	215	Q	E	A0A2K5Q1P5
P49918	215	Q	E	A0A2K5Q1P5
P49961	293	V	I	F6XDT4
P49961	293	V	I	F6XDT4
P49961	293	V	I	F6XDT4
P49961	293	V	I	F6XDT4
P50151	4	G	R	Q4REG3
P50219	166	Y	H	A0A0Q3M437
P50219	299	S	C	A0A0Q3M437
P50219	398	P	L	A0A0Q3M437
P50221	4	A	V	A0A218UM87
P50221	4	A	V	A0A218UM87
P50221	4	A	V	A0A218UM87
P50221	27	S	L	A0A218UM87
P50221	27	S	L	A0A218UM87
P50221	27	S	L	A0A218UM87
P50221	193	H	R	A0A218UM87
P50221	193	H	R	A0A218UM87
P50221	234	P	T	A0A218UM87
P50221	234	P	T	A0A218UM87
P50221	238	N	S	A0A218UM87
P50225	213	R	H	S7P6Z4
P50225	223	V	M	S7P6Z4
P50225	247	F	L	S7P6Z4
P50225	213	R	H	S7P6Z4
P50225	223	V	M	S7P6Z4
P50225	247	F	L	S7P6Z4
P50226	7	I	T	S7P6Z4
P50226	19	P	L	S7P6Z4
P50226	235	N	T	S7P6Z4
P50226	282	K	E	S7P6Z4
P50226	7	I	T	S7P6Z4
P50226	19	P	L	S7P6Z4
P50226	235	N	T	S7P6Z4
P50226	282	K	E	S7P6Z4
P50440	86	A	S	A0A2G9SGU6
P50440	110	Q	H	A0A2G9SGU6
P50440	110	Q	H	A0A2G9SGU6
P50440	110	Q	H	A0A2G9SGU6
P50440	110	Q	H	A0A2G9SGU6
P50440	110	Q	H	A0A2G9SGU6
P50440	110	Q	H	A0A2G9SGU6
P50440	110	Q	H	A0A2G9SGU6
P50440	110	Q	H	A0A2G9SGU6
P50452	68	R	Q	U3KF17
P50452	85	L	W	U3KF17
P50452	189	E	K	U3KF17
P50452	304	T	A	U3KF17
P50452	359	H	R	U3KF17
P50452	68	R	Q	U3KF17
P50452	85	L	W	U3KF17
P50452	189	E	K	U3KF17
P50452	304	T	A	U3KF17
P50452	359	H	R	U3KF17
P50453	343	M	V	U3KF17
P50548	172	L	F	A0A151N0M9
P50548	220	P	H	A0A151N0M9
P50548	220	P	H	A0A151N0M9
P50548	349	P	L	A0A151N0M9
P50548	349	P	L	A0A151N0M9
P50548	351	P	L	A0A151N0M9
P50548	353	M	V	A0A151N0M9
P50548	353	M	V	A0A151N0M9
P50548	353	M	V	A0A151N0M9
P50548	398	G	S	A0A151N0M9
P50548	398	G	S	A0A151N0M9
P50548	398	G	S	A0A151N0M9
P50548	415	A	V	A0A151N0M9
P50548	415	A	V	A0A151N0M9
P50548	415	A	V	A0A151N0M9
P50548	421	P	L	A0A151N0M9
P50548	421	P	L	A0A151N0M9
P50548	509	E	D	A0A151N0M9
P50548	509	E	D	A0A151N0M9
P50747	154	M	I	A0A287BNS0
P50747	154	M	I	A0A287BNS0
P50747	170	D	N	A0A287BNS0
P50747	189	E	D	A0A287BNS0
P50747	189	E	D	A0A287BNS0
P50747	189	E	D	A0A287BNS0
P50747	189	E	D	A0A287BNS0
P50747	201	E	Q	A0A287BNS0
P50747	201	E	Q	A0A287BNS0
P50747	225	G	D	A0A287BNS0
P50747	230	S	N	A0A287BNS0
P50747	235	D	N	A0A287BNS0
P50747	237	D	N	A0A287BNS0
P50747	243	V	I	A0A287BNS0
P50747	243	V	I	A0A287BNS0
P50747	243	V	I	A0A287BNS0
P50747	243	V	I	A0A287BNS0
P50747	305	T	M	A0A287BNS0
P50747	305	T	M	A0A287BNS0
P50747	305	T	M	A0A287BNS0
P50747	431	V	I	A0A287BNS0
P50747	431	V	I	A0A287BNS0
P50747	431	V	I	A0A287BNS0
P50747	448	G	S	A0A287BNS0
P50747	448	G	S	A0A287BNS0
P50747	448	G	S	A0A287BNS0
P50747	471	R	H	A0A287BNS0
P50747	471	R	H	A0A287BNS0
P50747	471	R	H	A0A287BNS0
P50747	557	E	K	A0A287BNS0
P50747	657	G	R	A0A287BNS0
P50747	657	G	R	A0A287BNS0
P50747	657	G	R	A0A287BNS0
P50747	705	E	K	A0A287BNS0
P50747	705	E	K	A0A287BNS0
P50747	705	E	K	A0A287BNS0
P50747	705	E	K	A0A287BNS0
P50747	788	V	M	A0A287BNS0
P50747	788	V	M	A0A287BNS0
P50747	788	V	M	A0A287BNS0
P50747	805	S	G	A0A287BNS0
P50747	805	S	G	A0A287BNS0
P50747	806	V	I	A0A287BNS0
P50747	838	D	N	A0A287BNS0
P50747	154	M	I	A0A287BNS0
P50747	154	M	I	A0A287BNS0
P50747	170	D	N	A0A287BNS0
P50747	189	E	D	A0A287BNS0
P50747	189	E	D	A0A287BNS0
P50747	189	E	D	A0A287BNS0
P50747	189	E	D	A0A287BNS0
P50747	201	E	Q	A0A287BNS0
P50747	201	E	Q	A0A287BNS0
P50747	225	G	D	A0A287BNS0
P50747	230	S	N	A0A287BNS0
P50747	235	D	N	A0A287BNS0
P50747	237	D	N	A0A287BNS0
P50747	243	V	I	A0A287BNS0
P50747	243	V	I	A0A287BNS0
P50747	243	V	I	A0A287BNS0
P50747	243	V	I	A0A287BNS0
P50747	305	T	M	A0A287BNS0
P50747	305	T	M	A0A287BNS0
P50747	305	T	M	A0A287BNS0
P50747	431	V	I	A0A287BNS0
P50747	431	V	I	A0A287BNS0
P50747	431	V	I	A0A287BNS0
P50747	448	G	S	A0A287BNS0
P50747	448	G	S	A0A287BNS0
P50747	448	G	S	A0A287BNS0
P50747	471	R	H	A0A287BNS0
P50747	471	R	H	A0A287BNS0
P50747	471	R	H	A0A287BNS0
P50747	557	E	K	A0A287BNS0
P50747	657	G	R	A0A287BNS0
P50747	657	G	R	A0A287BNS0
P50747	657	G	R	A0A287BNS0
P50747	705	E	K	A0A287BNS0
P50747	705	E	K	A0A287BNS0
P50747	705	E	K	A0A287BNS0
P50747	705	E	K	A0A287BNS0
P50747	788	V	M	A0A287BNS0
P50747	788	V	M	A0A287BNS0
P50747	788	V	M	A0A287BNS0
P50747	805	S	G	A0A287BNS0
P50747	805	S	G	A0A287BNS0
P50747	806	V	I	A0A287BNS0
P50747	838	D	N	A0A287BNS0
P50747	154	M	I	A0A287BNS0
P50747	154	M	I	A0A287BNS0
P50747	170	D	N	A0A287BNS0
P50747	189	E	D	A0A287BNS0
P50747	189	E	D	A0A287BNS0
P50747	189	E	D	A0A287BNS0
P50747	189	E	D	A0A287BNS0
P50747	201	E	Q	A0A287BNS0
P50747	201	E	Q	A0A287BNS0
P50747	225	G	D	A0A287BNS0
P50747	230	S	N	A0A287BNS0
P50747	235	D	N	A0A287BNS0
P50747	237	D	N	A0A287BNS0
P50747	243	V	I	A0A287BNS0
P50747	243	V	I	A0A287BNS0
P50747	243	V	I	A0A287BNS0
P50747	243	V	I	A0A287BNS0
P50747	305	T	M	A0A287BNS0
P50747	305	T	M	A0A287BNS0
P50747	305	T	M	A0A287BNS0
P50747	431	V	I	A0A287BNS0
P50747	431	V	I	A0A287BNS0
P50747	431	V	I	A0A287BNS0
P50747	448	G	S	A0A287BNS0
P50747	448	G	S	A0A287BNS0
P50747	448	G	S	A0A287BNS0
P50747	471	R	H	A0A287BNS0
P50747	471	R	H	A0A287BNS0
P50747	471	R	H	A0A287BNS0
P50747	557	E	K	A0A287BNS0
P50747	657	G	R	A0A287BNS0
P50747	657	G	R	A0A287BNS0
P50747	657	G	R	A0A287BNS0
P50747	705	E	K	A0A287BNS0
P50747	705	E	K	A0A287BNS0
P50747	705	E	K	A0A287BNS0
P50747	705	E	K	A0A287BNS0
P50747	788	V	M	A0A287BNS0
P50747	788	V	M	A0A287BNS0
P50747	788	V	M	A0A287BNS0
P50747	805	S	G	A0A287BNS0
P50747	805	S	G	A0A287BNS0
P50747	806	V	I	A0A287BNS0
P50747	838	D	N	A0A287BNS0
P50747	154	M	I	A0A287BNS0
P50747	154	M	I	A0A287BNS0
P50747	170	D	N	A0A287BNS0
P50747	189	E	D	A0A287BNS0
P50747	189	E	D	A0A287BNS0
P50747	189	E	D	A0A287BNS0
P50747	189	E	D	A0A287BNS0
P50747	201	E	Q	A0A287BNS0
P50747	201	E	Q	A0A287BNS0
P50747	225	G	D	A0A287BNS0
P50747	230	S	N	A0A287BNS0
P50747	235	D	N	A0A287BNS0
P50747	237	D	N	A0A287BNS0
P50747	243	V	I	A0A287BNS0
P50747	243	V	I	A0A287BNS0
P50747	243	V	I	A0A287BNS0
P50747	243	V	I	A0A287BNS0
P50747	305	T	M	A0A287BNS0
P50747	305	T	M	A0A287BNS0
P50747	305	T	M	A0A287BNS0
P50747	431	V	I	A0A287BNS0
P50747	431	V	I	A0A287BNS0
P50747	431	V	I	A0A287BNS0
P50747	448	G	S	A0A287BNS0
P50747	448	G	S	A0A287BNS0
P50747	448	G	S	A0A287BNS0
P50747	471	R	H	A0A287BNS0
P50747	471	R	H	A0A287BNS0
P50747	471	R	H	A0A287BNS0
P50747	557	E	K	A0A287BNS0
P50747	657	G	R	A0A287BNS0
P50747	657	G	R	A0A287BNS0
P50747	657	G	R	A0A287BNS0
P50747	705	E	K	A0A287BNS0
P50747	705	E	K	A0A287BNS0
P50747	705	E	K	A0A287BNS0
P50747	705	E	K	A0A287BNS0
P50747	788	V	M	A0A287BNS0
P50747	788	V	M	A0A287BNS0
P50747	788	V	M	A0A287BNS0
P50747	805	S	G	A0A287BNS0
P50747	805	S	G	A0A287BNS0
P50747	806	V	I	A0A287BNS0
P50747	838	D	N	A0A287BNS0
P50990	409	V	I	J9NRN0
P50990	409	V	I	J9NRN0
P50993	114	G	S	S9XEY7
P50993	114	G	S	S9XEY7
P50993	114	G	S	S9XEY7
P50993	114	G	S	S9XEY7
P50993	114	G	S	S9XEY7
P50993	114	G	S	S9XEY7
P50993	114	G	S	S9XEY7
P50993	114	G	S	S9XEY7
P50993	114	G	S	S9XEY7
P50993	114	G	S	S9XEY7
P50993	472	N	S	S9XEY7
P50993	472	N	S	S9XEY7
P50993	472	N	S	S9XEY7
P50993	472	N	S	S9XEY7
P50993	501	V	M	S9XEY7
P50993	501	V	M	S9XEY7
P50993	501	V	M	S9XEY7
P50993	501	V	M	S9XEY7
P50993	524	E	Q	S9XEY7
P50993	643	A	G	S9XEY7
P50993	643	A	G	S9XEY7
P51114	562	K	R	A0A1U8DLM4
P51114	562	K	R	A0A1U8DLM4
P51178	80	R	H	A0A2U4BMN0
P51178	80	R	H	A0A2U4BMN0
P51178	231	D	N	A0A2U4BMN0
P51178	257	R	H	A0A2U4BMN0
P51178	266	A	V	A0A2U4BMN0
P51178	266	A	V	A0A2U4BMN0
P51178	293	R	C	A0A2U4BMN0
P51178	293	R	C	A0A2U4BMN0
P51178	299	G	S	A0A2U4BMN0
P51178	299	G	S	A0A2U4BMN0
P51178	460	S	L	A0A2U4BMN0
P51398	240	V	F	A0A218UNR7
P51398	240	V	F	A0A218UNR7
P51398	240	V	F	A0A218UNR7
P51398	240	V	F	A0A218UNR7
P51606	10	D	G	B1MTW2
P51606	169	Q	R	B1MTW2
P51606	169	Q	R	B1MTW2
P51606	169	Q	R	B1MTW2
P51606	210	A	V	B1MTW2
P51606	284	D	G	B1MTW2
P51606	284	D	G	B1MTW2
P51606	280	A	D	B1MTW2
P51606	284	D	G	B1MTW2
P51671	23	A	T	A0A2F0BNB6
P51671	86	K	T	A0A2F0BNB6
P51671	86	K	T	A0A2F0BNB6
P51816	60	Y	C	A0A2U9CC94
P51816	165	N	D	A0A2U9CC94
P51816	165	N	D	A0A2U9CC94
P51816	165	N	D	A0A2U9CC94
P51816	166	P	S	A0A2U9CC94
P51816	166	P	S	A0A2U9CC94
P51816	166	P	S	A0A2U9CC94
P51816	374	S	Y	A0A2U9CC94
P51816	374	S	Y	A0A2U9CC94
P51816	374	S	Y	A0A2U9CC94
P51816	547	G	D	A0A2U9CC94
P51816	547	G	D	A0A2U9CC94
P51816	566	M	T	A0A2U9CC94
P51816	566	M	T	A0A2U9CC94
P51816	612	H	D	A0A2U9CC94
P51816	612	H	D	A0A2U9CC94
P51816	612	H	D	A0A2U9CC94
P51816	620	T	A	A0A2U9CC94
P51816	620	T	A	A0A2U9CC94
P51816	689	P	S	A0A2U9CC94
P51816	886	P	A	A0A2U9CC94
P51816	886	P	A	A0A2U9CC94
P51816	886	P	A	A0A2U9CC94
P51816	886	P	A	A0A2U9CC94
P51816	886	P	A	A0A2U9CC94
P51816	927	R	H	A0A2U9CC94
P51816	927	R	H	A0A2U9CC94
P51816	927	R	H	A0A2U9CC94
P51816	927	R	H	A0A2U9CC94
P51816	1090	F	I	A0A2U9CC94
P51816	1090	F	I	A0A2U9CC94
P51816	1227	N	H	A0A2U9CC94
P51946	28	R	L	A0A2U9BTQ4
P51946	28	R	L	A0A2U9BTQ4
P51946	54	M	V	A0A2U9BTQ4
P51946	54	M	V	A0A2U9BTQ4
P51946	138	K	R	A0A2U9BTQ4
P51946	138	K	R	A0A2U9BTQ4
P51946	270	V	A	A0A2U9BTQ4
P51955	137	V	I	Q91XQ1
P51955	189	N	S	Q91XQ1
P51955	190	R	H	Q91XQ1
P51955	190	R	H	Q91XQ1
P51955	273	D	G	Q91XQ1
P51955	288	R	Q	Q91XQ1
P51955	288	R	Q	Q91XQ1
P51955	288	R	Q	Q91XQ1
P51955	354	N	S	Q91XQ1
P51957	225	P	A	W5NV64
P51957	357	T	I	W5NV64
P51957	567	F	L	W5NV64
P52569	376	C	S	A0A218VG33
P52569	505	V	M	A0A218VG33
P52569	531	A	T	A0A218VG33
P52569	376	C	S	A0A218VG33
P52569	505	V	M	A0A218VG33
P52569	531	A	T	A0A218VG33
P52735	594	M	V	H2PTV8
P52735	818	I	M	H2PTV8
P52742	22	G	D	A0A287B3J4
P52742	538	I	V	A0A287B3J4
P52742	538	I	V	A0A287B3J4
P52790	73	R	Q	A0A061IEL2
P52790	73	R	Q	A0A061IEL2
P52790	101	A	V	A0A061IEL2
P52790	101	A	V	A0A061IEL2
P52790	246	G	D	A0A061IEL2
P52790	578	Q	R	A0A061IEL2
P52790	679	E	K	A0A061IEL2
P52790	679	E	K	A0A061IEL2
P52790	733	A	G	A0A061IEL2
P52790	733	A	G	A0A061IEL2
P52790	876	R	H	A0A061IEL2
P53384	39	P	A	H0X2W8
P53667	66	K	T	F7B2P9
P53667	66	K	T	F7B2P9
P53667	190	G	A	F7B2P9
P53667	190	G	A	F7B2P9
P53667	207	G	D	F7B2P9
P53667	207	G	D	F7B2P9
P53667	259	H	Q	F7B2P9
P53667	259	H	Q	F7B2P9
P53667	422	R	Q	F7B2P9
P53667	422	R	Q	F7B2P9
P53667	580	F	Y	F7B2P9
P53667	580	F	Y	F7B2P9
P53673	21	G	S	A0A061I9L7
P53673	21	G	S	A0A061I9L7
P53673	36	V	M	A0A061I9L7
P53673	36	V	M	A0A061I9L7
P53673	36	V	M	A0A061I9L7
P53673	36	V	M	A0A061I9L7
P53673	97	A	V	A0A061I9L7
P53673	97	A	V	A0A061I9L7
P53673	103	R	C	A0A061I9L7
P53673	103	R	C	A0A061I9L7
P53673	103	R	C	A0A061I9L7
P53985	101	I	M	A0A146NHU9
P53985	101	I	M	A0A146NHU9
P53985	135	I	T	A0A146NHU9
P53985	135	I	T	A0A146NHU9
P53985	325	I	V	A0A146NHU9
P53985	325	I	V	A0A146NHU9
P53985	325	I	V	A0A146NHU9
P53985	428	V	I	A0A146NHU9
P53985	428	V	I	A0A146NHU9
P53985	428	V	I	A0A146NHU9
P53985	490	D	E	A0A146NHU9
P53985	490	D	E	A0A146NHU9
P53985	490	D	E	A0A146NHU9
P53985	490	D	E	A0A146NHU9
P53985	490	D	E	A0A146NHU9
P53985	490	D	E	A0A146NHU9
P53985	101	I	M	A0A146NHU9
P53985	101	I	M	A0A146NHU9
P53985	135	I	T	A0A146NHU9
P53985	135	I	T	A0A146NHU9
P53985	325	I	V	A0A146NHU9
P53985	325	I	V	A0A146NHU9
P53985	325	I	V	A0A146NHU9
P53985	428	V	I	A0A146NHU9
P53985	428	V	I	A0A146NHU9
P53985	428	V	I	A0A146NHU9
P53985	490	D	E	A0A146NHU9
P53985	490	D	E	A0A146NHU9
P53985	490	D	E	A0A146NHU9
P53985	490	D	E	A0A146NHU9
P53985	490	D	E	A0A146NHU9
P53985	490	D	E	A0A146NHU9
P53985	101	I	M	A0A146NHU9
P53985	101	I	M	A0A146NHU9
P53985	135	I	T	A0A146NHU9
P53985	135	I	T	A0A146NHU9
P53985	325	I	V	A0A146NHU9
P53985	325	I	V	A0A146NHU9
P53985	325	I	V	A0A146NHU9
P53985	428	V	I	A0A146NHU9
P53985	428	V	I	A0A146NHU9
P53985	428	V	I	A0A146NHU9
P53985	490	D	E	A0A146NHU9
P53985	490	D	E	A0A146NHU9
P53985	490	D	E	A0A146NHU9
P53985	490	D	E	A0A146NHU9
P53985	490	D	E	A0A146NHU9
P53985	490	D	E	A0A146NHU9
P53985	101	I	M	A0A146NHU9
P53985	101	I	M	A0A146NHU9
P53985	135	I	T	A0A146NHU9
P53985	135	I	T	A0A146NHU9
P53985	325	I	V	A0A146NHU9
P53985	325	I	V	A0A146NHU9
P53985	325	I	V	A0A146NHU9
P53985	428	V	I	A0A146NHU9
P53985	428	V	I	A0A146NHU9
P53985	428	V	I	A0A146NHU9
P53985	490	D	E	A0A146NHU9
P53985	490	D	E	A0A146NHU9
P53985	490	D	E	A0A146NHU9
P53985	490	D	E	A0A146NHU9
P53985	490	D	E	A0A146NHU9
P53985	490	D	E	A0A146NHU9
P53985	101	I	M	A0A146NHU9
P53985	101	I	M	A0A146NHU9
P53985	135	I	T	A0A146NHU9
P53985	135	I	T	A0A146NHU9
P53985	325	I	V	A0A146NHU9
P53985	325	I	V	A0A146NHU9
P53985	325	I	V	A0A146NHU9
P53985	428	V	I	A0A146NHU9
P53985	428	V	I	A0A146NHU9
P53985	428	V	I	A0A146NHU9
P53985	490	D	E	A0A146NHU9
P53985	490	D	E	A0A146NHU9
P53985	490	D	E	A0A146NHU9
P53985	490	D	E	A0A146NHU9
P53985	490	D	E	A0A146NHU9
P53985	490	D	E	A0A146NHU9
P53985	101	I	M	A0A146NHU9
P53985	101	I	M	A0A146NHU9
P53985	135	I	T	A0A146NHU9
P53985	135	I	T	A0A146NHU9
P53985	325	I	V	A0A146NHU9
P53985	325	I	V	A0A146NHU9
P53985	325	I	V	A0A146NHU9
P53985	428	V	I	A0A146NHU9
P53985	428	V	I	A0A146NHU9
P53985	428	V	I	A0A146NHU9
P53985	490	D	E	A0A146NHU9
P53985	490	D	E	A0A146NHU9
P53985	490	D	E	A0A146NHU9
P53985	490	D	E	A0A146NHU9
P53985	490	D	E	A0A146NHU9
P53985	490	D	E	A0A146NHU9
P53985	490	D	E	A0A146NHU9
P53985	490	D	E	A0A146NHU9
P53985	101	I	M	A0A146NHU9
P53985	101	I	M	A0A146NHU9
P53985	135	I	T	A0A146NHU9
P53985	135	I	T	A0A146NHU9
P53985	325	I	V	A0A146NHU9
P53985	325	I	V	A0A146NHU9
P53985	325	I	V	A0A146NHU9
P53985	428	V	I	A0A146NHU9
P53985	428	V	I	A0A146NHU9
P53985	428	V	I	A0A146NHU9
P53985	490	D	E	A0A146NHU9
P53985	490	D	E	A0A146NHU9
P53985	490	D	E	A0A146NHU9
P53985	490	D	E	A0A146NHU9
P53985	490	D	E	A0A146NHU9
P53985	490	D	E	A0A146NHU9
P53985	490	D	E	A0A146NHU9
P53985	490	D	E	A0A146NHU9
P53985	101	I	M	A0A146NHU9
P53985	101	I	M	A0A146NHU9
P53985	135	I	T	A0A146NHU9
P53985	135	I	T	A0A146NHU9
P53985	325	I	V	A0A146NHU9
P53985	325	I	V	A0A146NHU9
P53985	325	I	V	A0A146NHU9
P53985	428	V	I	A0A146NHU9
P53985	428	V	I	A0A146NHU9
P53985	428	V	I	A0A146NHU9
P53985	490	D	E	A0A146NHU9
P53985	490	D	E	A0A146NHU9
P53985	490	D	E	A0A146NHU9
P53985	490	D	E	A0A146NHU9
P53985	490	D	E	A0A146NHU9
P53985	490	D	E	A0A146NHU9
P54132	76	P	L	A0A1L8H1D5
P54132	85	R	T	A0A1L8H1D5
P54132	85	R	T	A0A1L8H1D5
P54132	85	R	T	A0A1L8H1D5
P54132	85	R	T	A0A1L8H1D5
P54132	85	R	T	A0A1L8H1D5
P54132	137	K	R	A0A1L8H1D5
P54132	137	K	R	A0A1L8H1D5
P54132	137	K	R	A0A1L8H1D5
P54132	137	K	R	A0A1L8H1D5
P54132	137	K	R	A0A1L8H1D5
P54132	140	E	G	A0A1L8H1D5
P54132	140	E	G	A0A1L8H1D5
P54132	140	E	G	A0A1L8H1D5
P54132	140	E	G	A0A1L8H1D5
P54132	140	E	G	A0A1L8H1D5
P54132	222	E	K	A0A1L8H1D5
P54132	222	E	K	A0A1L8H1D5
P54132	222	E	K	A0A1L8H1D5
P54132	298	T	M	A0A1L8H1D5
P54132	298	T	M	A0A1L8H1D5
P54132	298	T	M	A0A1L8H1D5
P54132	298	T	M	A0A1L8H1D5
P54132	298	T	M	A0A1L8H1D5
P54132	331	K	E	A0A1L8H1D5
P54132	331	K	E	A0A1L8H1D5
P54132	439	M	I	A0A1L8H1D5
P54132	868	P	L	A0A1L8H1D5
P54132	868	P	L	A0A1L8H1D5
P54132	868	P	L	A0A1L8H1D5
P54132	1043	A	D	A0A1L8H1D5
P54132	1043	A	D	A0A1L8H1D5
P54132	1198	V	M	A0A1L8H1D5
P54132	1198	V	M	A0A1L8H1D5
P54132	1198	V	M	A0A1L8H1D5
P54132	1198	V	M	A0A1L8H1D5
P54132	1205	V	I	A0A1L8H1D5
P54132	1205	V	I	A0A1L8H1D5
P54132	1205	V	I	A0A1L8H1D5
P54132	1205	V	I	A0A1L8H1D5
P54132	1293	E	G	A0A1L8H1D5
P54132	1293	E	G	A0A1L8H1D5
P54132	1293	E	G	A0A1L8H1D5
P54132	1321	V	I	A0A1L8H1D5
P54132	1321	V	I	A0A1L8H1D5
P54132	1321	V	I	A0A1L8H1D5
P54132	1352	S	F	A0A1L8H1D5
P54132	1352	S	F	A0A1L8H1D5
P54132	1394	S	R	A0A1L8H1D5
P54132	1394	S	R	A0A1L8H1D5
P54132	76	P	L	A0A1L8H1D5
P54132	85	R	T	A0A1L8H1D5
P54132	85	R	T	A0A1L8H1D5
P54132	85	R	T	A0A1L8H1D5
P54132	85	R	T	A0A1L8H1D5
P54132	85	R	T	A0A1L8H1D5
P54132	137	K	R	A0A1L8H1D5
P54132	137	K	R	A0A1L8H1D5
P54132	137	K	R	A0A1L8H1D5
P54132	137	K	R	A0A1L8H1D5
P54132	137	K	R	A0A1L8H1D5
P54132	140	E	G	A0A1L8H1D5
P54132	140	E	G	A0A1L8H1D5
P54132	140	E	G	A0A1L8H1D5
P54132	140	E	G	A0A1L8H1D5
P54132	140	E	G	A0A1L8H1D5
P54132	222	E	K	A0A1L8H1D5
P54132	222	E	K	A0A1L8H1D5
P54132	222	E	K	A0A1L8H1D5
P54132	298	T	M	A0A1L8H1D5
P54132	298	T	M	A0A1L8H1D5
P54132	298	T	M	A0A1L8H1D5
P54132	298	T	M	A0A1L8H1D5
P54132	298	T	M	A0A1L8H1D5
P54132	331	K	E	A0A1L8H1D5
P54132	331	K	E	A0A1L8H1D5
P54132	439	M	I	A0A1L8H1D5
P54132	868	P	L	A0A1L8H1D5
P54132	868	P	L	A0A1L8H1D5
P54132	868	P	L	A0A1L8H1D5
P54132	1043	A	D	A0A1L8H1D5
P54132	1043	A	D	A0A1L8H1D5
P54132	1198	V	M	A0A1L8H1D5
P54132	1198	V	M	A0A1L8H1D5
P54132	1198	V	M	A0A1L8H1D5
P54132	1198	V	M	A0A1L8H1D5
P54132	1205	V	I	A0A1L8H1D5
P54132	1205	V	I	A0A1L8H1D5
P54132	1205	V	I	A0A1L8H1D5
P54132	1205	V	I	A0A1L8H1D5
P54132	1293	E	G	A0A1L8H1D5
P54132	1293	E	G	A0A1L8H1D5
P54132	1293	E	G	A0A1L8H1D5
P54132	1321	V	I	A0A1L8H1D5
P54132	1321	V	I	A0A1L8H1D5
P54132	1321	V	I	A0A1L8H1D5
P54132	1352	S	F	A0A1L8H1D5
P54132	1352	S	F	A0A1L8H1D5
P54132	1394	S	R	A0A1L8H1D5
P54132	1394	S	R	A0A1L8H1D5
P54725	131	T	A	M4AI54
P54764	286	T	M	A0A2J8TUS4
P54764	286	T	M	A0A2J8TUS4
P54764	899	N	K	A0A2J8TUS4
P54764	899	N	K	A0A2J8TUS4
P54764	286	T	M	A0A2J8TUS4
P54764	286	T	M	A0A2J8TUS4
P54764	899	N	K	A0A2J8TUS4
P54764	899	N	K	A0A2J8TUS4
P54819	9	E	K	S7Q2Y6
P54819	9	E	K	S7Q2Y6
P54819	9	E	K	S7Q2Y6
P54819	115	M	L	S7Q2Y6
P54819	154	E	K	S7Q2Y6
P54819	154	E	K	S7Q2Y6
P54819	181	K	N	S7Q2Y6
P54819	191	H	D	S7Q2Y6
P54819	191	H	D	S7Q2Y6
P54819	204	R	Q	S7Q2Y6
P54819	209	A	T	S7Q2Y6
P54819	209	A	T	S7Q2Y6
P54819	209	A	T	S7Q2Y6
P54829	170	P	A	F7AGY7
P54886	26	V	I	A0A212CQA4
P54886	299	T	I	A0A212CQA4
P54886	299	T	I	A0A212CQA4
P54886	299	T	I	A0A212CQA4
P54886	299	T	I	A0A212CQA4
P54886	299	T	I	A0A212CQA4
P54886	299	T	I	A0A212CQA4
P54886	299	T	I	A0A212CQA4
P54886	372	S	Y	A0A212CQA4
P54886	372	S	Y	A0A212CQA4
P54886	372	S	Y	A0A212CQA4
P54886	372	S	Y	A0A212CQA4
P54886	372	S	Y	A0A212CQA4
P54886	372	S	Y	A0A212CQA4
P54886	418	L	H	A0A212CQA4
P54886	523	A	V	A0A212CQA4
P54886	523	A	V	A0A212CQA4
P54886	542	V	I	A0A212CQA4
P54886	542	V	I	A0A212CQA4
P55058	16	H	R	L5JYU4
P55058	124	S	Y	L5JYU4
P55058	124	S	Y	L5JYU4
P55058	133	R	Q	L5JYU4
P55058	282	R	Q	L5JYU4
P55058	294	K	R	L5JYU4
P55058	380	R	W	L5JYU4
P55058	16	H	R	L5JYU4
P55058	124	S	Y	L5JYU4
P55058	124	S	Y	L5JYU4
P55058	133	R	Q	L5JYU4
P55058	282	R	Q	L5JYU4
P55058	294	K	R	L5JYU4
P55058	380	R	W	L5JYU4
P55075	169	A	V	P37237
P55075	169	A	V	P37237
P55085	21	S	F	A0A2F0BLI9
P55085	30	S	N	A0A2F0BLI9
P55085	270	R	Q	A0A2F0BLI9
P55157	32	R	Q	C3Z5A2
P55157	32	R	Q	C3Z5A2
P55157	32	R	Q	C3Z5A2
P55157	42	V	I	C3Z5A2
P55157	42	V	I	C3Z5A2
P55157	42	V	I	C3Z5A2
P55157	46	R	G	C3Z5A2
P55157	46	R	G	C3Z5A2
P55157	46	R	G	C3Z5A2
P55157	46	R	G	C3Z5A2
P55157	95	Q	H	C3Z5A2
P55157	95	Q	H	C3Z5A2
P55157	95	Q	H	C3Z5A2
P55157	95	Q	H	C3Z5A2
P55157	98	E	D	C3Z5A2
P55157	98	E	D	C3Z5A2
P55157	98	E	D	C3Z5A2
P55157	98	E	D	C3Z5A2
P55157	128	I	T	C3Z5A2
P55157	128	I	T	C3Z5A2
P55157	128	I	T	C3Z5A2
P55157	128	I	T	C3Z5A2
P55157	128	I	T	C3Z5A2
P55157	128	I	T	C3Z5A2
P55157	164	T	A	C3Z5A2
P55157	164	T	A	C3Z5A2
P55157	164	T	A	C3Z5A2
P55157	166	N	S	C3Z5A2
P55157	166	N	S	C3Z5A2
P55157	166	N	S	C3Z5A2
P55157	166	N	S	C3Z5A2
P55157	168	V	I	C3Z5A2
P55157	168	V	I	C3Z5A2
P55157	168	V	I	C3Z5A2
P55157	168	V	I	C3Z5A2
P55157	184	K	N	C3Z5A2
P55157	184	K	N	C3Z5A2
P55157	184	K	N	C3Z5A2
P55157	184	K	N	C3Z5A2
P55157	244	Q	E	C3Z5A2
P55157	244	Q	E	C3Z5A2
P55157	244	Q	E	C3Z5A2
P55157	244	Q	E	C3Z5A2
P55157	297	H	Q	C3Z5A2
P55157	297	H	Q	C3Z5A2
P55157	297	H	Q	C3Z5A2
P55157	384	D	A	C3Z5A2
P55157	384	D	A	C3Z5A2
P55157	384	D	A	C3Z5A2
P55157	626	R	H	C3Z5A2
P55157	661	G	S	C3Z5A2
P55157	661	G	S	C3Z5A2
P55157	661	G	S	C3Z5A2
P55157	661	G	S	C3Z5A2
P55157	662	S	T	C3Z5A2
P55157	662	S	T	C3Z5A2
P55157	662	S	T	C3Z5A2
P55157	879	K	R	C3Z5A2
P55157	879	K	R	C3Z5A2
P55157	879	K	R	C3Z5A2
P55157	32	R	Q	C3Z5A2
P55157	32	R	Q	C3Z5A2
P55157	32	R	Q	C3Z5A2
P55157	42	V	I	C3Z5A2
P55157	42	V	I	C3Z5A2
P55157	42	V	I	C3Z5A2
P55157	46	R	G	C3Z5A2
P55157	46	R	G	C3Z5A2
P55157	46	R	G	C3Z5A2
P55157	46	R	G	C3Z5A2
P55157	95	Q	H	C3Z5A2
P55157	95	Q	H	C3Z5A2
P55157	95	Q	H	C3Z5A2
P55157	95	Q	H	C3Z5A2
P55157	98	E	D	C3Z5A2
P55157	98	E	D	C3Z5A2
P55157	98	E	D	C3Z5A2
P55157	98	E	D	C3Z5A2
P55157	128	I	T	C3Z5A2
P55157	128	I	T	C3Z5A2
P55157	128	I	T	C3Z5A2
P55157	128	I	T	C3Z5A2
P55157	128	I	T	C3Z5A2
P55157	128	I	T	C3Z5A2
P55157	164	T	A	C3Z5A2
P55157	164	T	A	C3Z5A2
P55157	164	T	A	C3Z5A2
P55157	166	N	S	C3Z5A2
P55157	166	N	S	C3Z5A2
P55157	166	N	S	C3Z5A2
P55157	166	N	S	C3Z5A2
P55157	168	V	I	C3Z5A2
P55157	168	V	I	C3Z5A2
P55157	168	V	I	C3Z5A2
P55157	168	V	I	C3Z5A2
P55157	184	K	N	C3Z5A2
P55157	184	K	N	C3Z5A2
P55157	184	K	N	C3Z5A2
P55157	184	K	N	C3Z5A2
P55157	244	Q	E	C3Z5A2
P55157	244	Q	E	C3Z5A2
P55157	244	Q	E	C3Z5A2
P55157	244	Q	E	C3Z5A2
P55157	297	H	Q	C3Z5A2
P55157	297	H	Q	C3Z5A2
P55157	297	H	Q	C3Z5A2
P55157	384	D	A	C3Z5A2
P55157	384	D	A	C3Z5A2
P55157	384	D	A	C3Z5A2
P55157	626	R	H	C3Z5A2
P55157	661	G	S	C3Z5A2
P55157	661	G	S	C3Z5A2
P55157	661	G	S	C3Z5A2
P55157	661	G	S	C3Z5A2
P55157	662	S	T	C3Z5A2
P55157	662	S	T	C3Z5A2
P55157	662	S	T	C3Z5A2
P55157	879	K	R	C3Z5A2
P55157	879	K	R	C3Z5A2
P55157	879	K	R	C3Z5A2
P55198	806	D	E	A0A093Q4Z5
P55291	36	R	Q	A0A2K5JSB5
P55291	36	R	Q	A0A2K5JSB5
P55291	37	A	S	A0A2K5JSB5
P55291	37	A	S	A0A2K5JSB5
P55291	37	A	S	A0A2K5JSB5
P55291	54	V	I	A0A2K5JSB5
P55291	54	V	I	A0A2K5JSB5
P55291	60	R	C	A0A2K5JSB5
P55291	60	R	C	A0A2K5JSB5
P55291	60	R	C	A0A2K5JSB5
P55291	122	A	V	A0A2K5JSB5
P55291	122	A	V	A0A2K5JSB5
P55291	122	A	V	A0A2K5JSB5
P55291	190	R	W	A0A2K5JSB5
P55291	190	R	W	A0A2K5JSB5
P55291	200	E	K	A0A2K5JSB5
P55291	200	E	K	A0A2K5JSB5
P55291	206	E	K	A0A2K5JSB5
P55291	206	E	K	A0A2K5JSB5
P55291	240	L	F	A0A2K5JSB5
P55291	240	L	F	A0A2K5JSB5
P55291	240	L	F	A0A2K5JSB5
P55291	246	A	V	A0A2K5JSB5
P55291	256	N	I	A0A2K5JSB5
P55291	256	N	I	A0A2K5JSB5
P55291	313	T	R	A0A2K5JSB5
P55291	404	T	I	A0A2K5JSB5
P55291	404	T	I	A0A2K5JSB5
P55291	463	R	C	A0A2K5JSB5
P55291	485	P	L	A0A2K5JSB5
P55291	485	P	L	A0A2K5JSB5
P55291	485	P	L	A0A2K5JSB5
P55291	583	G	D	A0A2K5JSB5
P55291	584	K	Q	A0A2K5JSB5
P55291	584	K	Q	A0A2K5JSB5
P55291	584	K	Q	A0A2K5JSB5
P55291	584	K	Q	A0A2K5JSB5
P55291	626	L	F	A0A2K5JSB5
P55291	626	L	F	A0A2K5JSB5
P55291	684	P	L	A0A2K5JSB5
P55291	684	P	L	A0A2K5JSB5
P55291	716	N	D	A0A2K5JSB5
P55291	716	N	D	A0A2K5JSB5
P55291	720	E	A	A0A2K5JSB5
P55291	720	E	A	A0A2K5JSB5
P55291	742	D	E	A0A2K5JSB5
P55291	742	D	E	A0A2K5JSB5
P55291	746	A	V	A0A2K5JSB5
P55291	746	A	V	A0A2K5JSB5
P55291	763	Y	C	A0A2K5JSB5
P55291	775	R	Q	A0A2K5JSB5
P55291	775	R	Q	A0A2K5JSB5
P55291	775	R	Q	A0A2K5JSB5
P55291	785	G	R	A0A2K5JSB5
P55291	785	G	R	A0A2K5JSB5
P55291	785	G	R	A0A2K5JSB5
P55291	790	A	V	A0A2K5JSB5
P55291	790	A	V	A0A2K5JSB5
P55291	790	A	V	A0A2K5JSB5
P55317	83	A	T	A0A2U9B3Q4
P55317	148	L	V	A0A2U9B3Q4
P55317	448	S	N	A0A2U9B3Q4
P55345	353	G	R	L5JWB1
P55345	353	G	R	L5JWB1
P55345	366	P	T	L5JWB1
P55345	366	P	T	L5JWB1
P55345	353	G	R	L5JWB1
P55345	353	G	R	L5JWB1
P55345	366	P	T	L5JWB1
P55345	366	P	T	L5JWB1
P55345	353	G	R	L5JWB1
P55345	353	G	R	L5JWB1
P55345	366	P	T	L5JWB1
P55345	366	P	T	L5JWB1
P55789	5	G	A	A0A250YC34
P55789	5	G	A	A0A250YC34
P55789	90	K	N	A0A250YC34
P55789	90	K	R	A0A250YC34
P55789	90	K	N	A0A250YC34
P55789	90	K	R	A0A250YC34
P55789	166	F	L	A0A250YC34
P55789	166	F	L	A0A250YC34
P55789	172	H	N	A0A250YC34
P55789	172	H	N	A0A250YC34
P55789	179	R	H	A0A250YC34
P55884	64	S	P	A0A2R9AWG7
P55884	163	V	L	A0A2R9AWG7
P55884	64	S	P	A0A2R9AWG7
P55884	163	V	L	A0A2R9AWG7
P56373	71	A	T	S7NS14
P56373	145	R	Q	S7NS14
P56373	145	R	Q	S7NS14
P56373	383	A	V	S7NS14
P56715	140	H	R	K7GA53
P56715	140	H	R	K7GA53
P56715	142	V	L	K7GA53
P56715	163	D	N	K7GA53
P56715	163	D	N	K7GA53
P56715	188	T	K	K7GA53
P56715	373	T	I	K7GA53
P56715	373	T	I	K7GA53
P56715	706	G	R	K7GA53
P56715	752	T	M	K7GA53
P56715	752	T	M	K7GA53
P56715	752	T	M	K7GA53
P56715	752	T	M	K7GA53
P56715	752	T	M	K7GA53
P56715	872	R	H	K7GA53
P56715	872	R	H	K7GA53
P56715	872	R	H	K7GA53
P56715	872	R	H	K7GA53
P56715	872	R	H	K7GA53
P56715	945	V	L	K7GA53
P56715	945	V	L	K7GA53
P56715	945	V	L	K7GA53
P56715	965	S	I	K7GA53
P56715	965	S	I	K7GA53
P56715	965	S	I	K7GA53
P56715	980	G	S	K7GA53
P56715	980	G	S	K7GA53
P56715	980	G	S	K7GA53
P56715	985	N	Y	K7GA53
P56715	985	N	Y	K7GA53
P56715	985	N	Y	K7GA53
P56715	985	N	Y	K7GA53
P56715	985	N	Y	K7GA53
P56715	985	N	Y	K7GA53
P56715	1326	A	P	K7GA53
P56715	1504	L	S	K7GA53
P56715	1504	L	S	K7GA53
P56715	1522	G	D	K7GA53
P56715	1522	G	D	K7GA53
P56715	1522	G	D	K7GA53
P56715	1589	S	F	K7GA53
P56715	1595	R	Q	K7GA53
P56715	1595	R	Q	K7GA53
P56715	1595	R	Q	K7GA53
P56715	1595	R	Q	K7GA53
P56715	1611	P	T	K7GA53
P56715	1652	R	C	K7GA53
P56715	1670	A	T	K7GA53
P56715	1670	A	T	K7GA53
P56715	1670	A	T	K7GA53
P56715	1670	A	T	K7GA53
P56715	1670	A	T	K7GA53
P56715	1670	A	T	K7GA53
P56715	1689	S	N	K7GA53
P56715	1691	S	P	K7GA53
P56715	1691	S	P	K7GA53
P56715	1691	S	P	K7GA53
P56715	1691	S	P	K7GA53
P56715	1691	S	P	K7GA53
P56715	1779	N	Y	K7GA53
P56715	1779	N	Y	K7GA53
P56715	1793	P	S	K7GA53
P56715	1793	P	S	K7GA53
P56715	1793	P	S	K7GA53
P56715	1793	P	S	K7GA53
P56715	1875	G	A	K7GA53
P56715	1875	G	A	K7GA53
P56715	1875	G	A	K7GA53
P56715	1875	G	A	K7GA53
P56715	1901	L	F	K7GA53
P56715	1901	L	F	K7GA53
P56715	1901	L	F	K7GA53
P56715	1901	L	F	K7GA53
P56715	1901	L	F	K7GA53
P56715	2022	K	Q	K7GA53
P56715	2022	K	Q	K7GA53
P56715	2033	C	Y	K7GA53
P56715	2033	C	Y	K7GA53
P56715	2033	C	Y	K7GA53
P56750	82	A	T	L9KDM8
P56915	72	A	T	H2SVV3
P56915	72	A	T	H2SVV3
P57087	7	H	Q	A0A2K6KVC9
P57087	286	S	R	A0A2K6KVC9
P57678	47	V	M	F6ZFB1
P57678	47	V	M	F6ZFB1
P57678	153	S	T	F6ZFB1
P57678	153	S	T	F6ZFB1
P57678	182	F	L	F6ZFB1
P57678	182	F	L	F6ZFB1
P57678	209	A	E	F6ZFB1
P57678	209	A	E	F6ZFB1
P57678	258	Q	R	F6ZFB1
P57678	315	V	M	F6ZFB1
P57678	315	V	M	F6ZFB1
P57678	376	V	A	F6ZFB1
P57678	376	V	A	F6ZFB1
P57678	390	T	M	F6ZFB1
P57678	450	Q	E	F6ZFB1
P57678	502	I	V	F6ZFB1
P57678	502	I	V	F6ZFB1
P57678	529	T	S	F6ZFB1
P57678	529	T	S	F6ZFB1
P57678	556	H	R	F6ZFB1
P57678	556	H	R	F6ZFB1
P57678	571	N	S	F6ZFB1
P57678	571	N	S	F6ZFB1
P57678	579	A	G	F6ZFB1
P57678	593	E	V	F6ZFB1
P57678	684	R	Q	F6ZFB1
P57678	707	R	C	F6ZFB1
P57678	707	R	C	F6ZFB1
P57678	739	I	T	F6ZFB1
P57678	749	P	L	F6ZFB1
P57678	782	F	L	F6ZFB1
P57678	782	F	L	F6ZFB1
P57678	873	H	Q	F6ZFB1
P57678	913	V	I	F6ZFB1
P57678	913	V	I	F6ZFB1
P57678	929	D	N	F6ZFB1
P57678	992	M	V	F6ZFB1
P57678	992	M	V	F6ZFB1
P57678	1002	Y	H	F6ZFB1
P57678	1002	Y	H	F6ZFB1
P57678	1033	R	C	F6ZFB1
P59103	136	Q	E	A2T115
P59103	136	Q	E	A2T115
P59103	136	Q	E	A2T115
P59103	136	Q	E	A2T115
P59942	42	E	K	L8I112
P59942	44	T	A	L8I112
P59942	45	S	N	L8I112
P59942	53	T	M	L8I112
P59942	42	E	K	L8I112
P59942	42	E	K	L8I112
P59942	45	S	N	L8I112
P59942	45	S	N	L8I112
P59942	53	T	M	L8I112
P59942	53	T	M	L8I112
P59942	42	E	K	L8I112
P59942	42	E	K	L8I112
P59942	45	S	N	L8I112
P59942	45	S	N	L8I112
P59942	53	T	M	L8I112
P59942	53	T	M	L8I112
P59942	42	E	K	L8I112
P59942	42	E	K	L8I112
P59942	45	S	N	L8I112
P59942	45	S	N	L8I112
P59942	53	T	M	L8I112
P59942	53	T	M	L8I112
P59942	42	E	K	L8I112
P59942	42	E	K	L8I112
P59942	45	S	N	L8I112
P59942	45	S	N	L8I112
P59942	53	T	M	L8I112
P59942	53	T	M	L8I112
P59942	42	E	K	L8I112
P59942	42	E	K	L8I112
P59942	45	S	N	L8I112
P59942	45	S	N	L8I112
P59942	53	T	M	L8I112
P59942	53	T	M	L8I112
P59942	42	E	K	L8I112
P59942	42	E	K	L8I112
P59942	45	S	N	L8I112
P59942	45	S	N	L8I112
P59942	53	T	M	L8I112
P59942	53	T	M	L8I112
P59942	42	E	K	L8I112
P59942	42	E	K	L8I112
P59942	45	S	N	L8I112
P59942	45	S	N	L8I112
P59942	53	T	M	L8I112
P59942	53	T	M	L8I112
P60153	14	H	P	A0A091E3H2
P60153	28	L	P	A0A091E3H2
P60153	55	K	Q	A0A091E3H2
P60153	102	R	C	A0A091E3H2
P60153	128	C	R	A0A091E3H2
P60153	153	F	S	A0A091E3H2
P60153	209	S	P	A0A091E3H2
P60153	14	H	P	A0A091E3H2
P60153	28	L	P	A0A091E3H2
P60153	55	K	Q	A0A091E3H2
P60153	102	R	C	A0A091E3H2
P60153	128	C	R	A0A091E3H2
P60153	153	F	S	A0A091E3H2
P60153	209	S	P	A0A091E3H2
P60153	14	H	P	A0A091E3H2
P60153	28	L	P	A0A091E3H2
P60153	55	K	Q	A0A091E3H2
P60153	102	R	C	A0A091E3H2
P60153	128	C	R	A0A091E3H2
P60153	153	F	S	A0A091E3H2
P60153	209	S	P	A0A091E3H2
P60153	14	H	P	A0A091E3H2
P60153	28	L	P	A0A091E3H2
P60153	55	K	Q	A0A091E3H2
P60153	102	R	C	A0A091E3H2
P60153	128	C	R	A0A091E3H2
P60153	153	F	S	A0A091E3H2
P60153	209	S	P	A0A091E3H2
P60153	14	H	P	A0A091E3H2
P60153	28	L	P	A0A091E3H2
P60153	55	K	Q	A0A091E3H2
P60153	102	R	C	A0A091E3H2
P60153	128	C	R	A0A091E3H2
P60153	153	F	S	A0A091E3H2
P60153	209	S	P	A0A091E3H2
P60153	14	H	P	A0A091E3H2
P60153	28	L	P	A0A091E3H2
P60153	55	K	Q	A0A091E3H2
P60153	102	R	C	A0A091E3H2
P60153	128	C	R	A0A091E3H2
P60153	153	F	S	A0A091E3H2
P60153	209	S	P	A0A091E3H2
P60880	9	N	S	C3XS03
P60880	30	R	H	C3XS03
P60880	132	G	S	C3XS03
P60880	9	N	S	C3XS03
P60880	30	R	H	C3XS03
P60880	132	G	S	C3XS03
P60880	9	N	S	C3XS03
P60880	30	R	H	C3XS03
P60880	132	G	S	C3XS03
P60880	9	N	S	C3XS03
P60880	30	R	H	C3XS03
P60880	132	G	S	C3XS03
P60880	9	N	S	C3XS03
P60880	30	R	H	C3XS03
P60880	132	G	S	C3XS03
P60880	9	N	S	C3XS03
P60880	30	R	H	C3XS03
P60880	132	G	S	C3XS03
P60880	9	N	S	C3XS03
P60880	30	R	H	C3XS03
P60880	132	G	S	C3XS03
P60880	9	N	S	C3XS03
P60880	30	R	H	C3XS03
P60880	132	G	S	C3XS03
P60880	9	N	S	C3XS03
P60880	30	R	H	C3XS03
P60880	132	G	S	C3XS03
P60880	9	N	S	C3XS03
P60880	30	R	H	C3XS03
P60880	132	G	S	C3XS03
P60880	9	N	S	C3XS03
P60880	30	R	H	C3XS03
P60880	132	G	S	C3XS03
P61812	4	C	Y	A0A2D4LEH7
P61812	73	S	G	A0A2D4LEH7
P61812	95	D	E	A0A2D4LEH7
P61812	207	V	L	A0A2D4LEH7
P61812	207	V	L	A0A2D4LEH7
P61812	207	V	L	A0A2D4LEH7
P61812	207	V	L	A0A2D4LEH7
P61812	207	V	L	A0A2D4LEH7
P61812	207	V	L	A0A2D4LEH7
P61812	207	V	L	A0A2D4LEH7
P61978	264	M	I	H3BZN4
P61978	264	M	I	H3BZN4
P61978	264	M	I	H3BZN4
P61978	264	M	I	H3BZN4
P62491	163	A	G	A0A2I0TWU3
P62502	58	G	E	A0A2K5P2B2
P62502	58	G	E	A0A2K5P2B2
P62820	189	N	S	M0TF97
P62820	189	N	S	M0TF97
P62820	189	N	S	M0TF97
P62820	189	N	S	M0TF97
P62847	124	N	S	A0A2K5DPA6
P62847	124	N	S	A0A2K5DPA6
P62847	124	N	S	A0A2K5DPA6
P62847	124	N	S	A0A2K5DPA6
P62847	131	P	L	A0A2K5DPA6
P62847	131	P	L	A0A2K5DPA6
P67775	21	K	R	A0A1V4L042
P78371	156	R	H	A0A068V4H8
P78410	167	R	T	F7HH27
P78410	181	N	D	F7HH27
P78410	182	A	T	F7HH27
P78410	211	R	K	F7HH27
P78410	307	S	N	F7HH27
P78410	167	R	T	F7HH27
P78410	181	N	D	F7HH27
P78410	182	A	T	F7HH27
P78410	211	R	K	F7HH27
P78410	307	S	N	F7HH27
P78410	167	R	T	F7HH27
P78410	181	N	D	F7HH27
P78410	182	A	T	F7HH27
P78410	211	R	K	F7HH27
P78410	307	S	N	F7HH27
P78410	167	R	T	F7HH27
P78410	181	N	D	F7HH27
P78410	182	A	T	F7HH27
P78410	211	R	K	F7HH27
P78410	307	S	N	F7HH27
P78423	62	A	V	G1ST53
P78423	62	A	V	G1ST53
P78423	241	P	L	G1ST53
P78423	241	P	L	G1ST53
P78545	162	G	D	A0A226NIB5
P78545	162	G	D	A0A226NIB5
P78545	162	G	D	A0A226NIB5
P78562	28	G	S	L9L2H3
P78562	98	M	K	L9L2H3
P78562	127	R	Q	L9L2H3
P78562	127	R	Q	L9L2H3
P78562	127	R	W	L9L2H3
P78562	147	A	V	L9L2H3
P78562	147	A	V	L9L2H3
P78562	147	A	V	L9L2H3
P78562	161	R	Q	L9L2H3
P78562	169	V	M	L9L2H3
P78562	169	V	M	L9L2H3
P78562	169	V	M	L9L2H3
P78562	200	N	D	L9L2H3
P78562	200	N	D	L9L2H3
P78562	211	D	N	L9L2H3
P78562	211	D	N	L9L2H3
P78562	211	D	N	L9L2H3
P78562	218	H	R	L9L2H3
P78562	218	H	R	L9L2H3
P78562	308	M	V	L9L2H3
P78562	308	M	V	L9L2H3
P78562	342	R	C	L9L2H3
P78562	342	R	C	L9L2H3
P78562	381	R	C	L9L2H3
P78562	453	E	D	L9L2H3
P78562	453	E	D	L9L2H3
P78562	453	E	D	L9L2H3
P78562	490	E	D	L9L2H3
P78562	690	H	N	L9L2H3
P78562	690	H	N	L9L2H3
Q30154	40	D	H	H2PL14
Q30154	40	D	H	H2PL14
Q30154	40	D	H	H2PL14
Q30154	40	D	H	H2PL14
P80075	14	A	V	A0A2F0BNB6
P80075	14	A	V	A0A2F0BNB6
P80075	49	E	V	A0A2F0BNB6
P80075	69	K	Q	A0A2F0BNB6
P80192	646	Y	C	I3MM95
P80192	877	H	Y	I3MM95
P80365	273	V	M	W5NYD1
P80365	374	R	Q	W5NYD1
P80365	374	R	Q	W5NYD1
P80370	73	Q	L	A0A2I0MPR7
P80370	73	Q	L	A0A2I0MPR7
P80370	101	R	G	A0A2I0MPR7
P80370	104	V	M	A0A2I0MPR7
P80370	104	V	M	A0A2I0MPR7
P80370	145	V	L	A0A2I0MPR7
P80370	145	V	L	A0A2I0MPR7
P80370	260	S	N	A0A2I0MPR7
P80370	380	D	H	A0A2I0MPR7
P80370	380	D	H	A0A2I0MPR7
P81133	352	P	T	A0A1W4ZEI4
P81133	352	P	T	A0A1W4ZEI4
P81133	361	T	I	A0A1W4ZEI4
P81133	361	T	I	A0A1W4ZEI4
P81133	361	T	I	A0A1W4ZEI4
P81133	361	T	I	A0A1W4ZEI4
P81133	371	A	V	A0A1W4ZEI4
P81133	371	A	V	A0A1W4ZEI4
P81133	371	A	V	A0A1W4ZEI4
P81133	471	R	P	A0A1W4ZEI4
P81133	598	A	G	A0A1W4ZEI4
P81133	598	A	G	A0A1W4ZEI4
P81133	622	S	P	A0A1W4ZEI4
P81133	622	S	P	A0A1W4ZEI4
P81133	622	S	P	A0A1W4ZEI4
P81133	665	R	H	A0A1W4ZEI4
P81133	665	R	H	A0A1W4ZEI4
P81133	665	R	H	A0A1W4ZEI4
P81133	665	R	H	A0A1W4ZEI4
P81133	352	P	T	A0A1W4ZEI4
P81133	352	P	T	A0A1W4ZEI4
P81133	361	T	I	A0A1W4ZEI4
P81133	361	T	I	A0A1W4ZEI4
P81133	361	T	I	A0A1W4ZEI4
P81133	361	T	I	A0A1W4ZEI4
P81133	371	A	V	A0A1W4ZEI4
P81133	371	A	V	A0A1W4ZEI4
P81133	371	A	V	A0A1W4ZEI4
P81133	471	R	P	A0A1W4ZEI4
P81133	598	A	G	A0A1W4ZEI4
P81133	598	A	G	A0A1W4ZEI4
P81133	622	S	P	A0A1W4ZEI4
P81133	622	S	P	A0A1W4ZEI4
P81133	622	S	P	A0A1W4ZEI4
P81133	665	R	H	A0A1W4ZEI4
P81133	665	R	H	A0A1W4ZEI4
P81133	665	R	H	A0A1W4ZEI4
P81133	665	R	H	A0A1W4ZEI4
P82650	9	L	F	I3MMH8
P82650	9	L	F	I3MMH8
P82650	95	I	L	I3MMH8
P82650	95	I	L	I3MMH8
P82650	95	I	L	I3MMH8
P82650	95	I	L	I3MMH8
P82650	247	H	Q	I3MMH8
P82650	247	H	Q	I3MMH8
P82650	247	H	Q	I3MMH8
P82650	9	L	F	I3MMH8
P82650	9	L	F	I3MMH8
P82650	95	I	L	I3MMH8
P82650	95	I	L	I3MMH8
P82650	95	I	L	I3MMH8
P82650	95	I	L	I3MMH8
P82650	247	H	Q	I3MMH8
P82650	247	H	Q	I3MMH8
P82650	247	H	Q	I3MMH8
P82650	9	L	F	I3MMH8
P82650	9	L	F	I3MMH8
P82650	95	I	L	I3MMH8
P82650	95	I	L	I3MMH8
P82650	95	I	L	I3MMH8
P82650	95	I	L	I3MMH8
P82650	247	H	Q	I3MMH8
P82650	247	H	Q	I3MMH8
P82650	247	H	Q	I3MMH8
P82673	6	L	I	A0A2K6K813
P82673	6	L	I	A0A2K6K813
P82673	28	S	L	A0A2K6K813
P82673	28	S	L	A0A2K6K813
P82673	43	G	R	A0A2K6K813
P82912	10	R	W	H0WQK4
P82912	51	Q	H	H0WQK4
P82932	76	E	V	H3AUI1
P82970	8	G	V	U3KNB3
P82970	8	G	V	U3KNB3
P82970	27	L	F	U3KNB3
P82970	27	L	F	U3KNB3
P82970	165	E	D	U3KNB3
P82970	165	E	D	U3KNB3
P84074	190	A	T	G1T5W9
P84074	190	A	T	G1T5W9
P84074	190	A	T	G1T5W9
Q00444	11	K	N	B3DIP7
Q00444	11	K	N	B3DIP7
Q00587	76	R	H	A0A2K5PK16
Q00587	97	R	Q	A0A2K5PK16
Q01459	10	R	L	L9KSB6
Q01459	274	V	I	L9KSB6
Q01459	349	R	W	L9KSB6
Q01459	349	R	W	L9KSB6
Q01546	106	F	L	A0A287AZL3
Q01546	160	V	I	A0A287AZL3
Q01546	283	A	T	A0A287AZL3
Q01546	356	E	K	A0A287AZL3
Q01546	359	A	T	A0A287AZL3
Q01546	576	Y	C	A0A287AZL3
Q01546	629	T	M	A0A287AZL3
Q01664	218	Q	H	A0A2I0LI05
Q01664	220	R	Q	A0A2I0LI05
Q01664	220	R	Q	A0A2I0LI05
Q01664	230	T	P	A0A2I0LI05
Q01664	231	H	P	A0A2I0LI05
Q01831	16	L	V	A0A287ABD7
Q01831	16	L	V	A0A287ABD7
Q01831	16	L	V	A0A287ABD7
Q01831	16	L	V	A0A287ABD7
Q01831	35	D	E	A0A287ABD7
Q01831	35	D	E	A0A287ABD7
Q01831	35	D	E	A0A287ABD7
Q01831	48	L	F	A0A287ABD7
Q01831	48	L	F	A0A287ABD7
Q01831	48	L	F	A0A287ABD7
Q01831	48	L	F	A0A287ABD7
Q01831	287	F	C	A0A287ABD7
Q01831	287	F	C	A0A287ABD7
Q01831	287	F	C	A0A287ABD7
Q01831	287	F	C	A0A287ABD7
Q01831	334	P	S	A0A287ABD7
Q01831	334	P	S	A0A287ABD7
Q01831	334	P	S	A0A287ABD7
Q01831	334	P	S	A0A287ABD7
Q01831	334	P	S	A0A287ABD7
Q01831	481	K	N	A0A287ABD7
Q01831	481	K	N	A0A287ABD7
Q01831	481	K	N	A0A287ABD7
Q01831	481	K	N	A0A287ABD7
Q01831	492	R	H	A0A287ABD7
Q01831	492	R	H	A0A287ABD7
Q01831	492	R	H	A0A287ABD7
Q01831	492	R	H	A0A287ABD7
Q01831	499	A	V	A0A287ABD7
Q01831	499	A	V	A0A287ABD7
Q01831	499	A	V	A0A287ABD7
Q01831	499	A	V	A0A287ABD7
Q01831	513	M	I	A0A287ABD7
Q01831	513	M	I	A0A287ABD7
Q01831	513	M	I	A0A287ABD7
Q01831	513	M	I	A0A287ABD7
Q01831	513	M	I	A0A287ABD7
Q01831	614	F	S	A0A287ABD7
Q01831	614	F	S	A0A287ABD7
Q01831	614	F	S	A0A287ABD7
Q01831	614	F	S	A0A287ABD7
Q01831	633	P	S	A0A287ABD7
Q01831	689	T	M	A0A287ABD7
Q01831	689	T	M	A0A287ABD7
Q01831	689	T	M	A0A287ABD7
Q01831	689	T	M	A0A287ABD7
Q01831	689	T	M	A0A287ABD7
Q01831	928	K	Q	A0A287ABD7
Q01831	928	K	Q	A0A287ABD7
Q01831	928	K	Q	A0A287ABD7
Q01831	939	Q	K	A0A287ABD7
Q01831	939	Q	K	A0A287ABD7
Q01831	939	Q	K	A0A287ABD7
Q01831	939	Q	K	A0A287ABD7
Q01831	939	Q	K	A0A287ABD7
Q01831	939	Q	K	A0A287ABD7
Q02086	380	S	P	Q4SVK0
Q02127	7	K	Q	A0A2Y9F1S1
Q02127	7	K	Q	A0A2Y9F1S1
Q02127	7	K	Q	A0A2Y9F1S1
Q02127	7	K	Q	A0A2Y9F1S1
Q02127	153	L	I	A0A2Y9F1S1
Q02127	153	L	I	A0A2Y9F1S1
Q02127	153	L	I	A0A2Y9F1S1
Q02127	341	A	V	A0A2Y9F1S1
Q02127	341	A	V	A0A2Y9F1S1
Q02127	341	A	V	A0A2Y9F1S1
Q02127	341	A	V	A0A2Y9F1S1
Q02161	218	M	I	A0A2J8SIU8
Q02161	225	S	F	A0A2J8SIU8
Q02161	379	M	T	A0A2J8SIU8
Q02383	43	Q	K	A4K2Q1
Q02383	57	T	A	A4K2Q1
Q02383	274	S	N	A4K2Q1
Q02383	279	H	Y	A4K2Q1
Q02383	368	G	R	A4K2Q1
Q02742	152	I	V	K7EYA9
Q02742	158	S	C	K7EYA9
Q02742	152	I	V	K7EYA9
Q02742	158	S	C	K7EYA9
Q02742	152	I	V	K7EYA9
Q02742	158	S	C	K7EYA9
Q02779	779	S	P	I3MM95
Q02880	11	A	T	A0A146V9E8
Q02880	19	A	P	A0A146V9E8
Q02880	27	D	V	A0A146V9E8
Q02880	210	S	N	A0A146V9E8
Q02880	285	V	L	A0A146V9E8
Q02880	429	V	I	A0A146V9E8
Q02880	606	Q	R	A0A146V9E8
Q02880	751	L	I	A0A146V9E8
Q02880	751	L	I	A0A146V9E8
Q02880	1217	K	R	A0A146V9E8
Q02880	1319	T	A	A0A146V9E8
Q02880	1421	Y	C	A0A146V9E8
Q02880	1491	T	M	A0A146V9E8
Q02880	1505	P	T	A0A146V9E8
Q02880	1568	T	A	A0A146V9E8
Q02880	1568	T	A	A0A146V9E8
Q02880	1572	P	L	A0A146V9E8
Q02880	1617	E	D	A0A146V9E8
Q02985	18	G	A	Q02985
Q02985	18	G	A	Q02985
Q02985	18	G	A	Q02985
Q02985	18	G	A	Q02985
Q02985	34	F	C	Q02985
Q02985	34	F	C	Q02985
Q02985	34	F	C	Q02985
Q02985	34	F	C	Q02985
Q02985	100	Y	C	Q02985
Q02985	100	Y	C	Q02985
Q02985	142	R	C	Q02985
Q02985	142	R	C	Q02985
Q02985	142	R	C	Q02985
Q02985	240	Q	H	Q02985
Q02985	240	Q	H	Q02985
Q02985	240	Q	H	Q02985
Q02985	241	P	S	Q02985
Q02985	241	P	S	Q02985
Q02985	241	P	S	Q02985
Q02985	268	C	F	Q02985
Q02985	268	C	F	Q02985
Q02985	269	I	V	Q02985
Q02985	269	I	V	Q02985
Q02985	269	I	V	Q02985
Q02985	312	I	F	Q02985
Q02985	312	I	F	Q02985
Q02985	312	I	F	Q02985
Q03014	234	S	C	A0A1S3GM45
Q03014	234	S	C	A0A1S3GM45
Q03519	2	R	W	A0A061IH93
Q03519	2	R	W	A0A061IH93
Q03519	15	V	A	A0A061IH93
Q03519	15	V	A	A0A061IH93
Q03519	15	V	A	A0A061IH93
Q03519	47	G	R	A0A061IH93
Q03519	47	G	R	A0A061IH93
Q03519	125	Q	H	A0A061IH93
Q03519	257	T	I	A0A061IH93
Q03519	257	T	I	A0A061IH93
Q03519	313	R	H	A0A061IH93
Q03519	324	A	T	A0A061IH93
Q03519	324	A	T	A0A061IH93
Q03519	328	A	G	A0A061IH93
Q03519	328	A	G	A0A061IH93
Q03519	328	A	G	A0A061IH93
Q03519	374	A	T	A0A061IH93
Q03519	374	A	T	A0A061IH93
Q03519	379	V	I	A0A061IH93
Q03519	379	V	I	A0A061IH93
Q03519	379	V	I	A0A061IH93
Q03519	379	V	I	A0A061IH93
Q03519	379	V	I	A0A061IH93
Q03519	466-467	GV	GI	A0A061IH93
Q03519	467	V	I	A0A061IH93
Q03519	467	V	I	A0A061IH93
Q03519	466-467	GV	GI	A0A061IH93
Q03519	565	A	T	A0A061IH93
Q03519	577	M	V	A0A061IH93
Q03519	609	A	V	A0A061IH93
Q03519	609	A	V	A0A061IH93
Q03519	651	R	C	A0A061IH93
Q03519	665	T	A	A0A061IH93
Q03519	665	T	A	A0A061IH93
Q03519	665	T	A	A0A061IH93
Q03519	2	R	W	A0A061IH93
Q03519	15	V	A	A0A061IH93
Q03519	15	V	A	A0A061IH93
Q03519	47	G	R	A0A061IH93
Q03519	257	T	I	A0A061IH93
Q03519	324	A	T	A0A061IH93
Q03519	328	A	G	A0A061IH93
Q03519	328	A	G	A0A061IH93
Q03519	374	A	T	A0A061IH93
Q03519	374	A	T	A0A061IH93
Q03519	374	A	T	A0A061IH93
Q03519	379	V	I	A0A061IH93
Q03519	379	V	I	A0A061IH93
Q03519	379	V	I	A0A061IH93
Q03519	379	V	I	A0A061IH93
Q03519	379	V	I	A0A061IH93
Q03519	379	V	I	A0A061IH93
Q03519	466-467	GV	GI	A0A061IH93
Q03519	467	V	I	A0A061IH93
Q03519	467	V	I	A0A061IH93
Q03519	467	V	I	A0A061IH93
Q03519	565	A	T	A0A061IH93
Q03519	565	A	T	A0A061IH93
Q03519	577	M	V	A0A061IH93
Q03519	577	M	V	A0A061IH93
Q03519	609	A	V	A0A061IH93
Q03519	651	R	C	A0A061IH93
Q03519	651	R	C	A0A061IH93
Q03519	665	T	A	A0A061IH93
Q03519	665	T	A	A0A061IH93
Q03519	665	T	A	A0A061IH93
Q03519	665	T	A	A0A061IH93
Q03519	2	R	W	A0A061IH93
Q03519	15	V	A	A0A061IH93
Q03519	15	V	A	A0A061IH93
Q03519	47	G	R	A0A061IH93
Q03519	257	T	I	A0A061IH93
Q03519	324	A	T	A0A061IH93
Q03519	328	A	G	A0A061IH93
Q03519	328	A	G	A0A061IH93
Q03519	374	A	T	A0A061IH93
Q03519	374	A	T	A0A061IH93
Q03519	374	A	T	A0A061IH93
Q03519	379	V	I	A0A061IH93
Q03519	379	V	I	A0A061IH93
Q03519	379	V	I	A0A061IH93
Q03519	379	V	I	A0A061IH93
Q03519	379	V	I	A0A061IH93
Q03519	379	V	I	A0A061IH93
Q03519	466-467	GV	GI	A0A061IH93
Q03519	467	V	I	A0A061IH93
Q03519	467	V	I	A0A061IH93
Q03519	467	V	I	A0A061IH93
Q03519	565	A	T	A0A061IH93
Q03519	565	A	T	A0A061IH93
Q03519	577	M	V	A0A061IH93
Q03519	577	M	V	A0A061IH93
Q03519	609	A	V	A0A061IH93
Q03519	651	R	C	A0A061IH93
Q03519	651	R	C	A0A061IH93
Q03519	665	T	A	A0A061IH93
Q03519	665	T	A	A0A061IH93
Q03519	665	T	A	A0A061IH93
Q03519	665	T	A	A0A061IH93
Q03519	2	R	W	A0A061IH93
Q03519	15	V	A	A0A061IH93
Q03519	15	V	A	A0A061IH93
Q03519	47	G	R	A0A061IH93
Q03519	257	T	I	A0A061IH93
Q03519	324	A	T	A0A061IH93
Q03519	328	A	G	A0A061IH93
Q03519	328	A	G	A0A061IH93
Q03519	374	A	T	A0A061IH93
Q03519	374	A	T	A0A061IH93
Q03519	374	A	T	A0A061IH93
Q03519	379	V	I	A0A061IH93
Q03519	379	V	I	A0A061IH93
Q03519	379	V	I	A0A061IH93
Q03519	379	V	I	A0A061IH93
Q03519	379	V	I	A0A061IH93
Q03519	379	V	I	A0A061IH93
Q03519	467	V	I	A0A061IH93
Q03519	467	V	I	A0A061IH93
Q03519	466-467	GV	GI	A0A061IH93
Q03519	467	V	I	A0A061IH93
Q03519	565	A	T	A0A061IH93
Q03519	565	A	T	A0A061IH93
Q03519	577	M	V	A0A061IH93
Q03519	577	M	V	A0A061IH93
Q03519	609	A	V	A0A061IH93
Q03519	651	R	C	A0A061IH93
Q03519	651	R	C	A0A061IH93
Q03519	665	T	A	A0A061IH93
Q03519	665	T	A	A0A061IH93
Q03519	665	T	A	A0A061IH93
Q03519	665	T	A	A0A061IH93
Q03519	2	R	W	A0A061IH93
Q03519	15	V	A	A0A061IH93
Q03519	15	V	A	A0A061IH93
Q03519	47	G	R	A0A061IH93
Q03519	257	T	I	A0A061IH93
Q03519	324	A	T	A0A061IH93
Q03519	328	A	G	A0A061IH93
Q03519	328	A	G	A0A061IH93
Q03519	374	A	T	A0A061IH93
Q03519	374	A	T	A0A061IH93
Q03519	374	A	T	A0A061IH93
Q03519	379	V	I	A0A061IH93
Q03519	379	V	I	A0A061IH93
Q03519	379	V	I	A0A061IH93
Q03519	379	V	I	A0A061IH93
Q03519	379	V	I	A0A061IH93
Q03519	379	V	I	A0A061IH93
Q03519	467	V	I	A0A061IH93
Q03519	466-467	GV	GI	A0A061IH93
Q03519	467	V	I	A0A061IH93
Q03519	467	V	I	A0A061IH93
Q03519	565	A	T	A0A061IH93
Q03519	565	A	T	A0A061IH93
Q03519	577	M	V	A0A061IH93
Q03519	577	M	V	A0A061IH93
Q03519	609	A	V	A0A061IH93
Q03519	651	R	C	A0A061IH93
Q03519	651	R	C	A0A061IH93
Q03519	665	T	A	A0A061IH93
Q03519	665	T	A	A0A061IH93
Q03519	665	T	A	A0A061IH93
Q03519	665	T	A	A0A061IH93
Q03519	2	R	W	A0A061IH93
Q03519	2	R	W	A0A061IH93
Q03519	15	V	A	A0A061IH93
Q03519	15	V	A	A0A061IH93
Q03519	15	V	A	A0A061IH93
Q03519	47	G	R	A0A061IH93
Q03519	47	G	R	A0A061IH93
Q03519	125	Q	H	A0A061IH93
Q03519	257	T	I	A0A061IH93
Q03519	257	T	I	A0A061IH93
Q03519	313	R	H	A0A061IH93
Q03519	324	A	T	A0A061IH93
Q03519	324	A	T	A0A061IH93
Q03519	328	A	G	A0A061IH93
Q03519	328	A	G	A0A061IH93
Q03519	328	A	G	A0A061IH93
Q03519	374	A	T	A0A061IH93
Q03519	374	A	T	A0A061IH93
Q03519	379	V	I	A0A061IH93
Q03519	379	V	I	A0A061IH93
Q03519	379	V	I	A0A061IH93
Q03519	379	V	I	A0A061IH93
Q03519	379	V	I	A0A061IH93
Q03519	467	V	I	A0A061IH93
Q03519	466-467	GV	GI	A0A061IH93
Q03519	467	V	I	A0A061IH93
Q03519	466-467	GV	GI	A0A061IH93
Q03519	565	A	T	A0A061IH93
Q03519	577	M	V	A0A061IH93
Q03519	609	A	V	A0A061IH93
Q03519	609	A	V	A0A061IH93
Q03519	651	R	C	A0A061IH93
Q03519	665	T	A	A0A061IH93
Q03519	665	T	A	A0A061IH93
Q03519	665	T	A	A0A061IH93
Q03519	2	R	W	A0A061IH93
Q03519	2	R	W	A0A061IH93
Q03519	15	V	A	A0A061IH93
Q03519	15	V	A	A0A061IH93
Q03519	15	V	A	A0A061IH93
Q03519	47	G	R	A0A061IH93
Q03519	47	G	R	A0A061IH93
Q03519	125	Q	H	A0A061IH93
Q03519	257	T	I	A0A061IH93
Q03519	257	T	I	A0A061IH93
Q03519	313	R	H	A0A061IH93
Q03519	324	A	T	A0A061IH93
Q03519	324	A	T	A0A061IH93
Q03519	328	A	G	A0A061IH93
Q03519	328	A	G	A0A061IH93
Q03519	328	A	G	A0A061IH93
Q03519	374	A	T	A0A061IH93
Q03519	374	A	T	A0A061IH93
Q03519	379	V	I	A0A061IH93
Q03519	379	V	I	A0A061IH93
Q03519	379	V	I	A0A061IH93
Q03519	379	V	I	A0A061IH93
Q03519	379	V	I	A0A061IH93
Q03519	467	V	I	A0A061IH93
Q03519	467	V	I	A0A061IH93
Q03519	466-467	GV	GI	A0A061IH93
Q03519	466-467	GV	GI	A0A061IH93
Q03519	565	A	T	A0A061IH93
Q03519	577	M	V	A0A061IH93
Q03519	609	A	V	A0A061IH93
Q03519	609	A	V	A0A061IH93
Q03519	651	R	C	A0A061IH93
Q03519	665	T	A	A0A061IH93
Q03519	665	T	A	A0A061IH93
Q03519	665	T	A	A0A061IH93
Q03923	46	T	I	A0A2K6KB75
Q03923	46	T	A	A0A2K6KB75
Q03923	84	Q	R	A0A2K6KB75
Q03923	115	R	I	A0A2K6KB75
Q03923	177	T	R	A0A2K6KB75
Q03923	184	G	R	A0A2K6KB75
Q03923	251	I	T	A0A2K6KB75
Q03923	270	F	S	A0A2K6KB75
Q03923	84	Q	R	A0A2K6KB75
Q03923	84	Q	R	A0A2K6KB75
Q03923	115	R	I	A0A2K6KB75
Q03923	115	R	I	A0A2K6KB75
Q03923	177	T	R	A0A2K6KB75
Q03923	177	T	R	A0A2K6KB75
Q03923	184	G	R	A0A2K6KB75
Q03923	184	G	R	A0A2K6KB75
Q03923	270	F	S	A0A2K6KB75
Q03923	270	F	S	A0A2K6KB75
Q03936	122	A	V	A0A2K6KB75
Q03936	527	R	H	A0A2K6KB75
Q03989	32	G	V	A0A1S3WW53
Q04609	75	Y	H	H2Z0Q3
Q04609	155	S	L	H2Z0Q3
Q04609	155	S	L	H2Z0Q3
Q04609	160	P	A	H2Z0Q3
Q04609	160	P	A	H2Z0Q3
Q04609	475	H	Y	H2Z0Q3
Q04656	28	Q	L	A0A2I3H680
Q04656	68	D	N	A0A2I3H680
Q04656	70	G	D	A0A2I3H680
Q04656	70	G	D	A0A2I3H680
Q04656	70	G	D	A0A2I3H680
Q04656	80	P	L	A0A2I3H680
Q04656	80	P	L	A0A2I3H680
Q04656	80	P	L	A0A2I3H680
Q04656	80	P	L	A0A2I3H680
Q04656	106	T	I	A0A2I3H680
Q04656	106	T	I	A0A2I3H680
Q04656	106	T	I	A0A2I3H680
Q04656	125	V	L	A0A2I3H680
Q04656	125	V	L	A0A2I3H680
Q04656	125	V	L	A0A2I3H680
Q04656	157	S	L	A0A2I3H680
Q04656	157	S	L	A0A2I3H680
Q04656	157	S	L	A0A2I3H680
Q04656	159	A	T	A0A2I3H680
Q04656	159	A	T	A0A2I3H680
Q04656	159	A	T	A0A2I3H680
Q04656	164	S	N	A0A2I3H680
Q04656	164	S	N	A0A2I3H680
Q04656	164	S	N	A0A2I3H680
Q04656	164	S	N	A0A2I3H680
Q04656	164	S	N	A0A2I3H680
Q04656	165	M	V	A0A2I3H680
Q04656	168	A	T	A0A2I3H680
Q04656	169	G	D	A0A2I3H680
Q04656	178	E	K	A0A2I3H680
Q04656	189	I	V	A0A2I3H680
Q04656	189	I	V	A0A2I3H680
Q04656	189	I	V	A0A2I3H680
Q04656	189	I	V	A0A2I3H680
Q04656	189	I	V	A0A2I3H680
Q04656	189	I	V	A0A2I3H680
Q04656	250	I	V	A0A2I3H680
Q04656	275	N	S	A0A2I3H680
Q04656	297	S	R	A0A2I3H680
Q04656	308	I	V	A0A2I3H680
Q04656	308	I	V	A0A2I3H680
Q04656	308	I	V	A0A2I3H680
Q04656	308	I	V	A0A2I3H680
Q04656	337	A	T	A0A2I3H680
Q04656	337	A	T	A0A2I3H680
Q04656	337	A	T	A0A2I3H680
Q04656	337	A	T	A0A2I3H680
Q04656	337	A	T	A0A2I3H680
Q04656	338	V	E	A0A2I3H680
Q04656	338	V	E	A0A2I3H680
Q04656	354	T	A	A0A2I3H680
Q04656	368	L	S	A0A2I3H680
Q04656	381	I	V	A0A2I3H680
Q04656	408	I	V	A0A2I3H680
Q04656	409	R	Q	A0A2I3H680
Q04656	416	N	T	A0A2I3H680
Q04656	419	V	F	A0A2I3H680
Q04656	420	E	G	A0A2I3H680
Q04656	430	T	M	A0A2I3H680
Q04656	437	D	N	A0A2I3H680
Q04656	462	P	A	A0A2I3H680
Q04656	462	P	A	A0A2I3H680
Q04656	462	P	A	A0A2I3H680
Q04656	462	P	A	A0A2I3H680
Q04656	467	T	A	A0A2I3H680
Q04656	475	M	I	A0A2I3H680
Q04656	476	T	I	A0A2I3H680
Q04656	477	P	S	A0A2I3H680
Q04656	485	K	N	A0A2I3H680
Q04656	539	P	T	A0A2I3H680
Q04656	539	P	T	A0A2I3H680
Q04656	539	P	T	A0A2I3H680
Q04656	559	A	T	A0A2I3H680
Q04656	559	A	T	A0A2I3H680
Q04656	559	A	T	A0A2I3H680
Q04656	563	D	V	A0A2I3H680
Q04656	579	V	I	A0A2I3H680
Q04656	586	L	V	A0A2I3H680
Q04656	591	G	E	A0A2I3H680
Q04656	606	I	V	A0A2I3H680
Q04656	608	Y	C	A0A2I3H680
Q04656	608	Y	C	A0A2I3H680
Q04656	608	Y	C	A0A2I3H680
Q04656	608	Y	C	A0A2I3H680
Q04656	608	Y	C	A0A2I3H680
Q04656	612	I	V	A0A2I3H680
Q04656	644	K	R	A0A2I3H680
Q04656	644	K	R	A0A2I3H680
Q04656	644	K	R	A0A2I3H680
Q04656	644	K	R	A0A2I3H680
Q04656	645	R	Q	A0A2I3H680
Q04656	645	R	Q	A0A2I3H680
Q04656	645	R	Q	A0A2I3H680
Q04656	645	R	Q	A0A2I3H680
Q04656	647	I	M	A0A2I3H680
Q04656	652	R	W	A0A2I3H680
Q04656	669	I	T	A0A2I3H680
Q04656	669	I	T	A0A2I3H680
Q04656	677	H	D	A0A2I3H680
Q04656	678	F	L	A0A2I3H680
Q04656	684	N	K	A0A2I3H680
Q04656	685	Q	E	A0A2I3H680
Q04656	688	S	N	A0A2I3H680
Q04656	688	S	N	A0A2I3H680
Q04656	693	I	M	A0A2I3H680
Q04656	703	R	C	A0A2I3H680
Q04656	704	Q	R	A0A2I3H680
Q04656	742	K	R	A0A2I3H680
Q04656	742	K	R	A0A2I3H680
Q04656	742	K	N	A0A2I3H680
Q04656	742	K	R	A0A2I3H680
Q04656	742	K	R	A0A2I3H680
Q04656	752	L	V	A0A2I3H680
Q04656	759	A	V	A0A2I3H680
Q04656	767	V	L	A0A2I3H680
Q04656	767	V	L	A0A2I3H680
Q04656	767	V	L	A0A2I3H680
Q04656	767	V	L	A0A2I3H680
Q04656	767	V	L	A0A2I3H680
Q04656	767	V	L	A0A2I3H680
Q04656	767	V	L	A0A2I3H680
Q04656	767	V	L	A0A2I3H680
Q04656	818	T	A	A0A2I3H680
Q04656	818	T	A	A0A2I3H680
Q04656	818	T	A	A0A2I3H680
Q04656	818	T	A	A0A2I3H680
Q04656	818	T	A	A0A2I3H680
Q04656	822	I	T	A0A2I3H680
Q04656	822	I	T	A0A2I3H680
Q04656	822	I	T	A0A2I3H680
Q04656	844	R	C	A0A2I3H680
Q04656	844	R	C	A0A2I3H680
Q04656	844	R	C	A0A2I3H680
Q04656	844	R	C	A0A2I3H680
Q04656	861	R	H	A0A2I3H680
Q04656	861	R	C	A0A2I3H680
Q04656	861	R	C	A0A2I3H680
Q04656	861	R	H	A0A2I3H680
Q04656	886	G	D	A0A2I3H680
Q04656	894	I	V	A0A2I3H680
Q04656	925	T	I	A0A2I3H680
Q04656	925	T	I	A0A2I3H680
Q04656	933	F	L	A0A2I3H680
Q04656	944	F	L	A0A2I3H680
Q04656	975	N	D	A0A2I3H680
Q04656	1039	K	N	A0A2I3H680
Q04656	1039	K	N	A0A2I3H680
Q04656	1088	L	V	A0A2I3H680
Q04656	1092	I	V	A0A2I3H680
Q04656	1102	T	S	A0A2I3H680
Q04656	1102	T	S	A0A2I3H680
Q04656	1120	S	G	A0A2I3H680
Q04656	1125	N	S	A0A2I3H680
Q04656	1125	N	S	A0A2I3H680
Q04656	1125	N	S	A0A2I3H680
Q04656	1139	D	G	A0A2I3H680
Q04656	1139	D	G	A0A2I3H680
Q04656	1139	D	G	A0A2I3H680
Q04656	1139	D	G	A0A2I3H680
Q04656	1145	A	V	A0A2I3H680
Q04656	1145	A	V	A0A2I3H680
Q04656	1145	A	V	A0A2I3H680
Q04656	1145	A	V	A0A2I3H680
Q04656	1150	I	T	A0A2I3H680
Q04656	1150	I	T	A0A2I3H680
Q04656	1150	I	T	A0A2I3H680
Q04656	1150	I	T	A0A2I3H680
Q04656	1160	S	L	A0A2I3H680
Q04656	1160	S	L	A0A2I3H680
Q04656	1160	S	L	A0A2I3H680
Q04656	1167	A	G	A0A2I3H680
Q04656	1172	A	V	A0A2I3H680
Q04656	1178	Y	C	A0A2I3H680
Q04656	1178	Y	H	A0A2I3H680
Q04656	1178	Y	H	A0A2I3H680
Q04656	1185	R	Q	A0A2I3H680
Q04656	1196	N	S	A0A2I3H680
Q04656	1196	N	S	A0A2I3H680
Q04656	1196	N	S	A0A2I3H680
Q04656	1197	N	D	A0A2I3H680
Q04656	1197	N	D	A0A2I3H680
Q04656	1197	N	D	A0A2I3H680
Q04656	1197	N	D	A0A2I3H680
Q04656	1197	N	D	A0A2I3H680
Q04656	1205	E	Q	A0A2I3H680
Q04656	1205	E	Q	A0A2I3H680
Q04656	1205	E	Q	A0A2I3H680
Q04656	1259	K	E	A0A2I3H680
Q04656	1295	R	Q	A0A2I3H680
Q04656	1295	R	Q	A0A2I3H680
Q04656	1346	D	E	A0A2I3H680
Q04656	1350	K	E	A0A2I3H680
Q04656	1356	R	Q	A0A2I3H680
Q04656	1356	R	Q	A0A2I3H680
Q04656	1378	M	V	A0A2I3H680
Q04656	1401	V	L	A0A2I3H680
Q04656	1401	V	L	A0A2I3H680
Q04656	1401	V	L	A0A2I3H680
Q04656	1401	V	L	A0A2I3H680
Q04656	1401	V	L	A0A2I3H680
Q04656	1423	R	W	A0A2I3H680
Q04656	1423	R	W	A0A2I3H680
Q04656	1436	V	I	A0A2I3H680
Q04656	1438	V	I	A0A2I3H680
Q04656	1438	V	I	A0A2I3H680
Q04656	1451	G	D	A0A2I3H680
Q04656	1459	Y	H	A0A2I3H680
Q04656	1464	I	V	A0A2I3H680
Q04656	1464	I	V	A0A2I3H680
Q04656	1464	I	V	A0A2I3H680
Q04656	1464	I	V	A0A2I3H680
Q04656	1464	I	V	A0A2I3H680
Q04656	1500	L	V	A0A2I3H680
Q04656	1500	L	V	A0A2I3H680
Q04656	28	Q	L	A0A2I3H680
Q04656	68	D	N	A0A2I3H680
Q04656	70	G	D	A0A2I3H680
Q04656	70	G	D	A0A2I3H680
Q04656	70	G	D	A0A2I3H680
Q04656	80	P	L	A0A2I3H680
Q04656	80	P	L	A0A2I3H680
Q04656	80	P	L	A0A2I3H680
Q04656	80	P	L	A0A2I3H680
Q04656	106	T	I	A0A2I3H680
Q04656	106	T	I	A0A2I3H680
Q04656	106	T	I	A0A2I3H680
Q04656	125	V	L	A0A2I3H680
Q04656	125	V	L	A0A2I3H680
Q04656	125	V	L	A0A2I3H680
Q04656	157	S	L	A0A2I3H680
Q04656	157	S	L	A0A2I3H680
Q04656	157	S	L	A0A2I3H680
Q04656	159	A	T	A0A2I3H680
Q04656	159	A	T	A0A2I3H680
Q04656	159	A	T	A0A2I3H680
Q04656	164	S	N	A0A2I3H680
Q04656	164	S	N	A0A2I3H680
Q04656	164	S	N	A0A2I3H680
Q04656	164	S	N	A0A2I3H680
Q04656	164	S	N	A0A2I3H680
Q04656	165	M	V	A0A2I3H680
Q04656	168	A	T	A0A2I3H680
Q04656	169	G	D	A0A2I3H680
Q04656	178	E	K	A0A2I3H680
Q04656	189	I	V	A0A2I3H680
Q04656	189	I	V	A0A2I3H680
Q04656	189	I	V	A0A2I3H680
Q04656	189	I	V	A0A2I3H680
Q04656	189	I	V	A0A2I3H680
Q04656	189	I	V	A0A2I3H680
Q04656	250	I	V	A0A2I3H680
Q04656	275	N	S	A0A2I3H680
Q04656	297	S	R	A0A2I3H680
Q04656	308	I	V	A0A2I3H680
Q04656	308	I	V	A0A2I3H680
Q04656	308	I	V	A0A2I3H680
Q04656	308	I	V	A0A2I3H680
Q04656	337	A	T	A0A2I3H680
Q04656	337	A	T	A0A2I3H680
Q04656	337	A	T	A0A2I3H680
Q04656	337	A	T	A0A2I3H680
Q04656	337	A	T	A0A2I3H680
Q04656	338	V	E	A0A2I3H680
Q04656	338	V	E	A0A2I3H680
Q04656	354	T	A	A0A2I3H680
Q04656	368	L	S	A0A2I3H680
Q04656	381	I	V	A0A2I3H680
Q04656	408	I	V	A0A2I3H680
Q04656	409	R	Q	A0A2I3H680
Q04656	416	N	T	A0A2I3H680
Q04656	419	V	F	A0A2I3H680
Q04656	420	E	G	A0A2I3H680
Q04656	430	T	M	A0A2I3H680
Q04656	437	D	N	A0A2I3H680
Q04656	462	P	A	A0A2I3H680
Q04656	462	P	A	A0A2I3H680
Q04656	462	P	A	A0A2I3H680
Q04656	462	P	A	A0A2I3H680
Q04656	467	T	A	A0A2I3H680
Q04656	475	M	I	A0A2I3H680
Q04656	476	T	I	A0A2I3H680
Q04656	477	P	S	A0A2I3H680
Q04656	485	K	N	A0A2I3H680
Q04656	539	P	T	A0A2I3H680
Q04656	539	P	T	A0A2I3H680
Q04656	539	P	T	A0A2I3H680
Q04656	559	A	T	A0A2I3H680
Q04656	559	A	T	A0A2I3H680
Q04656	559	A	T	A0A2I3H680
Q04656	563	D	V	A0A2I3H680
Q04656	579	V	I	A0A2I3H680
Q04656	586	L	V	A0A2I3H680
Q04656	591	G	E	A0A2I3H680
Q04656	606	I	V	A0A2I3H680
Q04656	608	Y	C	A0A2I3H680
Q04656	608	Y	C	A0A2I3H680
Q04656	608	Y	C	A0A2I3H680
Q04656	608	Y	C	A0A2I3H680
Q04656	608	Y	C	A0A2I3H680
Q04656	612	I	V	A0A2I3H680
Q04656	644	K	R	A0A2I3H680
Q04656	644	K	R	A0A2I3H680
Q04656	644	K	R	A0A2I3H680
Q04656	644	K	R	A0A2I3H680
Q04656	645	R	Q	A0A2I3H680
Q04656	645	R	Q	A0A2I3H680
Q04656	645	R	Q	A0A2I3H680
Q04656	645	R	Q	A0A2I3H680
Q04656	647	I	M	A0A2I3H680
Q04656	652	R	W	A0A2I3H680
Q04656	669	I	T	A0A2I3H680
Q04656	669	I	T	A0A2I3H680
Q04656	677	H	D	A0A2I3H680
Q04656	678	F	L	A0A2I3H680
Q04656	684	N	K	A0A2I3H680
Q04656	685	Q	E	A0A2I3H680
Q04656	688	S	N	A0A2I3H680
Q04656	688	S	N	A0A2I3H680
Q04656	693	I	M	A0A2I3H680
Q04656	703	R	C	A0A2I3H680
Q04656	704	Q	R	A0A2I3H680
Q04656	742	K	N	A0A2I3H680
Q04656	742	K	R	A0A2I3H680
Q04656	742	K	R	A0A2I3H680
Q04656	742	K	R	A0A2I3H680
Q04656	742	K	R	A0A2I3H680
Q04656	752	L	V	A0A2I3H680
Q04656	759	A	V	A0A2I3H680
Q04656	767	V	L	A0A2I3H680
Q04656	767	V	L	A0A2I3H680
Q04656	767	V	L	A0A2I3H680
Q04656	767	V	L	A0A2I3H680
Q04656	767	V	L	A0A2I3H680
Q04656	767	V	L	A0A2I3H680
Q04656	767	V	L	A0A2I3H680
Q04656	767	V	L	A0A2I3H680
Q04656	818	T	A	A0A2I3H680
Q04656	818	T	A	A0A2I3H680
Q04656	818	T	A	A0A2I3H680
Q04656	818	T	A	A0A2I3H680
Q04656	818	T	A	A0A2I3H680
Q04656	822	I	T	A0A2I3H680
Q04656	822	I	T	A0A2I3H680
Q04656	822	I	T	A0A2I3H680
Q04656	844	R	C	A0A2I3H680
Q04656	844	R	C	A0A2I3H680
Q04656	844	R	C	A0A2I3H680
Q04656	844	R	C	A0A2I3H680
Q04656	861	R	H	A0A2I3H680
Q04656	861	R	C	A0A2I3H680
Q04656	861	R	H	A0A2I3H680
Q04656	861	R	C	A0A2I3H680
Q04656	886	G	D	A0A2I3H680
Q04656	894	I	V	A0A2I3H680
Q04656	925	T	I	A0A2I3H680
Q04656	925	T	I	A0A2I3H680
Q04656	933	F	L	A0A2I3H680
Q04656	944	F	L	A0A2I3H680
Q04656	975	N	D	A0A2I3H680
Q04656	1039	K	N	A0A2I3H680
Q04656	1039	K	N	A0A2I3H680
Q04656	1088	L	V	A0A2I3H680
Q04656	1092	I	V	A0A2I3H680
Q04656	1102	T	S	A0A2I3H680
Q04656	1102	T	S	A0A2I3H680
Q04656	1120	S	G	A0A2I3H680
Q04656	1125	N	S	A0A2I3H680
Q04656	1125	N	S	A0A2I3H680
Q04656	1125	N	S	A0A2I3H680
Q04656	1139	D	G	A0A2I3H680
Q04656	1139	D	G	A0A2I3H680
Q04656	1139	D	G	A0A2I3H680
Q04656	1139	D	G	A0A2I3H680
Q04656	1145	A	V	A0A2I3H680
Q04656	1145	A	V	A0A2I3H680
Q04656	1145	A	V	A0A2I3H680
Q04656	1145	A	V	A0A2I3H680
Q04656	1150	I	T	A0A2I3H680
Q04656	1150	I	T	A0A2I3H680
Q04656	1150	I	T	A0A2I3H680
Q04656	1150	I	T	A0A2I3H680
Q04656	1160	S	L	A0A2I3H680
Q04656	1160	S	L	A0A2I3H680
Q04656	1160	S	L	A0A2I3H680
Q04656	1167	A	G	A0A2I3H680
Q04656	1172	A	V	A0A2I3H680
Q04656	1178	Y	H	A0A2I3H680
Q04656	1178	Y	C	A0A2I3H680
Q04656	1178	Y	H	A0A2I3H680
Q04656	1185	R	Q	A0A2I3H680
Q04656	1196	N	S	A0A2I3H680
Q04656	1196	N	S	A0A2I3H680
Q04656	1196	N	S	A0A2I3H680
Q04656	1197	N	D	A0A2I3H680
Q04656	1197	N	D	A0A2I3H680
Q04656	1197	N	D	A0A2I3H680
Q04656	1197	N	D	A0A2I3H680
Q04656	1197	N	D	A0A2I3H680
Q04656	1205	E	Q	A0A2I3H680
Q04656	1205	E	Q	A0A2I3H680
Q04656	1205	E	Q	A0A2I3H680
Q04656	1259	K	E	A0A2I3H680
Q04656	1295	R	Q	A0A2I3H680
Q04656	1295	R	Q	A0A2I3H680
Q04656	1346	D	E	A0A2I3H680
Q04656	1350	K	E	A0A2I3H680
Q04656	1356	R	Q	A0A2I3H680
Q04656	1356	R	Q	A0A2I3H680
Q04656	1378	M	V	A0A2I3H680
Q04656	1401	V	L	A0A2I3H680
Q04656	1401	V	L	A0A2I3H680
Q04656	1401	V	L	A0A2I3H680
Q04656	1401	V	L	A0A2I3H680
Q04656	1401	V	L	A0A2I3H680
Q04656	1423	R	W	A0A2I3H680
Q04656	1423	R	W	A0A2I3H680
Q04656	1436	V	I	A0A2I3H680
Q04656	1438	V	I	A0A2I3H680
Q04656	1438	V	I	A0A2I3H680
Q04656	1451	G	D	A0A2I3H680
Q04656	1459	Y	H	A0A2I3H680
Q04656	1464	I	V	A0A2I3H680
Q04656	1464	I	V	A0A2I3H680
Q04656	1464	I	V	A0A2I3H680
Q04656	1464	I	V	A0A2I3H680
Q04656	1464	I	V	A0A2I3H680
Q04656	1500	L	V	A0A2I3H680
Q04656	1500	L	V	A0A2I3H680
Q04656	28	Q	L	A0A2I3H680
Q04656	68	D	N	A0A2I3H680
Q04656	70	G	D	A0A2I3H680
Q04656	70	G	D	A0A2I3H680
Q04656	70	G	D	A0A2I3H680
Q04656	80	P	L	A0A2I3H680
Q04656	80	P	L	A0A2I3H680
Q04656	80	P	L	A0A2I3H680
Q04656	80	P	L	A0A2I3H680
Q04656	106	T	I	A0A2I3H680
Q04656	106	T	I	A0A2I3H680
Q04656	106	T	I	A0A2I3H680
Q04656	125	V	L	A0A2I3H680
Q04656	125	V	L	A0A2I3H680
Q04656	125	V	L	A0A2I3H680
Q04656	157	S	L	A0A2I3H680
Q04656	157	S	L	A0A2I3H680
Q04656	157	S	L	A0A2I3H680
Q04656	159	A	T	A0A2I3H680
Q04656	159	A	T	A0A2I3H680
Q04656	159	A	T	A0A2I3H680
Q04656	164	S	N	A0A2I3H680
Q04656	164	S	N	A0A2I3H680
Q04656	164	S	N	A0A2I3H680
Q04656	164	S	N	A0A2I3H680
Q04656	164	S	N	A0A2I3H680
Q04656	165	M	V	A0A2I3H680
Q04656	168	A	T	A0A2I3H680
Q04656	169	G	D	A0A2I3H680
Q04656	178	E	K	A0A2I3H680
Q04656	189	I	V	A0A2I3H680
Q04656	189	I	V	A0A2I3H680
Q04656	189	I	V	A0A2I3H680
Q04656	189	I	V	A0A2I3H680
Q04656	189	I	V	A0A2I3H680
Q04656	189	I	V	A0A2I3H680
Q04656	250	I	V	A0A2I3H680
Q04656	275	N	S	A0A2I3H680
Q04656	297	S	R	A0A2I3H680
Q04656	308	I	V	A0A2I3H680
Q04656	308	I	V	A0A2I3H680
Q04656	308	I	V	A0A2I3H680
Q04656	308	I	V	A0A2I3H680
Q04656	337	A	T	A0A2I3H680
Q04656	337	A	T	A0A2I3H680
Q04656	337	A	T	A0A2I3H680
Q04656	337	A	T	A0A2I3H680
Q04656	337	A	T	A0A2I3H680
Q04656	338	V	E	A0A2I3H680
Q04656	338	V	E	A0A2I3H680
Q04656	354	T	A	A0A2I3H680
Q04656	368	L	S	A0A2I3H680
Q04656	381	I	V	A0A2I3H680
Q04656	408	I	V	A0A2I3H680
Q04656	409	R	Q	A0A2I3H680
Q04656	416	N	T	A0A2I3H680
Q04656	419	V	F	A0A2I3H680
Q04656	420	E	G	A0A2I3H680
Q04656	430	T	M	A0A2I3H680
Q04656	437	D	N	A0A2I3H680
Q04656	462	P	A	A0A2I3H680
Q04656	462	P	A	A0A2I3H680
Q04656	462	P	A	A0A2I3H680
Q04656	462	P	A	A0A2I3H680
Q04656	467	T	A	A0A2I3H680
Q04656	475	M	I	A0A2I3H680
Q04656	476	T	I	A0A2I3H680
Q04656	477	P	S	A0A2I3H680
Q04656	485	K	N	A0A2I3H680
Q04656	539	P	T	A0A2I3H680
Q04656	539	P	T	A0A2I3H680
Q04656	539	P	T	A0A2I3H680
Q04656	559	A	T	A0A2I3H680
Q04656	559	A	T	A0A2I3H680
Q04656	559	A	T	A0A2I3H680
Q04656	563	D	V	A0A2I3H680
Q04656	579	V	I	A0A2I3H680
Q04656	586	L	V	A0A2I3H680
Q04656	591	G	E	A0A2I3H680
Q04656	606	I	V	A0A2I3H680
Q04656	608	Y	C	A0A2I3H680
Q04656	608	Y	C	A0A2I3H680
Q04656	608	Y	C	A0A2I3H680
Q04656	608	Y	C	A0A2I3H680
Q04656	608	Y	C	A0A2I3H680
Q04656	612	I	V	A0A2I3H680
Q04656	644	K	R	A0A2I3H680
Q04656	644	K	R	A0A2I3H680
Q04656	644	K	R	A0A2I3H680
Q04656	644	K	R	A0A2I3H680
Q04656	645	R	Q	A0A2I3H680
Q04656	645	R	Q	A0A2I3H680
Q04656	645	R	Q	A0A2I3H680
Q04656	645	R	Q	A0A2I3H680
Q04656	647	I	M	A0A2I3H680
Q04656	652	R	W	A0A2I3H680
Q04656	669	I	T	A0A2I3H680
Q04656	669	I	T	A0A2I3H680
Q04656	677	H	D	A0A2I3H680
Q04656	678	F	L	A0A2I3H680
Q04656	684	N	K	A0A2I3H680
Q04656	685	Q	E	A0A2I3H680
Q04656	688	S	N	A0A2I3H680
Q04656	688	S	N	A0A2I3H680
Q04656	693	I	M	A0A2I3H680
Q04656	703	R	C	A0A2I3H680
Q04656	704	Q	R	A0A2I3H680
Q04656	742	K	R	A0A2I3H680
Q04656	742	K	N	A0A2I3H680
Q04656	742	K	R	A0A2I3H680
Q04656	742	K	R	A0A2I3H680
Q04656	742	K	R	A0A2I3H680
Q04656	752	L	V	A0A2I3H680
Q04656	759	A	V	A0A2I3H680
Q04656	767	V	L	A0A2I3H680
Q04656	767	V	L	A0A2I3H680
Q04656	767	V	L	A0A2I3H680
Q04656	767	V	L	A0A2I3H680
Q04656	767	V	L	A0A2I3H680
Q04656	767	V	L	A0A2I3H680
Q04656	767	V	L	A0A2I3H680
Q04656	767	V	L	A0A2I3H680
Q04656	818	T	A	A0A2I3H680
Q04656	818	T	A	A0A2I3H680
Q04656	818	T	A	A0A2I3H680
Q04656	818	T	A	A0A2I3H680
Q04656	818	T	A	A0A2I3H680
Q04656	822	I	T	A0A2I3H680
Q04656	822	I	T	A0A2I3H680
Q04656	822	I	T	A0A2I3H680
Q04656	844	R	C	A0A2I3H680
Q04656	844	R	C	A0A2I3H680
Q04656	844	R	C	A0A2I3H680
Q04656	844	R	C	A0A2I3H680
Q04656	861	R	C	A0A2I3H680
Q04656	861	R	H	A0A2I3H680
Q04656	861	R	H	A0A2I3H680
Q04656	861	R	C	A0A2I3H680
Q04656	886	G	D	A0A2I3H680
Q04656	894	I	V	A0A2I3H680
Q04656	925	T	I	A0A2I3H680
Q04656	925	T	I	A0A2I3H680
Q04656	933	F	L	A0A2I3H680
Q04656	944	F	L	A0A2I3H680
Q04656	975	N	D	A0A2I3H680
Q04656	1039	K	N	A0A2I3H680
Q04656	1039	K	N	A0A2I3H680
Q04656	1088	L	V	A0A2I3H680
Q04656	1092	I	V	A0A2I3H680
Q04656	1102	T	S	A0A2I3H680
Q04656	1102	T	S	A0A2I3H680
Q04656	1120	S	G	A0A2I3H680
Q04656	1125	N	S	A0A2I3H680
Q04656	1125	N	S	A0A2I3H680
Q04656	1125	N	S	A0A2I3H680
Q04656	1139	D	G	A0A2I3H680
Q04656	1139	D	G	A0A2I3H680
Q04656	1139	D	G	A0A2I3H680
Q04656	1139	D	G	A0A2I3H680
Q04656	1145	A	V	A0A2I3H680
Q04656	1145	A	V	A0A2I3H680
Q04656	1145	A	V	A0A2I3H680
Q04656	1145	A	V	A0A2I3H680
Q04656	1150	I	T	A0A2I3H680
Q04656	1150	I	T	A0A2I3H680
Q04656	1150	I	T	A0A2I3H680
Q04656	1150	I	T	A0A2I3H680
Q04656	1160	S	L	A0A2I3H680
Q04656	1160	S	L	A0A2I3H680
Q04656	1160	S	L	A0A2I3H680
Q04656	1167	A	G	A0A2I3H680
Q04656	1172	A	V	A0A2I3H680
Q04656	1178	Y	C	A0A2I3H680
Q04656	1178	Y	H	A0A2I3H680
Q04656	1178	Y	H	A0A2I3H680
Q04656	1185	R	Q	A0A2I3H680
Q04656	1196	N	S	A0A2I3H680
Q04656	1196	N	S	A0A2I3H680
Q04656	1196	N	S	A0A2I3H680
Q04656	1197	N	D	A0A2I3H680
Q04656	1197	N	D	A0A2I3H680
Q04656	1197	N	D	A0A2I3H680
Q04656	1197	N	D	A0A2I3H680
Q04656	1197	N	D	A0A2I3H680
Q04656	1205	E	Q	A0A2I3H680
Q04656	1205	E	Q	A0A2I3H680
Q04656	1205	E	Q	A0A2I3H680
Q04656	1259	K	E	A0A2I3H680
Q04656	1295	R	Q	A0A2I3H680
Q04656	1295	R	Q	A0A2I3H680
Q04656	1346	D	E	A0A2I3H680
Q04656	1350	K	E	A0A2I3H680
Q04656	1356	R	Q	A0A2I3H680
Q04656	1356	R	Q	A0A2I3H680
Q04656	1378	M	V	A0A2I3H680
Q04656	1401	V	L	A0A2I3H680
Q04656	1401	V	L	A0A2I3H680
Q04656	1401	V	L	A0A2I3H680
Q04656	1401	V	L	A0A2I3H680
Q04656	1401	V	L	A0A2I3H680
Q04656	1423	R	W	A0A2I3H680
Q04656	1423	R	W	A0A2I3H680
Q04656	1436	V	I	A0A2I3H680
Q04656	1438	V	I	A0A2I3H680
Q04656	1438	V	I	A0A2I3H680
Q04656	1451	G	D	A0A2I3H680
Q04656	1459	Y	H	A0A2I3H680
Q04656	1464	I	V	A0A2I3H680
Q04656	1464	I	V	A0A2I3H680
Q04656	1464	I	V	A0A2I3H680
Q04656	1464	I	V	A0A2I3H680
Q04656	1464	I	V	A0A2I3H680
Q04656	1500	L	V	A0A2I3H680
Q04656	1500	L	V	A0A2I3H680
Q04656	28	Q	L	A0A2I3H680
Q04656	68	D	N	A0A2I3H680
Q04656	70	G	D	A0A2I3H680
Q04656	70	G	D	A0A2I3H680
Q04656	70	G	D	A0A2I3H680
Q04656	80	P	L	A0A2I3H680
Q04656	80	P	L	A0A2I3H680
Q04656	80	P	L	A0A2I3H680
Q04656	80	P	L	A0A2I3H680
Q04656	106	T	I	A0A2I3H680
Q04656	106	T	I	A0A2I3H680
Q04656	106	T	I	A0A2I3H680
Q04656	125	V	L	A0A2I3H680
Q04656	125	V	L	A0A2I3H680
Q04656	125	V	L	A0A2I3H680
Q04656	157	S	L	A0A2I3H680
Q04656	157	S	L	A0A2I3H680
Q04656	157	S	L	A0A2I3H680
Q04656	159	A	T	A0A2I3H680
Q04656	159	A	T	A0A2I3H680
Q04656	159	A	T	A0A2I3H680
Q04656	164	S	N	A0A2I3H680
Q04656	164	S	N	A0A2I3H680
Q04656	164	S	N	A0A2I3H680
Q04656	164	S	N	A0A2I3H680
Q04656	164	S	N	A0A2I3H680
Q04656	165	M	V	A0A2I3H680
Q04656	168	A	T	A0A2I3H680
Q04656	169	G	D	A0A2I3H680
Q04656	178	E	K	A0A2I3H680
Q04656	189	I	V	A0A2I3H680
Q04656	189	I	V	A0A2I3H680
Q04656	189	I	V	A0A2I3H680
Q04656	189	I	V	A0A2I3H680
Q04656	189	I	V	A0A2I3H680
Q04656	189	I	V	A0A2I3H680
Q04656	250	I	V	A0A2I3H680
Q04656	275	N	S	A0A2I3H680
Q04656	297	S	R	A0A2I3H680
Q04656	308	I	V	A0A2I3H680
Q04656	308	I	V	A0A2I3H680
Q04656	308	I	V	A0A2I3H680
Q04656	308	I	V	A0A2I3H680
Q04656	337	A	T	A0A2I3H680
Q04656	337	A	T	A0A2I3H680
Q04656	337	A	T	A0A2I3H680
Q04656	337	A	T	A0A2I3H680
Q04656	337	A	T	A0A2I3H680
Q04656	338	V	E	A0A2I3H680
Q04656	338	V	E	A0A2I3H680
Q04656	354	T	A	A0A2I3H680
Q04656	368	L	S	A0A2I3H680
Q04656	381	I	V	A0A2I3H680
Q04656	408	I	V	A0A2I3H680
Q04656	409	R	Q	A0A2I3H680
Q04656	416	N	T	A0A2I3H680
Q04656	419	V	F	A0A2I3H680
Q04656	420	E	G	A0A2I3H680
Q04656	430	T	M	A0A2I3H680
Q04656	437	D	N	A0A2I3H680
Q04656	462	P	A	A0A2I3H680
Q04656	462	P	A	A0A2I3H680
Q04656	462	P	A	A0A2I3H680
Q04656	462	P	A	A0A2I3H680
Q04656	467	T	A	A0A2I3H680
Q04656	475	M	I	A0A2I3H680
Q04656	476	T	I	A0A2I3H680
Q04656	477	P	S	A0A2I3H680
Q04656	485	K	N	A0A2I3H680
Q04656	539	P	T	A0A2I3H680
Q04656	539	P	T	A0A2I3H680
Q04656	539	P	T	A0A2I3H680
Q04656	559	A	T	A0A2I3H680
Q04656	559	A	T	A0A2I3H680
Q04656	559	A	T	A0A2I3H680
Q04656	563	D	V	A0A2I3H680
Q04656	579	V	I	A0A2I3H680
Q04656	586	L	V	A0A2I3H680
Q04656	591	G	E	A0A2I3H680
Q04656	606	I	V	A0A2I3H680
Q04656	608	Y	C	A0A2I3H680
Q04656	608	Y	C	A0A2I3H680
Q04656	608	Y	C	A0A2I3H680
Q04656	608	Y	C	A0A2I3H680
Q04656	608	Y	C	A0A2I3H680
Q04656	612	I	V	A0A2I3H680
Q04656	644	K	R	A0A2I3H680
Q04656	644	K	R	A0A2I3H680
Q04656	644	K	R	A0A2I3H680
Q04656	644	K	R	A0A2I3H680
Q04656	645	R	Q	A0A2I3H680
Q04656	645	R	Q	A0A2I3H680
Q04656	645	R	Q	A0A2I3H680
Q04656	645	R	Q	A0A2I3H680
Q04656	647	I	M	A0A2I3H680
Q04656	652	R	W	A0A2I3H680
Q04656	669	I	T	A0A2I3H680
Q04656	669	I	T	A0A2I3H680
Q04656	677	H	D	A0A2I3H680
Q04656	678	F	L	A0A2I3H680
Q04656	684	N	K	A0A2I3H680
Q04656	685	Q	E	A0A2I3H680
Q04656	688	S	N	A0A2I3H680
Q04656	688	S	N	A0A2I3H680
Q04656	693	I	M	A0A2I3H680
Q04656	703	R	C	A0A2I3H680
Q04656	704	Q	R	A0A2I3H680
Q04656	742	K	R	A0A2I3H680
Q04656	742	K	N	A0A2I3H680
Q04656	742	K	R	A0A2I3H680
Q04656	742	K	R	A0A2I3H680
Q04656	742	K	R	A0A2I3H680
Q04656	752	L	V	A0A2I3H680
Q04656	759	A	V	A0A2I3H680
Q04656	767	V	L	A0A2I3H680
Q04656	767	V	L	A0A2I3H680
Q04656	767	V	L	A0A2I3H680
Q04656	767	V	L	A0A2I3H680
Q04656	767	V	L	A0A2I3H680
Q04656	767	V	L	A0A2I3H680
Q04656	767	V	L	A0A2I3H680
Q04656	767	V	L	A0A2I3H680
Q04656	818	T	A	A0A2I3H680
Q04656	818	T	A	A0A2I3H680
Q04656	818	T	A	A0A2I3H680
Q04656	818	T	A	A0A2I3H680
Q04656	818	T	A	A0A2I3H680
Q04656	822	I	T	A0A2I3H680
Q04656	822	I	T	A0A2I3H680
Q04656	822	I	T	A0A2I3H680
Q04656	844	R	C	A0A2I3H680
Q04656	844	R	C	A0A2I3H680
Q04656	844	R	C	A0A2I3H680
Q04656	844	R	C	A0A2I3H680
Q04656	861	R	C	A0A2I3H680
Q04656	861	R	C	A0A2I3H680
Q04656	861	R	H	A0A2I3H680
Q04656	861	R	H	A0A2I3H680
Q04656	886	G	D	A0A2I3H680
Q04656	894	I	V	A0A2I3H680
Q04656	925	T	I	A0A2I3H680
Q04656	925	T	I	A0A2I3H680
Q04656	933	F	L	A0A2I3H680
Q04656	944	F	L	A0A2I3H680
Q04656	975	N	D	A0A2I3H680
Q04656	1039	K	N	A0A2I3H680
Q04656	1039	K	N	A0A2I3H680
Q04656	1088	L	V	A0A2I3H680
Q04656	1092	I	V	A0A2I3H680
Q04656	1102	T	S	A0A2I3H680
Q04656	1102	T	S	A0A2I3H680
Q04656	1120	S	G	A0A2I3H680
Q04656	1125	N	S	A0A2I3H680
Q04656	1125	N	S	A0A2I3H680
Q04656	1125	N	S	A0A2I3H680
Q04656	1139	D	G	A0A2I3H680
Q04656	1139	D	G	A0A2I3H680
Q04656	1139	D	G	A0A2I3H680
Q04656	1139	D	G	A0A2I3H680
Q04656	1145	A	V	A0A2I3H680
Q04656	1145	A	V	A0A2I3H680
Q04656	1145	A	V	A0A2I3H680
Q04656	1145	A	V	A0A2I3H680
Q04656	1150	I	T	A0A2I3H680
Q04656	1150	I	T	A0A2I3H680
Q04656	1150	I	T	A0A2I3H680
Q04656	1150	I	T	A0A2I3H680
Q04656	1160	S	L	A0A2I3H680
Q04656	1160	S	L	A0A2I3H680
Q04656	1160	S	L	A0A2I3H680
Q04656	1167	A	G	A0A2I3H680
Q04656	1172	A	V	A0A2I3H680
Q04656	1178	Y	H	A0A2I3H680
Q04656	1178	Y	C	A0A2I3H680
Q04656	1178	Y	H	A0A2I3H680
Q04656	1185	R	Q	A0A2I3H680
Q04656	1196	N	S	A0A2I3H680
Q04656	1196	N	S	A0A2I3H680
Q04656	1196	N	S	A0A2I3H680
Q04656	1197	N	D	A0A2I3H680
Q04656	1197	N	D	A0A2I3H680
Q04656	1197	N	D	A0A2I3H680
Q04656	1197	N	D	A0A2I3H680
Q04656	1197	N	D	A0A2I3H680
Q04656	1205	E	Q	A0A2I3H680
Q04656	1205	E	Q	A0A2I3H680
Q04656	1205	E	Q	A0A2I3H680
Q04656	1259	K	E	A0A2I3H680
Q04656	1295	R	Q	A0A2I3H680
Q04656	1295	R	Q	A0A2I3H680
Q04656	1346	D	E	A0A2I3H680
Q04656	1350	K	E	A0A2I3H680
Q04656	1356	R	Q	A0A2I3H680
Q04656	1356	R	Q	A0A2I3H680
Q04656	1378	M	V	A0A2I3H680
Q04656	1401	V	L	A0A2I3H680
Q04656	1401	V	L	A0A2I3H680
Q04656	1401	V	L	A0A2I3H680
Q04656	1401	V	L	A0A2I3H680
Q04656	1401	V	L	A0A2I3H680
Q04656	1423	R	W	A0A2I3H680
Q04656	1423	R	W	A0A2I3H680
Q04656	1436	V	I	A0A2I3H680
Q04656	1438	V	I	A0A2I3H680
Q04656	1438	V	I	A0A2I3H680
Q04656	1451	G	D	A0A2I3H680
Q04656	1459	Y	H	A0A2I3H680
Q04656	1464	I	V	A0A2I3H680
Q04656	1464	I	V	A0A2I3H680
Q04656	1464	I	V	A0A2I3H680
Q04656	1464	I	V	A0A2I3H680
Q04656	1464	I	V	A0A2I3H680
Q04656	1500	L	V	A0A2I3H680
Q04656	1500	L	V	A0A2I3H680
Q04756	14	P	L	L9KJT5
Q04756	218	A	S	L9KJT5
Q04756	225	V	M	L9KJT5
Q04756	231	F	L	L9KJT5
Q04756	509	R	H	L9KJT5
Q04756	644	R	Q	L9KJT5
Q04771	4	G	E	K7GKU4
Q04771	15	A	G	K7GKU4
Q04771	15	A	G	K7GKU4
Q04771	15	A	G	K7GKU4
Q04771	15	A	G	K7GKU4
Q04771	43	G	S	K7GKU4
Q04771	43	G	S	K7GKU4
Q04771	47	H	Q	K7GKU4
Q04771	47	H	Q	K7GKU4
Q04771	47	H	Q	K7GKU4
Q04771	370	V	A	K7GKU4
Q04771	370	V	A	K7GKU4
Q04771	4	G	E	K7GKU4
Q04771	15	A	G	K7GKU4
Q04771	15	A	G	K7GKU4
Q04771	15	A	G	K7GKU4
Q04771	15	A	G	K7GKU4
Q04771	43	G	S	K7GKU4
Q04771	43	G	S	K7GKU4
Q04771	47	H	Q	K7GKU4
Q04771	47	H	Q	K7GKU4
Q04771	47	H	Q	K7GKU4
Q04771	370	V	A	K7GKU4
Q04771	370	V	A	K7GKU4
Q04771	4	G	E	K7GKU4
Q04771	15	A	G	K7GKU4
Q04771	15	A	G	K7GKU4
Q04771	15	A	G	K7GKU4
Q04771	15	A	G	K7GKU4
Q04771	43	G	S	K7GKU4
Q04771	43	G	S	K7GKU4
Q04771	47	H	Q	K7GKU4
Q04771	47	H	Q	K7GKU4
Q04771	47	H	Q	K7GKU4
Q04771	370	V	A	K7GKU4
Q04771	370	V	A	K7GKU4
Q04771	4	G	E	K7GKU4
Q04771	15	A	G	K7GKU4
Q04771	15	A	G	K7GKU4
Q04771	15	A	G	K7GKU4
Q04771	15	A	G	K7GKU4
Q04771	43	G	S	K7GKU4
Q04771	43	G	S	K7GKU4
Q04771	47	H	Q	K7GKU4
Q04771	47	H	Q	K7GKU4
Q04771	47	H	Q	K7GKU4
Q04771	370	V	A	K7GKU4
Q04771	370	V	A	K7GKU4
Q04771	4	G	E	K7GKU4
Q04771	15	A	G	K7GKU4
Q04771	15	A	G	K7GKU4
Q04771	15	A	G	K7GKU4
Q04771	15	A	G	K7GKU4
Q04771	43	G	S	K7GKU4
Q04771	43	G	S	K7GKU4
Q04771	47	H	Q	K7GKU4
Q04771	47	H	Q	K7GKU4
Q04771	47	H	Q	K7GKU4
Q04771	370	V	A	K7GKU4
Q04771	370	V	A	K7GKU4
Q04771	4	G	E	K7GKU4
Q04771	15	A	G	K7GKU4
Q04771	15	A	G	K7GKU4
Q04771	15	A	G	K7GKU4
Q04771	15	A	G	K7GKU4
Q04771	43	G	S	K7GKU4
Q04771	43	G	S	K7GKU4
Q04771	47	H	Q	K7GKU4
Q04771	47	H	Q	K7GKU4
Q04771	47	H	Q	K7GKU4
Q04771	370	V	A	K7GKU4
Q04771	370	V	A	K7GKU4
Q04771	4	G	E	K7GKU4
Q04771	15	A	G	K7GKU4
Q04771	15	A	G	K7GKU4
Q04771	15	A	G	K7GKU4
Q04771	15	A	G	K7GKU4
Q04771	43	G	S	K7GKU4
Q04771	43	G	S	K7GKU4
Q04771	47	H	Q	K7GKU4
Q04771	47	H	Q	K7GKU4
Q04771	47	H	Q	K7GKU4
Q04771	370	V	A	K7GKU4
Q04771	370	V	A	K7GKU4
Q04771	4	G	E	K7GKU4
Q04771	15	A	G	K7GKU4
Q04771	15	A	G	K7GKU4
Q04771	15	A	G	K7GKU4
Q04771	15	A	G	K7GKU4
Q04771	43	G	S	K7GKU4
Q04771	43	G	S	K7GKU4
Q04771	47	H	Q	K7GKU4
Q04771	47	H	Q	K7GKU4
Q04771	47	H	Q	K7GKU4
Q04771	370	V	A	K7GKU4
Q04771	370	V	A	K7GKU4
Q04771	4	G	E	K7GKU4
Q04771	15	A	G	K7GKU4
Q04771	15	A	G	K7GKU4
Q04771	15	A	G	K7GKU4
Q04771	15	A	G	K7GKU4
Q04771	43	G	S	K7GKU4
Q04771	43	G	S	K7GKU4
Q04771	47	H	Q	K7GKU4
Q04771	47	H	Q	K7GKU4
Q04771	47	H	Q	K7GKU4
Q04771	370	V	A	K7GKU4
Q04771	370	V	A	K7GKU4
Q04771	4	G	E	K7GKU4
Q04771	15	A	G	K7GKU4
Q04771	15	A	G	K7GKU4
Q04771	15	A	G	K7GKU4
Q04771	15	A	G	K7GKU4
Q04771	43	G	S	K7GKU4
Q04771	43	G	S	K7GKU4
Q04771	47	H	Q	K7GKU4
Q04771	47	H	Q	K7GKU4
Q04771	47	H	Q	K7GKU4
Q04771	370	V	A	K7GKU4
Q04771	370	V	A	K7GKU4
Q04771	4	G	E	K7GKU4
Q04771	15	A	G	K7GKU4
Q04771	15	A	G	K7GKU4
Q04771	15	A	G	K7GKU4
Q04771	15	A	G	K7GKU4
Q04771	43	G	S	K7GKU4
Q04771	43	G	S	K7GKU4
Q04771	47	H	Q	K7GKU4
Q04771	47	H	Q	K7GKU4
Q04771	47	H	Q	K7GKU4
Q04771	370	V	A	K7GKU4
Q04771	370	V	A	K7GKU4
Q04771	4	G	E	K7GKU4
Q04771	15	A	G	K7GKU4
Q04771	15	A	G	K7GKU4
Q04771	15	A	G	K7GKU4
Q04771	15	A	G	K7GKU4
Q04771	43	G	S	K7GKU4
Q04771	43	G	S	K7GKU4
Q04771	47	H	Q	K7GKU4
Q04771	47	H	Q	K7GKU4
Q04771	47	H	Q	K7GKU4
Q04771	370	V	A	K7GKU4
Q04771	370	V	A	K7GKU4
Q04771	4	G	E	K7GKU4
Q04771	15	A	G	K7GKU4
Q04771	15	A	G	K7GKU4
Q04771	15	A	G	K7GKU4
Q04771	15	A	G	K7GKU4
Q04771	43	G	S	K7GKU4
Q04771	43	G	S	K7GKU4
Q04771	47	H	Q	K7GKU4
Q04771	47	H	Q	K7GKU4
Q04771	47	H	Q	K7GKU4
Q04771	370	V	A	K7GKU4
Q04771	370	V	A	K7GKU4
Q04771	4	G	E	K7GKU4
Q04771	15	A	G	K7GKU4
Q04771	15	A	G	K7GKU4
Q04771	15	A	G	K7GKU4
Q04771	15	A	G	K7GKU4
Q04771	43	G	S	K7GKU4
Q04771	43	G	S	K7GKU4
Q04771	47	H	Q	K7GKU4
Q04771	47	H	Q	K7GKU4
Q04771	47	H	Q	K7GKU4
Q04771	370	V	A	K7GKU4
Q04771	370	V	A	K7GKU4
Q04771	4	G	E	K7GKU4
Q04771	15	A	G	K7GKU4
Q04771	15	A	G	K7GKU4
Q04771	15	A	G	K7GKU4
Q04771	15	A	G	K7GKU4
Q04771	43	G	S	K7GKU4
Q04771	43	G	S	K7GKU4
Q04771	47	H	Q	K7GKU4
Q04771	47	H	Q	K7GKU4
Q04771	47	H	Q	K7GKU4
Q04771	370	V	A	K7GKU4
Q04771	370	V	A	K7GKU4
Q05315	28	A	V	G1QE01
Q05315	65	N	K	G1QE01
Q05315	130	I	S	G1QE01
Q05315	130	I	S	G1QE01
Q05329	153	P	Q	S9XRT2
Q05329	153	P	Q	S9XRT2
Q05329	228	I	T	S9XRT2
Q05329	228	I	T	S9XRT2
Q05329	232	G	E	S9XRT2
Q05329	232	G	E	S9XRT2
Q05329	269	A	T	S9XRT2
Q05329	269	A	T	S9XRT2
Q05329	153	P	Q	S9XRT2
Q05329	153	P	Q	S9XRT2
Q05329	228	I	T	S9XRT2
Q05329	228	I	T	S9XRT2
Q05329	232	G	E	S9XRT2
Q05329	232	G	E	S9XRT2
Q05329	269	A	T	S9XRT2
Q05329	269	A	T	S9XRT2
Q05469	56	R	K	A0A2K5JB37
Q05469	56	R	K	A0A2K5JB37
Q05469	94	A	T	A0A2K5JB37
Q05469	94	A	T	A0A2K5JB37
Q05469	94	A	T	A0A2K5JB37
Q05469	99	P	S	A0A2K5JB37
Q05469	99	P	S	A0A2K5JB37
Q05469	100	Y	H	A0A2K5JB37
Q05469	146	P	S	A0A2K5JB37
Q05469	146	P	S	A0A2K5JB37
Q05469	177	S	T	A0A2K5JB37
Q05469	194	A	V	A0A2K5JB37
Q05469	194	A	V	A0A2K5JB37
Q05469	217	R	Q	A0A2K5JB37
Q05469	404	R	C	A0A2K5JB37
Q05469	404	R	C	A0A2K5JB37
Q05469	404	R	C	A0A2K5JB37
Q05469	497	K	N	A0A2K5JB37
Q05469	497	K	N	A0A2K5JB37
Q05469	499	N	H	A0A2K5JB37
Q05469	499	N	H	A0A2K5JB37
Q05469	519	D	N	A0A2K5JB37
Q05469	519	D	N	A0A2K5JB37
Q05469	519	D	N	A0A2K5JB37
Q05469	521	E	K	A0A2K5JB37
Q05469	521	E	K	A0A2K5JB37
Q05469	742	G	R	A0A2K5JB37
Q05469	742	G	R	A0A2K5JB37
Q05469	742	G	R	A0A2K5JB37
Q05469	888	S	P	A0A2K5JB37
Q05469	888	S	P	A0A2K5JB37
Q05469	938	R	S	A0A2K5JB37
Q05469	938	R	S	A0A2K5JB37
Q05469	1058	G	R	A0A2K5JB37
Q05469	1058	G	R	A0A2K5JB37
Q05707	6	R	C	A0A0F8BNK2
Q05707	6	R	C	A0A0F8BNK2
Q05707	92	D	G	A0A0F8BNK2
Q05707	92	D	G	A0A0F8BNK2
Q05707	150	V	L	A0A0F8BNK2
Q05707	150	V	L	A0A0F8BNK2
Q05707	458	S	N	A0A0F8BNK2
Q05707	458	S	N	A0A0F8BNK2
Q05707	521	E	A	A0A0F8BNK2
Q05707	521	E	A	A0A0F8BNK2
Q05707	563	N	H	A0A0F8BNK2
Q05707	627	Q	P	A0A0F8BNK2
Q05707	627	Q	P	A0A0F8BNK2
Q05707	744	G	S	A0A0F8BNK2
Q05707	744	G	S	A0A0F8BNK2
Q05707	844	R	W	A0A0F8BNK2
Q05707	844	R	W	A0A0F8BNK2
Q05707	855	P	L	A0A0F8BNK2
Q05707	855	P	L	A0A0F8BNK2
Q05707	922	V	I	A0A0F8BNK2
Q05707	922	V	I	A0A0F8BNK2
Q05707	1136	K	R	A0A0F8BNK2
Q05707	1136	K	R	A0A0F8BNK2
Q05707	1189	V	I	A0A0F8BNK2
Q05707	1189	V	I	A0A0F8BNK2
Q05707	1342	V	L	A0A0F8BNK2
Q06190	67	D	N	M4A416
Q06190	67	D	G	M4A416
Q06190	171	A	S	M4A416
Q06190	481	P	A	M4A416
Q06190	564	I	V	M4A416
Q06190	642	S	G	M4A416
Q06190	711	R	Q	M4A416
Q06418	346	I	N	A0A1A6H3Y8
Q06418	669	V	L	A0A1A6H3Y8
Q06418	669	V	L	A0A1A6H3Y8
Q06418	675	G	R	A0A1A6H3Y8
Q06418	675	G	R	A0A1A6H3Y8
Q06418	815	A	V	A0A1A6H3Y8
Q06418	815	A	V	A0A1A6H3Y8
Q06495	9	G	W	A0A061IHI1
Q06495	9	G	W	A0A061IHI1
Q06495	75	P	S	A0A061IHI1
Q06495	75	P	S	A0A061IHI1
Q06495	75	P	S	A0A061IHI1
Q06495	95	R	H	A0A061IHI1
Q06495	95	R	H	A0A061IHI1
Q06495	95	R	H	A0A061IHI1
Q06495	95	R	H	A0A061IHI1
Q06495	95	R	H	A0A061IHI1
Q06495	133	A	V	A0A061IHI1
Q06495	133	A	T	A0A061IHI1
Q06495	133	A	V	A0A061IHI1
Q06495	133	A	V	A0A061IHI1
Q06495	133	A	V	A0A061IHI1
Q06495	133	A	T	A0A061IHI1
Q06495	133	A	V	A0A061IHI1
Q06495	202	V	M	A0A061IHI1
Q06495	202	V	M	A0A061IHI1
Q06495	202	V	M	A0A061IHI1
Q06495	218	A	T	A0A061IHI1
Q06495	218	A	T	A0A061IHI1
Q06495	568	H	Y	A0A061IHI1
Q06495	568	H	Y	A0A061IHI1
Q06495	568	H	Y	A0A061IHI1
Q06495	568	H	Y	A0A061IHI1
Q06495	568	H	Y	A0A061IHI1
Q06495	568	H	Y	A0A061IHI1
Q06495	568	H	Y	A0A061IHI1
Q06495	627	R	H	A0A061IHI1
Q06945	28	L	V	F6WHW4
Q06945	28	L	V	F6WHW4
Q07021	6	R	L	A0A1S3EMT8
Q07021	57	G	S	A0A1S3EMT8
Q07021	130	T	M	A0A1S3EMT8
Q07021	176	D	H	A0A1S3EMT8
Q07837	182	E	K	H2E958
Q07837	618	M	I	H2E958
Q07837	618	M	I	H2E958
Q07837	618	M	I	H2E958
Q07889	25	P	S	A0A2U3X9C9
Q07889	25	P	S	A0A2U3X9C9
Q07889	25	P	S	A0A2U3X9C9
Q07889	25	P	S	A0A2U3X9C9
Q07889	25	P	S	A0A2U3X9C9
Q07889	25	P	S	A0A2U3X9C9
Q07889	94	I	V	A0A2U3X9C9
Q07889	94	I	V	A0A2U3X9C9
Q07889	94	I	V	A0A2U3X9C9
Q07889	94	I	V	A0A2U3X9C9
Q07889	94	I	V	A0A2U3X9C9
Q07889	591	N	S	A0A2U3X9C9
Q07889	591	N	S	A0A2U3X9C9
Q07889	591	N	S	A0A2U3X9C9
Q07889	655	P	L	A0A2U3X9C9
Q07889	655	P	L	A0A2U3X9C9
Q07889	655	P	L	A0A2U3X9C9
Q07889	655	P	L	A0A2U3X9C9
Q07889	655	P	L	A0A2U3X9C9
Q07889	655	P	L	A0A2U3X9C9
Q07889	655	P	L	A0A2U3X9C9
Q07889	655	P	L	A0A2U3X9C9
Q07889	663	I	V	A0A2U3X9C9
Q07889	663	I	V	A0A2U3X9C9
Q07889	663	I	V	A0A2U3X9C9
Q07889	670	L	F	A0A2U3X9C9
Q07889	670	L	F	A0A2U3X9C9
Q07889	708	A	T	A0A2U3X9C9
Q07889	708	A	T	A0A2U3X9C9
Q07889	708	A	T	A0A2U3X9C9
Q07889	708	A	T	A0A2U3X9C9
Q07889	708	A	T	A0A2U3X9C9
Q07889	708	A	T	A0A2U3X9C9
Q07889	708	A	T	A0A2U3X9C9
Q07889	708	A	T	A0A2U3X9C9
Q07889	708	A	T	A0A2U3X9C9
Q07889	708	A	T	A0A2U3X9C9
Q07889	708	A	T	A0A2U3X9C9
Q07889	999	N	S	A0A2U3X9C9
Q07889	1207	P	R	A0A2U3X9C9
Q07889	1207	P	R	A0A2U3X9C9
Q07890	183	L	F	M4AJM7
Q07890	183	L	F	M4AJM7
Q07890	183	L	F	M4AJM7
Q07890	183	L	F	M4AJM7
Q07890	183	L	F	M4AJM7
Q07890	183	L	F	M4AJM7
Q07890	183	L	F	M4AJM7
Q07890	191	P	R	M4AJM7
Q07890	191	P	R	M4AJM7
Q07890	191	P	R	M4AJM7
Q07890	191	P	R	M4AJM7
Q07890	200	Y	C	M4AJM7
Q07890	200	Y	C	M4AJM7
Q07890	200	Y	C	M4AJM7
Q07890	208	A	T	M4AJM7
Q07890	208	A	T	M4AJM7
Q07890	208	A	T	M4AJM7
Q07890	215	R	Q	M4AJM7
Q07890	227	A	G	M4AJM7
Q07890	237	P	T	M4AJM7
Q07890	400	D	N	M4AJM7
Q07890	400	D	N	M4AJM7
Q07890	400	D	N	M4AJM7
Q07890	400	D	N	M4AJM7
Q07890	404	P	L	M4AJM7
Q07890	483	S	N	M4AJM7
Q07890	483	S	N	M4AJM7
Q07890	483	S	N	M4AJM7
Q07890	483	S	N	M4AJM7
Q07890	483	S	N	M4AJM7
Q07890	507	E	D	M4AJM7
Q07890	507	E	D	M4AJM7
Q07890	507	E	D	M4AJM7
Q07890	630	R	H	M4AJM7
Q07890	630	R	H	M4AJM7
Q07890	672	L	I	M4AJM7
Q07890	672	L	I	M4AJM7
Q07890	672	L	I	M4AJM7
Q07890	672	L	I	M4AJM7
Q07890	707	E	G	M4AJM7
Q07890	707	E	G	M4AJM7
Q07890	713	E	Q	M4AJM7
Q07890	713	E	Q	M4AJM7
Q07890	713	E	Q	M4AJM7
Q07890	740	Q	H	M4AJM7
Q07890	773	D	H	M4AJM7
Q07890	773	D	H	M4AJM7
Q07890	773	D	H	M4AJM7
Q07890	773	D	H	M4AJM7
Q07890	773	D	H	M4AJM7
Q07890	784	R	C	M4AJM7
Q07890	869	V	I	M4AJM7
Q07890	869	V	I	M4AJM7
Q07890	869	V	I	M4AJM7
Q07890	952	D	N	M4AJM7
Q07890	952	D	N	M4AJM7
Q07890	952	D	N	M4AJM7
Q07890	952	D	N	M4AJM7
Q07890	952	D	N	M4AJM7
Q07890	1030	T	A	M4AJM7
Q07890	1030	T	A	M4AJM7
Q07890	1030	T	A	M4AJM7
Q07890	1030	T	A	M4AJM7
Q07890	1030	T	A	M4AJM7
Q07890	1084	T	A	M4AJM7
Q07890	1084	T	A	M4AJM7
Q07890	1084	T	A	M4AJM7
Q07890	1084	T	A	M4AJM7
Q07890	1097	S	P	M4AJM7
Q07890	1097	S	P	M4AJM7
Q07890	1168	S	Y	M4AJM7
Q07890	1168	S	Y	M4AJM7
Q07890	1168	S	Y	M4AJM7
Q07890	1201	H	R	M4AJM7
Q07890	1205	P	L	M4AJM7
Q07890	1205	P	L	M4AJM7
Q07890	1205	P	L	M4AJM7
Q07890	1215	T	S	M4AJM7
Q07890	1227	F	L	M4AJM7
Q07890	1248	W	C	M4AJM7
Q07890	1248	W	C	M4AJM7
Q07890	1248	W	C	M4AJM7
Q07890	1248	W	C	M4AJM7
Q07890	1257	N	D	M4AJM7
Q07890	1257	N	D	M4AJM7
Q07890	1257	N	D	M4AJM7
Q07890	1275	Y	C	M4AJM7
Q07890	1275	Y	C	M4AJM7
Q07890	1277	L	P	M4AJM7
Q07890	1277	L	P	M4AJM7
Q07890	1277	L	P	M4AJM7
Q07890	1277	L	P	M4AJM7
Q07890	1277	L	P	M4AJM7
Q07890	1318	P	S	M4AJM7
Q07890	1318	P	S	M4AJM7
Q07890	1318	P	S	M4AJM7
Q07890	1318	P	S	M4AJM7
Q07890	1318	P	S	M4AJM7
Q08188	13	T	K	L8IQL6
Q08188	163	I	L	L8IQL6
Q08188	249	S	N	L8IQL6
Q08188	468	A	V	L8IQL6
Q08188	468	A	V	L8IQL6
Q08188	650	G	E	L8IQL6
Q08188	650	G	E	L8IQL6
Q08188	654	G	R	L8IQL6
Q08334	25	E	K	A0A2K6UCD6
Q08334	25	E	K	A0A2K6UCD6
Q08334	44	A	V	A0A2K6UCD6
Q08334	44	A	V	A0A2K6UCD6
Q08334	47	K	E	A0A2K6UCD6
Q08334	47	K	E	A0A2K6UCD6
Q08334	130	R	C	A0A2K6UCD6
Q08334	243	A	S	A0A2K6UCD6
Q08345	17	S	G	Q4SNG7
Q08345	17	S	G	Q4SNG7
Q08345	488	R	W	Q4SNG7
Q08345	17	S	G	Q4SNG7
Q08345	17	S	G	Q4SNG7
Q08345	488	R	W	Q4SNG7
Q08345	17	S	G	Q4SNG7
Q08345	17	S	G	Q4SNG7
Q08345	17	S	G	Q4SNG7
Q08345	17	S	G	Q4SNG7
Q08345	488	R	W	Q4SNG7
Q08345	17	S	G	Q4SNG7
Q08345	17	S	G	Q4SNG7
Q08345	17	S	G	Q4SNG7
Q08345	17	S	G	Q4SNG7
Q08345	488	R	W	Q4SNG7
Q08345	17	S	G	Q4SNG7
Q08345	17	S	G	Q4SNG7
Q08345	17	S	G	Q4SNG7
Q08345	17	S	G	Q4SNG7
Q08345	488	R	W	Q4SNG7
Q08345	17	S	G	Q4SNG7
Q08345	17	S	G	Q4SNG7
Q08345	17	S	G	Q4SNG7
Q08345	17	S	G	Q4SNG7
Q08345	488	R	W	Q4SNG7
Q08345	17	S	G	Q4SNG7
Q08345	17	S	G	Q4SNG7
Q08345	17	S	G	Q4SNG7
Q08345	17	S	G	Q4SNG7
Q08345	488	R	W	Q4SNG7
Q08345	17	S	G	Q4SNG7
Q08345	17	S	G	Q4SNG7
Q08345	17	S	G	Q4SNG7
Q08345	17	S	G	Q4SNG7
Q08345	488	R	W	Q4SNG7
Q08345	17	S	G	Q4SNG7
Q08345	17	S	G	Q4SNG7
Q08345	17	S	G	Q4SNG7
Q08345	17	S	G	Q4SNG7
Q08345	488	R	W	Q4SNG7
Q08345	17	S	G	Q4SNG7
Q08345	17	S	G	Q4SNG7
Q08345	17	S	G	Q4SNG7
Q08345	17	S	G	Q4SNG7
Q08345	488	R	W	Q4SNG7
Q08345	17	S	G	Q4SNG7
Q08345	17	S	G	Q4SNG7
Q08345	488	R	W	Q4SNG7
Q08345	17	S	G	Q4SNG7
Q08345	17	S	G	Q4SNG7
Q08345	17	S	G	Q4SNG7
Q08345	17	S	G	Q4SNG7
Q08345	488	R	W	Q4SNG7
Q08345	17	S	G	Q4SNG7
Q08345	17	S	G	Q4SNG7
Q08345	17	S	G	Q4SNG7
Q08345	17	S	G	Q4SNG7
Q08345	488	R	W	Q4SNG7
Q08345	17	S	G	Q4SNG7
Q08345	17	S	G	Q4SNG7
Q08345	17	S	G	Q4SNG7
Q08345	17	S	G	Q4SNG7
Q08345	488	R	W	Q4SNG7
Q08345	17	S	G	Q4SNG7
Q08345	17	S	G	Q4SNG7
Q08345	17	S	G	Q4SNG7
Q08345	17	S	G	Q4SNG7
Q08345	488	R	W	Q4SNG7
Q08357	178	N	S	A0A2R9A5Q7
Q08357	178	N	S	A0A2R9A5Q7
Q08357	254	R	Q	A0A2R9A5Q7
Q08357	254	R	Q	A0A2R9A5Q7
Q08357	254	R	Q	A0A2R9A5Q7
Q08357	263	V	I	A0A2R9A5Q7
Q08357	263	V	I	A0A2R9A5Q7
Q08357	304	G	S	A0A2R9A5Q7
Q08357	304	G	S	A0A2R9A5Q7
Q08357	304	G	S	A0A2R9A5Q7
Q08357	304	G	S	A0A2R9A5Q7
Q08357	400	A	T	A0A2R9A5Q7
Q08357	400	A	T	A0A2R9A5Q7
Q08357	446	E	D	A0A2R9A5Q7
Q08357	446	E	D	A0A2R9A5Q7
Q08357	459	E	D	A0A2R9A5Q7
Q08357	459	E	D	A0A2R9A5Q7
Q08357	480	A	T	A0A2R9A5Q7
Q08357	480	A	T	A0A2R9A5Q7
Q08357	480	A	T	A0A2R9A5Q7
Q08357	609	R	C	A0A2R9A5Q7
Q08357	645	M	K	A0A2R9A5Q7
Q08357	645	M	K	A0A2R9A5Q7
Q08357	178	N	S	A0A2R9A5Q7
Q08357	178	N	S	A0A2R9A5Q7
Q08357	254	R	Q	A0A2R9A5Q7
Q08357	254	R	Q	A0A2R9A5Q7
Q08357	254	R	Q	A0A2R9A5Q7
Q08357	263	V	I	A0A2R9A5Q7
Q08357	263	V	I	A0A2R9A5Q7
Q08357	304	G	S	A0A2R9A5Q7
Q08357	304	G	S	A0A2R9A5Q7
Q08357	304	G	S	A0A2R9A5Q7
Q08357	304	G	S	A0A2R9A5Q7
Q08357	400	A	T	A0A2R9A5Q7
Q08357	400	A	T	A0A2R9A5Q7
Q08357	446	E	D	A0A2R9A5Q7
Q08357	446	E	D	A0A2R9A5Q7
Q08357	459	E	D	A0A2R9A5Q7
Q08357	459	E	D	A0A2R9A5Q7
Q08357	480	A	T	A0A2R9A5Q7
Q08357	480	A	T	A0A2R9A5Q7
Q08357	480	A	T	A0A2R9A5Q7
Q08357	609	R	C	A0A2R9A5Q7
Q08357	645	M	K	A0A2R9A5Q7
Q08357	645	M	K	A0A2R9A5Q7
Q08357	178	N	S	A0A2R9A5Q7
Q08357	178	N	S	A0A2R9A5Q7
Q08357	254	R	Q	A0A2R9A5Q7
Q08357	254	R	Q	A0A2R9A5Q7
Q08357	254	R	Q	A0A2R9A5Q7
Q08357	263	V	I	A0A2R9A5Q7
Q08357	263	V	I	A0A2R9A5Q7
Q08357	304	G	S	A0A2R9A5Q7
Q08357	304	G	S	A0A2R9A5Q7
Q08357	304	G	S	A0A2R9A5Q7
Q08357	304	G	S	A0A2R9A5Q7
Q08357	400	A	T	A0A2R9A5Q7
Q08357	400	A	T	A0A2R9A5Q7
Q08357	446	E	D	A0A2R9A5Q7
Q08357	446	E	D	A0A2R9A5Q7
Q08357	459	E	D	A0A2R9A5Q7
Q08357	459	E	D	A0A2R9A5Q7
Q08357	480	A	T	A0A2R9A5Q7
Q08357	480	A	T	A0A2R9A5Q7
Q08357	480	A	T	A0A2R9A5Q7
Q08357	609	R	C	A0A2R9A5Q7
Q08357	645	M	K	A0A2R9A5Q7
Q08357	645	M	K	A0A2R9A5Q7
Q08378	70	G	E	H0ZD32
Q08378	79	P	Q	H0ZD32
Q08378	81	S	C	H0ZD32
Q08378	81	S	P	H0ZD32
Q08378	264	P	L	H0ZD32
Q08378	380	N	S	H0ZD32
Q08378	563	A	V	H0ZD32
Q08378	563	A	V	H0ZD32
Q08378	890	V	A	H0ZD32
Q08378	890	V	A	H0ZD32
Q08378	1185	K	R	H0ZD32
Q08378	1221	K	E	H0ZD32
Q08378	1238	D	N	H0ZD32
Q08378	1243	R	Q	H0ZD32
Q08378	70	G	E	H0ZD32
Q08378	79	P	Q	H0ZD32
Q08378	81	S	C	H0ZD32
Q08378	81	S	P	H0ZD32
Q08378	264	P	L	H0ZD32
Q08378	380	N	S	H0ZD32
Q08378	563	A	V	H0ZD32
Q08378	563	A	V	H0ZD32
Q08378	890	V	A	H0ZD32
Q08378	890	V	A	H0ZD32
Q08378	1185	K	R	H0ZD32
Q08378	1221	K	E	H0ZD32
Q08378	1238	D	N	H0ZD32
Q08378	1243	R	Q	H0ZD32
Q08881	171	P	L	A0A2I0UA01
Q08881	193	R	Q	A0A2I0UA01
Q08881	193	R	Q	A0A2I0UA01
Q08881	193	R	Q	A0A2I0UA01
Q08881	587	V	I	A0A2I0UA01
Q08881	587	V	I	A0A2I0UA01
Q08881	587	V	I	A0A2I0UA01
Q08881	587	V	I	A0A2I0UA01
Q08881	587	V	I	A0A2I0UA01
Q08881	610	R	C	A0A2I0UA01
Q08AD1	1028	P	R	G1PV00
Q08AD1	1028	P	R	G1PV00
Q08AD1	1028	P	R	G1PV00
Q08AD1	1028	P	R	G1PV00
Q08AH1	176	A	P	A0A257AJY6
Q08AH1	258	K	R	A0A257AJY6
Q08AH1	258	K	R	A0A257AJY6
Q08AH1	278	T	S	A0A257AJY6
Q08AH1	479	I	V	A0A257AJY6
Q08AH1	176	A	P	A0A257AJY6
Q08AH1	258	K	R	A0A257AJY6
Q08AH1	258	K	R	A0A257AJY6
Q08AH1	278	T	S	A0A257AJY6
Q08AH1	479	I	V	A0A257AJY6
Q08AH3	5	R	Q	A0A257AJY6
Q08AH3	17	Q	H	A0A257AJY6
Q08AH3	64	L	P	A0A257AJY6
Q08AH3	78	E	K	A0A257AJY6
Q08AH3	438	R	Q	A0A257AJY6
Q08AH3	463	N	D	A0A257AJY6
Q08AH3	472	R	W	A0A257AJY6
Q08AH3	472	R	W	A0A257AJY6
Q08AH3	513	S	L	A0A257AJY6
Q08AH3	5	R	Q	A0A257AJY6
Q08AH3	17	Q	H	A0A257AJY6
Q08AH3	64	L	P	A0A257AJY6
Q08AH3	78	E	K	A0A257AJY6
Q08AH3	438	R	Q	A0A257AJY6
Q08AH3	463	N	D	A0A257AJY6
Q08AH3	472	R	W	A0A257AJY6
Q08AH3	472	R	W	A0A257AJY6
Q08AH3	513	S	L	A0A257AJY6
Q08AH3	5	R	Q	A0A257AJY6
Q08AH3	17	Q	H	A0A257AJY6
Q08AH3	64	L	P	A0A257AJY6
Q08AH3	78	E	K	A0A257AJY6
Q08AH3	438	R	Q	A0A257AJY6
Q08AH3	463	N	D	A0A257AJY6
Q08AH3	472	R	W	A0A257AJY6
Q08AH3	472	R	W	A0A257AJY6
Q08AH3	513	S	L	A0A257AJY6
Q08AH3	5	R	Q	A0A257AJY6
Q08AH3	17	Q	H	A0A257AJY6
Q08AH3	64	L	P	A0A257AJY6
Q08AH3	78	E	K	A0A257AJY6
Q08AH3	438	R	Q	A0A257AJY6
Q08AH3	463	N	D	A0A257AJY6
Q08AH3	472	R	W	A0A257AJY6
Q08AH3	472	R	W	A0A257AJY6
Q08AH3	513	S	L	A0A257AJY6
Q08ET2	72	V	A	A0A2K5KC68
Q08ET2	357	V	I	A0A2K5KC68
Q09019	582	A	V	G3PIK2
Q09428	201	P	L	G3WN43
Q09428	201	P	L	G3WN43
Q09428	560	V	M	G3WN43
Q09428	560	V	M	G3WN43
Q09428	560	V	M	G3WN43
Q09428	560	V	M	G3WN43
Q09428	560	V	M	G3WN43
Q09428	560	V	M	G3WN43
Q09428	560	V	M	G3WN43
Q09428	757	T	R	G3WN43
Q09428	808	Q	K	G3WN43
Q09428	808	Q	K	G3WN43
Q09428	808	Q	K	G3WN43
Q09428	808	Q	K	G3WN43
Q09428	963	D	G	G3WN43
Q09428	1369	A	S	G3WN43
Q09428	1369	A	S	G3WN43
Q09428	1369	A	S	G3WN43
Q09428	1369	A	S	G3WN43
Q09428	1369	A	S	G3WN43
Q09428	1369	A	S	G3WN43
Q09428	1369	A	S	G3WN43
Q09428	1369	A	S	G3WN43
Q09428	1369	A	S	G3WN43
Q09428	1369	A	S	G3WN43
Q09428	1369	A	S	G3WN43
Q09428	1369	A	S	G3WN43
Q09470	443	R	G	H3BG81
Q09470	443	R	G	H3BG81
Q09470	443	R	G	H3BG81
Q09470	443	R	G	H3BG81
Q0VDD7	31	D	Y	H0XIC9
Q0VDD7	92	L	V	H0XIC9
Q0VDD7	267	G	R	H0XIC9
Q0VDD7	500	Q	R	H0XIC9
Q0VDD7	267	G	R	H0XIC9
Q0VDD7	267	G	R	H0XIC9
Q0VDD7	500	Q	R	H0XIC9
Q0VDD7	500	Q	R	H0XIC9
Q0VFZ6	298	R	K	G1T2E7
Q0VFZ6	405	A	G	G1T2E7
Q0VFZ6	532	Y	C	G1T2E7
Q0VFZ6	537	P	S	G1T2E7
Q0VG99	23	G	S	H0WC97
Q0VG99	23	G	S	H0WC97
Q0VG99	23	G	S	H0WC97
Q0VG99	66	A	G	H0WC97
Q0VG99	66	A	G	H0WC97
Q0VG99	66	A	G	H0WC97
Q0VG99	66	A	G	H0WC97
Q0VG99	117	Q	R	H0WC97
Q0VG99	117	Q	R	H0WC97
Q0VG99	138	V	M	H0WC97
Q0VG99	138	V	M	H0WC97
Q0VG99	138	V	M	H0WC97
Q0VG99	138	V	M	H0WC97
Q0VG99	224	S	P	H0WC97
Q0VG99	224	S	P	H0WC97
Q0VG99	224	S	F	H0WC97
Q0VG99	224	S	F	H0WC97
Q0VG99	224	S	F	H0WC97
Q0VG99	224	S	F	H0WC97
Q0VG99	287	P	S	H0WC97
Q0VG99	287	P	S	H0WC97
Q0VG99	287	P	S	H0WC97
Q0VG99	303	L	P	H0WC97
Q0VG99	303	L	P	H0WC97
Q0VG99	303	L	P	H0WC97
Q0VG99	303	L	P	H0WC97
Q10586	24	G	S	A0A1S3G4V3
Q10586	24	G	S	A0A1S3G4V3
Q12769	6	A	T	V8PFQ6
Q12769	6	A	S	V8PFQ6
Q12769	317	T	A	V8PFQ6
Q12769	957	G	S	V8PFQ6
Q12791	850	V	I	Q5QJC5
Q12791	850	V	I	Q5QJC5
Q12791	850	V	I	Q5QJC5
Q12791	850	V	I	Q5QJC5
Q12796	39	P	S	L9K8K8
Q12796	149	P	R	L9K8K8
Q12851	120	A	S	U3I8E0
Q12851	120	A	S	U3I8E0
Q12851	580	R	H	U3I8E0
Q12851	580	R	H	U3I8E0
Q12857	65	P	L	V9KS27
Q12904	79	P	A	A0A0D9QVF5
Q12904	104	T	A	A0A0D9QVF5
Q12904	104	T	A	A0A0D9QVF5
Q12904	117	T	A	A0A0D9QVF5
Q12904	117	T	A	A0A0D9QVF5
Q12904	121	K	N	A0A0D9QVF5
Q12904	121	K	N	A0A0D9QVF5
Q12904	79	P	A	A0A0D9QVF5
Q12904	104	T	A	A0A0D9QVF5
Q12904	104	T	A	A0A0D9QVF5
Q12904	117	T	A	A0A0D9QVF5
Q12904	117	T	A	A0A0D9QVF5
Q12904	121	K	N	A0A0D9QVF5
Q12904	121	K	N	A0A0D9QVF5
Q12904	79	P	A	A0A0D9QVF5
Q12904	104	T	A	A0A0D9QVF5
Q12904	104	T	A	A0A0D9QVF5
Q12904	117	T	A	A0A0D9QVF5
Q12904	117	T	A	A0A0D9QVF5
Q12904	121	K	N	A0A0D9QVF5
Q12904	121	K	N	A0A0D9QVF5
Q12904	79	P	A	A0A0D9QVF5
Q12904	104	T	A	A0A0D9QVF5
Q12904	104	T	A	A0A0D9QVF5
Q12904	117	T	A	A0A0D9QVF5
Q12904	117	T	A	A0A0D9QVF5
Q12904	121	K	N	A0A0D9QVF5
Q12904	121	K	N	A0A0D9QVF5
Q12904	79	P	A	A0A0D9QVF5
Q12904	104	T	A	A0A0D9QVF5
Q12904	104	T	A	A0A0D9QVF5
Q12904	117	T	A	A0A0D9QVF5
Q12904	117	T	A	A0A0D9QVF5
Q12904	121	K	N	A0A0D9QVF5
Q12904	121	K	N	A0A0D9QVF5
Q12904	79	P	A	A0A0D9QVF5
Q12904	104	T	A	A0A0D9QVF5
Q12904	104	T	A	A0A0D9QVF5
Q12904	117	T	A	A0A0D9QVF5
Q12904	117	T	A	A0A0D9QVF5
Q12904	121	K	N	A0A0D9QVF5
Q12904	121	K	N	A0A0D9QVF5
Q12904	79	P	A	A0A0D9QVF5
Q12904	104	T	A	A0A0D9QVF5
Q12904	104	T	A	A0A0D9QVF5
Q12904	117	T	A	A0A0D9QVF5
Q12904	117	T	A	A0A0D9QVF5
Q12904	121	K	N	A0A0D9QVF5
Q12904	121	K	N	A0A0D9QVF5
Q12904	79	P	A	A0A0D9QVF5
Q12904	104	T	A	A0A0D9QVF5
Q12904	104	T	A	A0A0D9QVF5
Q12904	117	T	A	A0A0D9QVF5
Q12904	117	T	A	A0A0D9QVF5
Q12904	121	K	N	A0A0D9QVF5
Q12904	121	K	N	A0A0D9QVF5
Q12904	79	P	A	A0A0D9QVF5
Q12904	104	T	A	A0A0D9QVF5
Q12904	104	T	A	A0A0D9QVF5
Q12904	117	T	A	A0A0D9QVF5
Q12904	117	T	A	A0A0D9QVF5
Q12904	121	K	N	A0A0D9QVF5
Q12904	121	K	N	A0A0D9QVF5
Q12904	79	P	A	A0A0D9QVF5
Q12904	104	T	A	A0A0D9QVF5
Q12904	104	T	A	A0A0D9QVF5
Q12904	117	T	A	A0A0D9QVF5
Q12904	117	T	A	A0A0D9QVF5
Q12904	121	K	N	A0A0D9QVF5
Q12904	121	K	N	A0A0D9QVF5
Q12908	64	R	W	A0A2I4CR74
Q12908	64	R	W	A0A2I4CR74
Q12908	98	V	I	A0A2I4CR74
Q12908	98	V	I	A0A2I4CR74
Q12908	159	V	I	A0A2I4CR74
Q12908	171	S	A	A0A2I4CR74
Q12908	171	S	A	A0A2I4CR74
Q12908	296	F	L	A0A2I4CR74
Q12908	296	F	L	A0A2I4CR74
Q12931	13	R	C	A0A1S2ZNF3
Q12931	13	R	C	A0A1S2ZNF3
Q12931	128	R	H	A0A1S2ZNF3
Q12931	128	R	H	A0A1S2ZNF3
Q12931	192	E	K	A0A1S2ZNF3
Q12931	259	S	L	A0A1S2ZNF3
Q12931	259	S	F	A0A1S2ZNF3
Q12931	259	S	L	A0A1S2ZNF3
Q12931	307	R	G	A0A1S2ZNF3
Q12931	307	R	G	A0A1S2ZNF3
Q12931	307	R	G	A0A1S2ZNF3
Q12931	395	D	E	A0A1S2ZNF3
Q12931	395	D	E	A0A1S2ZNF3
Q12931	444	Y	N	A0A1S2ZNF3
Q12931	444	Y	N	A0A1S2ZNF3
Q12931	491	R	Q	A0A1S2ZNF3
Q12931	491	R	Q	A0A1S2ZNF3
Q12931	602	R	Q	A0A1S2ZNF3
Q12931	602	R	Q	A0A1S2ZNF3
Q12931	692	R	H	A0A1S2ZNF3
Q12931	692	R	H	A0A1S2ZNF3
Q13009	31	R	H	W5K366
Q13009	31	R	H	W5K366
Q13009	109	T	I	W5K366
Q13009	247	G	V	W5K366
Q13009	247	G	R	W5K366
Q13009	844	Q	H	W5K366
Q13009	1023	D	V	W5K366
Q13009	31	R	H	W5K366
Q13009	31	R	H	W5K366
Q13009	109	T	I	W5K366
Q13009	247	G	V	W5K366
Q13009	247	G	R	W5K366
Q13009	844	Q	H	W5K366
Q13009	1023	D	V	W5K366
Q13033	16	A	T	A0A2C9K792
Q13033	471	N	S	A0A2C9K792
Q13093	191	K	N	W5KRT8
Q13093	191	K	N	W5KRT8
Q13093	279	V	F	W5KRT8
Q13093	279	V	F	W5KRT8
Q13093	279	V	F	W5KRT8
Q13093	379	V	A	W5KRT8
Q13093	379	V	A	W5KRT8
Q13093	191	K	N	W5KRT8
Q13093	191	K	N	W5KRT8
Q13093	279	V	F	W5KRT8
Q13093	279	V	F	W5KRT8
Q13093	279	V	F	W5KRT8
Q13093	379	V	A	W5KRT8
Q13093	379	V	A	W5KRT8
Q13112	63	A	V	H2MUF8
Q13112	415	P	L	H2MUF8
Q13112	415	P	L	H2MUF8
Q13112	506	K	Q	H2MUF8
Q13112	506	K	Q	H2MUF8
Q13112	507	T	M	H2MUF8
Q13112	507	T	M	H2MUF8
Q13126	46	I	L	A0A1S3FHZ6
Q13126	46	I	L	A0A1S3FHZ6
Q13126	56	V	I	A0A1S3FHZ6
Q13126	56	V	I	A0A1S3FHZ6
Q13126	56	V	I	A0A1S3FHZ6
Q13126	189	W	L	A0A1S3FHZ6
Q13126	189	W	L	A0A1S3FHZ6
Q13126	218	A	V	A0A1S3FHZ6
Q13126	218	A	V	A0A1S3FHZ6
Q13126	263	W	L	A0A1S3FHZ6
Q13126	263	W	L	A0A1S3FHZ6
Q13133	52	G	V	H2NZR6
Q13133	52	G	V	H2NZR6
Q13133	52	G	V	H2NZR6
Q13133	52	G	V	H2NZR6
Q13183	550	I	V	G3HSA6
Q13239	15	P	T	A0A151P8A7
Q13261	111	T	M	A0A2J8KTR3
Q13261	111	T	M	A0A2J8KTR3
Q13261	182	N	T	A0A2J8KTR3
Q13261	239	V	I	A0A2J8KTR3
Q13261	239	V	I	A0A2J8KTR3
Q13286	105	I	V	A0A091DTE8
Q13286	105	I	V	A0A091DTE8
Q13286	105	I	V	A0A091DTE8
Q13286	105	I	V	A0A091DTE8
Q13286	105	I	V	A0A091DTE8
Q13286	105	I	V	A0A091DTE8
Q13286	341	R	H	A0A091DTE8
Q13286	341	R	H	A0A091DTE8
Q13286	341	R	H	A0A091DTE8
Q13286	404	H	R	A0A091DTE8
Q13286	404	H	R	A0A091DTE8
Q13286	404	H	R	A0A091DTE8
Q13286	404	H	R	A0A091DTE8
Q13286	404	H	R	A0A091DTE8
Q13286	404	H	R	A0A091DTE8
Q13286	404	H	R	A0A091DTE8
Q13286	105	I	V	A0A091DTE8
Q13286	105	I	V	A0A091DTE8
Q13286	105	I	V	A0A091DTE8
Q13286	105	I	V	A0A091DTE8
Q13286	105	I	V	A0A091DTE8
Q13286	105	I	V	A0A091DTE8
Q13286	341	R	H	A0A091DTE8
Q13286	341	R	H	A0A091DTE8
Q13286	341	R	H	A0A091DTE8
Q13286	404	H	R	A0A091DTE8
Q13286	404	H	R	A0A091DTE8
Q13286	404	H	R	A0A091DTE8
Q13286	404	H	R	A0A091DTE8
Q13286	404	H	R	A0A091DTE8
Q13286	404	H	R	A0A091DTE8
Q13286	404	H	R	A0A091DTE8
Q13286	105	I	V	A0A091DTE8
Q13286	105	I	V	A0A091DTE8
Q13286	105	I	V	A0A091DTE8
Q13286	105	I	V	A0A091DTE8
Q13286	105	I	V	A0A091DTE8
Q13286	105	I	V	A0A091DTE8
Q13286	341	R	H	A0A091DTE8
Q13286	341	R	H	A0A091DTE8
Q13286	341	R	H	A0A091DTE8
Q13286	404	H	R	A0A091DTE8
Q13286	404	H	R	A0A091DTE8
Q13286	404	H	R	A0A091DTE8
Q13286	404	H	R	A0A091DTE8
Q13286	404	H	R	A0A091DTE8
Q13286	404	H	R	A0A091DTE8
Q13286	404	H	R	A0A091DTE8
Q13324	220	E	D	A0A2Y9PCV2
Q13324	240	V	I	A0A2Y9PCV2
Q13324	307	K	R	A0A2Y9PCV2
Q13324	307	K	R	A0A2Y9PCV2
Q13324	411	V	M	A0A2Y9PCV2
Q13324	411	V	M	A0A2Y9PCV2
Q13330	372	V	I	A0A2Y9JMI1
Q13330	546	R	P	A0A2Y9JMI1
Q13330	549	K	Q	A0A2Y9JMI1
Q13330	556	V	M	A0A2Y9JMI1
Q13330	556	V	M	A0A2Y9JMI1
Q13330	612	A	T	A0A2Y9JMI1
Q13363	241	V	I	A0A151PA46
Q13363	405	H	L	A0A151PA46
Q13363	410	P	L	A0A151PA46
Q13402	16	L	S	A0A1B0D0B9
Q13402	16	L	S	A0A1B0D0B9
Q13402	16	L	S	A0A1B0D0B9
Q13402	16	L	S	A0A1B0D0B9
Q13402	16	L	S	A0A1B0D0B9
Q13402	16	L	S	A0A1B0D0B9
Q13402	16	L	S	A0A1B0D0B9
Q13402	148	N	S	A0A1B0D0B9
Q13402	405	R	Q	A0A1B0D0B9
Q13402	679	V	I	A0A1B0D0B9
Q13402	679	V	I	A0A1B0D0B9
Q13402	679	V	I	A0A1B0D0B9
Q13402	679	V	I	A0A1B0D0B9
Q13402	679	V	I	A0A1B0D0B9
Q13402	679	V	I	A0A1B0D0B9
Q13402	679	V	I	A0A1B0D0B9
Q13402	679	V	I	A0A1B0D0B9
Q13402	717	D	N	A0A1B0D0B9
Q13402	746	D	N	A0A1B0D0B9
Q13402	746	D	N	A0A1B0D0B9
Q13402	746	D	N	A0A1B0D0B9
Q13402	746	D	N	A0A1B0D0B9
Q13402	746	D	N	A0A1B0D0B9
Q13402	746	D	N	A0A1B0D0B9
Q13402	746	D	N	A0A1B0D0B9
Q13402	1000	K	Q	A0A1B0D0B9
Q13402	1157	I	V	A0A1B0D0B9
Q13402	1157	I	V	A0A1B0D0B9
Q13402	1195	V	M	A0A1B0D0B9
Q13402	1195	V	M	A0A1B0D0B9
Q13402	1296	R	Q	A0A1B0D0B9
Q13402	1296	R	Q	A0A1B0D0B9
Q13402	1303	I	V	A0A1B0D0B9
Q13402	1337	E	K	A0A1B0D0B9
Q13402	1437	A	T	A0A1B0D0B9
Q13402	1437	A	T	A0A1B0D0B9
Q13402	1493	V	I	A0A1B0D0B9
Q13402	1530	S	L	A0A1B0D0B9
Q13402	1530	S	L	A0A1B0D0B9
Q13402	1530	S	L	A0A1B0D0B9
Q13402	1530	S	L	A0A1B0D0B9
Q13402	1530	S	L	A0A1B0D0B9
Q13402	1530	S	L	A0A1B0D0B9
Q13402	1530	S	L	A0A1B0D0B9
Q13402	1566	T	M	A0A1B0D0B9
Q13402	1566	T	M	A0A1B0D0B9
Q13402	1566	T	M	A0A1B0D0B9
Q13402	1566	T	M	A0A1B0D0B9
Q13402	1566	T	M	A0A1B0D0B9
Q13402	1566	T	M	A0A1B0D0B9
Q13402	1566	T	M	A0A1B0D0B9
Q13402	1602	R	Q	A0A1B0D0B9
Q13402	1602	R	Q	A0A1B0D0B9
Q13402	1602	R	Q	A0A1B0D0B9
Q13402	1602	R	Q	A0A1B0D0B9
Q13402	1602	R	Q	A0A1B0D0B9
Q13402	1602	R	Q	A0A1B0D0B9
Q13402	1602	R	Q	A0A1B0D0B9
Q13402	1602	R	Q	A0A1B0D0B9
Q13402	1666	S	C	A0A1B0D0B9
Q13402	1666	S	C	A0A1B0D0B9
Q13402	1666	S	C	A0A1B0D0B9
Q13402	1666	S	C	A0A1B0D0B9
Q13402	1666	S	C	A0A1B0D0B9
Q13402	1666	S	C	A0A1B0D0B9
Q13402	1666	S	C	A0A1B0D0B9
Q13402	1719	Y	C	A0A1B0D0B9
Q13402	1719	Y	C	A0A1B0D0B9
Q13402	1719	Y	C	A0A1B0D0B9
Q13402	1719	Y	C	A0A1B0D0B9
Q13402	1719	Y	C	A0A1B0D0B9
Q13402	1719	Y	C	A0A1B0D0B9
Q13402	1719	Y	C	A0A1B0D0B9
Q13402	1719	Y	C	A0A1B0D0B9
Q13402	1775	I	T	A0A1B0D0B9
Q13402	1775	I	T	A0A1B0D0B9
Q13402	1775	I	T	A0A1B0D0B9
Q13402	1786	S	T	A0A1B0D0B9
Q13402	1786	S	T	A0A1B0D0B9
Q13402	1786	S	T	A0A1B0D0B9
Q13402	1792	V	I	A0A1B0D0B9
Q13402	1792	V	I	A0A1B0D0B9
Q13402	1954	L	I	A0A1B0D0B9
Q13402	1954	L	I	A0A1B0D0B9
Q13402	1954	L	I	A0A1B0D0B9
Q13402	2008	M	T	A0A1B0D0B9
Q13402	2142	D	N	A0A1B0D0B9
Q13402	2142	D	N	A0A1B0D0B9
Q13402	2142	D	N	A0A1B0D0B9
Q13402	2142	D	N	A0A1B0D0B9
Q13402	2142	D	N	A0A1B0D0B9
Q13402	2142	D	N	A0A1B0D0B9
Q13402	2142	D	N	A0A1B0D0B9
Q13402	2214	G	S	A0A1B0D0B9
Q13402	2214	G	S	A0A1B0D0B9
Q13402	2214	G	S	A0A1B0D0B9
Q13402	2214	G	S	A0A1B0D0B9
Q13402	2214	G	S	A0A1B0D0B9
Q13402	2214	G	S	A0A1B0D0B9
Q13402	2214	G	S	A0A1B0D0B9
Q13402	2214	G	S	A0A1B0D0B9
Q13410	213	A	T	L5LUK5
Q13410	292	E	D	L5LUK5
Q13410	292	E	D	L5LUK5
Q13410	503	D	E	L5LUK5
Q13410	521	P	S	L5LUK5
Q13410	524	G	E	L5LUK5
Q13410	524	G	E	L5LUK5
Q13410	213	A	T	L5LUK5
Q13410	292	E	D	L5LUK5
Q13410	292	E	D	L5LUK5
Q13410	503	D	E	L5LUK5
Q13410	521	P	S	L5LUK5
Q13410	524	G	E	L5LUK5
Q13410	524	G	E	L5LUK5
Q13426	12	S	C	Q5XI44
Q13426	12	S	C	Q5XI44
Q13426	75	L	S	Q5XI44
Q13426	75	L	S	Q5XI44
Q13426	75	L	S	Q5XI44
Q13426	103	D	N	Q5XI44
Q13426	103	D	N	Q5XI44
Q13426	134	I	T	Q5XI44
Q13426	137	N	K	Q5XI44
Q13426	137	N	K	Q5XI44
Q13426	142	E	Q	Q5XI44
Q13426	142	E	Q	Q5XI44
Q13426	247	A	S	Q5XI44
Q13426	334	I	T	Q5XI44
Q13426	12	S	C	Q5XI44
Q13426	12	S	C	Q5XI44
Q13426	75	L	S	Q5XI44
Q13426	75	L	S	Q5XI44
Q13426	75	L	S	Q5XI44
Q13426	103	D	N	Q5XI44
Q13426	103	D	N	Q5XI44
Q13426	134	I	T	Q5XI44
Q13426	137	N	K	Q5XI44
Q13426	137	N	K	Q5XI44
Q13426	142	E	Q	Q5XI44
Q13426	142	E	Q	Q5XI44
Q13426	247	A	S	Q5XI44
Q13426	334	I	T	Q5XI44
Q13477	240	S	P	A0A2J8QUW2
Q13477	242	D	N	A0A2J8QUW2
Q13477	246	P	Q	A0A2J8QUW2
Q13477	248	S	P	A0A2J8QUW2
Q13477	262	P	Q	A0A2J8QUW2
Q13477	267	K	T	A0A2J8QUW2
Q13477	267	K	N	A0A2J8QUW2
Q13477	300	P	H	A0A2J8QUW2
Q13487	262	R	C	L5KC57
Q13488	52	V	L	A0A1S3PEW2
Q13488	52	V	L	A0A1S3PEW2
Q13488	52	V	L	A0A1S3PEW2
Q13488	56	R	W	A0A1S3PEW2
Q13488	56	R	W	A0A1S3PEW2
Q13488	56	R	W	A0A1S3PEW2
Q13488	56	R	W	A0A1S3PEW2
Q13488	56	R	W	A0A1S3PEW2
Q13488	83	K	E	A0A1S3PEW2
Q13488	83	K	E	A0A1S3PEW2
Q13488	83	K	E	A0A1S3PEW2
Q13488	83	K	E	A0A1S3PEW2
Q13488	92	R	W	A0A1S3PEW2
Q13488	92	R	W	A0A1S3PEW2
Q13488	103	R	C	A0A1S3PEW2
Q13488	103	R	C	A0A1S3PEW2
Q13488	103	R	C	A0A1S3PEW2
Q13488	138	P	S	A0A1S3PEW2
Q13488	138	P	S	A0A1S3PEW2
Q13488	138	P	S	A0A1S3PEW2
Q13488	160	G	E	A0A1S3PEW2
Q13488	160	G	E	A0A1S3PEW2
Q13488	160	G	E	A0A1S3PEW2
Q13488	160	G	E	A0A1S3PEW2
Q13488	204	P	L	A0A1S3PEW2
Q13488	204	P	L	A0A1S3PEW2
Q13488	204	P	L	A0A1S3PEW2
Q13488	440	F	S	A0A1S3PEW2
Q13488	558	V	L	A0A1S3PEW2
Q13488	558	V	L	A0A1S3PEW2
Q13488	558	V	L	A0A1S3PEW2
Q13488	558	V	L	A0A1S3PEW2
Q13488	558	V	L	A0A1S3PEW2
Q13488	572	P	L	A0A1S3PEW2
Q13488	572	P	L	A0A1S3PEW2
Q13488	572	P	L	A0A1S3PEW2
Q13488	601	A	T	A0A1S3PEW2
Q13488	769	A	V	A0A1S3PEW2
Q13488	826	A	T	A0A1S3PEW2
Q13488	826	A	T	A0A1S3PEW2
Q13488	826	A	T	A0A1S3PEW2
Q13488	826	A	T	A0A1S3PEW2
Q13535	90	H	Y	A0A093H141
Q13535	90	H	Y	A0A093H141
Q13535	90	H	Y	A0A093H141
Q13535	90	H	Y	A0A093H141
Q13535	109	R	W	A0A093H141
Q13535	109	R	W	A0A093H141
Q13535	109	R	W	A0A093H141
Q13535	211	M	T	A0A093H141
Q13535	211	M	T	A0A093H141
Q13535	211	M	T	A0A093H141
Q13535	211	M	T	A0A093H141
Q13535	297	K	N	A0A093H141
Q13535	297	K	N	A0A093H141
Q13535	297	K	N	A0A093H141
Q13535	297	K	N	A0A093H141
Q13535	297	K	N	A0A093H141
Q13535	316	V	I	A0A093H141
Q13535	316	V	I	A0A093H141
Q13535	316	V	I	A0A093H141
Q13535	316	V	I	A0A093H141
Q13535	443	R	T	A0A093H141
Q13535	443	R	T	A0A093H141
Q13535	443	R	T	A0A093H141
Q13535	951	N	H	A0A093H141
Q13535	959	V	M	A0A093H141
Q13535	959	V	M	A0A093H141
Q13535	959	V	M	A0A093H141
Q13535	1145	I	V	A0A093H141
Q13535	1145	I	V	A0A093H141
Q13535	1232	A	D	A0A093H141
Q13535	1607	S	N	A0A093H141
Q13535	1607	S	N	A0A093H141
Q13535	1607	S	N	A0A093H141
Q13535	1607	S	N	A0A093H141
Q13535	1612	N	S	A0A093H141
Q13535	1612	N	S	A0A093H141
Q13535	1612	N	S	A0A093H141
Q13535	1612	N	S	A0A093H141
Q13535	1996	M	T	A0A093H141
Q13535	1996	M	T	A0A093H141
Q13535	1996	M	T	A0A093H141
Q13535	2132	Y	D	A0A093H141
Q13535	2132	Y	D	A0A093H141
Q13535	2132	Y	D	A0A093H141
Q13535	2132	Y	D	A0A093H141
Q13535	2425	R	Q	A0A093H141
Q13535	2425	R	Q	A0A093H141
Q13535	2425	R	Q	A0A093H141
Q13535	2425	R	Q	A0A093H141
Q13535	2434	P	A	A0A093H141
Q13535	2434	P	A	A0A093H141
Q13535	2434	P	A	A0A093H141
Q13535	2434	P	A	A0A093H141
Q13546	14	S	A	A0A091SEV0
Q13546	234	E	K	A0A091SEV0
Q13546	445	H	Q	A0A091SEV0
Q13546	569	A	V	A0A091SEV0
Q13561	225	A	T	K1PZS6
Q13563	24	P	S	A0A226NES5
Q13563	24	P	S	A0A226NES5
Q13563	24	P	S	A0A226NES5
Q13563	28	R	P	A0A226NES5
Q13563	28	R	P	A0A226NES5
Q13563	28	R	P	A0A226NES5
Q13563	28	R	P	A0A226NES5
Q13563	28	R	P	A0A226NES5
Q13563	28	R	P	A0A226NES5
Q13563	190	A	T	A0A226NES5
Q13563	190	A	T	A0A226NES5
Q13563	190	A	T	A0A226NES5
Q13563	190	A	T	A0A226NES5
Q13563	190	A	T	A0A226NES5
Q13563	190	A	T	A0A226NES5
Q13563	361	R	Q	A0A226NES5
Q13563	361	R	Q	A0A226NES5
Q13563	361	R	Q	A0A226NES5
Q13563	361	R	Q	A0A226NES5
Q13563	385	T	A	A0A226NES5
Q13563	452	I	V	A0A226NES5
Q13563	452	I	V	A0A226NES5
Q13563	452	I	V	A0A226NES5
Q13563	452	I	V	A0A226NES5
Q13563	452	I	V	A0A226NES5
Q13563	516	V	L	A0A226NES5
Q13563	516	V	L	A0A226NES5
Q13563	516	V	L	A0A226NES5
Q13563	516	V	L	A0A226NES5
Q13563	516	V	L	A0A226NES5
Q13563	722	V	L	A0A226NES5
Q13563	807	R	Q	A0A226NES5
Q13563	807	R	Q	A0A226NES5
Q13563	807	R	Q	A0A226NES5
Q13563	807	R	Q	A0A226NES5
Q13563	807	R	Q	A0A226NES5
Q13563	807	R	Q	A0A226NES5
Q13563	956	E	K	A0A226NES5
Q13563	956	E	K	A0A226NES5
Q13563	956	E	K	A0A226NES5
Q13564	309	R	H	A0A197JTS1
Q13618	567	V	I	R1EPB6
Q13618	567	V	I	R1EPB6
Q13618	567	V	I	R1EPB6
Q13618	567	V	I	R1EPB6
Q13618	567	V	I	R1EPB6
Q13671	76	A	T	F6QM84
Q13671	79	A	T	F6QM84
Q13671	238	R	Q	F6QM84
Q13671	546	V	I	F6QM84
Q13671	546	V	I	F6QM84
Q13671	596	H	Y	F6QM84
Q13671	686	P	S	F6QM84
Q13671	700	V	I	F6QM84
Q13671	700	V	I	F6QM84
Q13796	732	L	Q	J9NXX4
Q13796	732	L	Q	J9NXX4
Q13796	820	G	R	J9NXX4
Q13796	832	A	V	J9NXX4
Q13796	832	A	V	J9NXX4
Q13796	932	A	S	J9NXX4
Q13796	942	D	E	J9NXX4
Q13796	1088	G	A	J9NXX4
Q13796	1475	I	V	J9NXX4
Q13796	1607	L	F	J9NXX4
Q13797	507	G	E	A0A091DCK5
Q13797	507	G	E	A0A091DCK5
Q13797	632	Q	R	A0A091DCK5
Q13797	697	E	G	A0A091DCK5
Q13797	697	E	G	A0A091DCK5
Q13797	914	R	H	A0A091DCK5
Q13797	914	R	H	A0A091DCK5
Q13867	443	I	V	L8Y5L3
Q13867	443	I	V	L8Y5L3
Q13939	75	S	N	H3A1A7
Q13939	132	N	S	H3A1A7
Q13939	264	R	Q	H3A1A7
Q13939	485	R	W	H3A1A7
Q13939	485	R	W	H3A1A7
Q13976	5	E	Q	A0A1L8DLB8
Q13976	5	E	Q	A0A1L8DLB8
Q13976	13	M	I	A0A1L8DLB8
Q13976	13	M	I	A0A1L8DLB8
Q13976	13	M	I	A0A1L8DLB8
Q13976	282	N	S	A0A1L8DLB8
Q13976	282	N	S	A0A1L8DLB8
Q13976	282	N	S	A0A1L8DLB8
Q13976	282	N	S	A0A1L8DLB8
Q13976	509	H	Y	A0A1L8DLB8
Q13976	509	H	Y	A0A1L8DLB8
Q13976	509	H	Y	A0A1L8DLB8
Q13976	509	H	Y	A0A1L8DLB8
Q14050	7	C	S	A0A087YFF2
Q14050	7	C	S	A0A087YFF2
Q14050	17	G	E	A0A087YFF2
Q14050	17	G	E	A0A087YFF2
Q14050	17	G	E	A0A087YFF2
Q14050	17	G	E	A0A087YFF2
Q14050	17	G	E	A0A087YFF2
Q14050	70	P	L	A0A087YFF2
Q14050	70	P	L	A0A087YFF2
Q14050	70	P	L	A0A087YFF2
Q14050	94	P	S	A0A087YFF2
Q14050	94	P	S	A0A087YFF2
Q14050	94	P	S	A0A087YFF2
Q14050	103	R	Q	A0A087YFF2
Q14050	103	R	W	A0A087YFF2
Q14050	103	R	Q	A0A087YFF2
Q14050	103	R	W	A0A087YFF2
Q14050	103	R	W	A0A087YFF2
Q14050	103	R	Q	A0A087YFF2
Q14050	103	R	Q	A0A087YFF2
Q14050	109	P	S	A0A087YFF2
Q14050	109	P	S	A0A087YFF2
Q14050	109	P	S	A0A087YFF2
Q14050	137	L	P	A0A087YFF2
Q14050	137	L	P	A0A087YFF2
Q14050	137	L	P	A0A087YFF2
Q14050	137	L	P	A0A087YFF2
Q14050	138	R	H	A0A087YFF2
Q14050	161	H	Y	A0A087YFF2
Q14050	165	L	F	A0A087YFF2
Q14050	252	R	Q	A0A087YFF2
Q14050	252	R	Q	A0A087YFF2
Q14050	252	R	Q	A0A087YFF2
Q14050	252	R	Q	A0A087YFF2
Q14050	264	A	V	A0A087YFF2
Q14050	264	A	V	A0A087YFF2
Q14050	296	P	L	A0A087YFF2
Q14050	296	P	L	A0A087YFF2
Q14050	296	P	L	A0A087YFF2
Q14050	296	P	L	A0A087YFF2
Q14050	431	P	L	A0A087YFF2
Q14050	435	A	E	A0A087YFF2
Q14050	435	A	E	A0A087YFF2
Q14050	435	A	E	A0A087YFF2
Q14050	435	A	E	A0A087YFF2
Q14050	435	A	E	A0A087YFF2
Q14050	443	I	V	A0A087YFF2
Q14050	443	I	V	A0A087YFF2
Q14050	443	I	V	A0A087YFF2
Q14050	470	S	G	A0A087YFF2
Q14050	470	S	G	A0A087YFF2
Q14050	476	P	R	A0A087YFF2
Q14050	476	P	R	A0A087YFF2
Q14050	476	P	R	A0A087YFF2
Q14050	476	P	R	A0A087YFF2
Q14050	521	S	G	A0A087YFF2
Q14050	521	S	G	A0A087YFF2
Q14050	521	S	G	A0A087YFF2
Q14050	541	A	T	A0A087YFF2
Q14050	541	A	T	A0A087YFF2
Q14050	541	A	T	A0A087YFF2
Q14050	542	A	T	A0A087YFF2
Q14050	550	P	L	A0A087YFF2
Q14050	564	P	S	A0A087YFF2
Q14050	570	S	P	A0A087YFF2
Q14050	576	A	T	A0A087YFF2
Q14050	576	A	T	A0A087YFF2
Q14050	576	A	T	A0A087YFF2
Q14050	577	R	Q	A0A087YFF2
Q14050	606	A	T	A0A087YFF2
Q14050	606	A	T	A0A087YFF2
Q14050	606	A	T	A0A087YFF2
Q14050	617	D	E	A0A087YFF2
Q14050	626	V	M	A0A087YFF2
Q14050	626	V	M	A0A087YFF2
Q14050	640	E	K	A0A087YFF2
Q14055	11	L	F	A0A087YFF2
Q14055	11	L	F	A0A087YFF2
Q14055	11	L	F	A0A087YFF2
Q14055	32	R	Q	A0A087YFF2
Q14055	32	R	Q	A0A087YFF2
Q14055	32	R	Q	A0A087YFF2
Q14055	77	D	A	A0A087YFF2
Q14055	77	D	A	A0A087YFF2
Q14055	77	D	A	A0A087YFF2
Q14055	182	M	V	A0A087YFF2
Q14055	182	M	V	A0A087YFF2
Q14055	182	M	V	A0A087YFF2
Q14055	182	M	V	A0A087YFF2
Q14055	182	M	V	A0A087YFF2
Q14055	188	L	M	A0A087YFF2
Q14055	188	L	M	A0A087YFF2
Q14055	246	T	M	A0A087YFF2
Q14055	246	T	M	A0A087YFF2
Q14055	246	T	M	A0A087YFF2
Q14055	246	T	M	A0A087YFF2
Q14055	246	T	M	A0A087YFF2
Q14055	249	H	Q	A0A087YFF2
Q14055	302	P	L	A0A087YFF2
Q14055	302	P	L	A0A087YFF2
Q14055	326	Q	R	A0A087YFF2
Q14055	326	Q	R	A0A087YFF2
Q14055	326	Q	R	A0A087YFF2
Q14055	326	Q	R	A0A087YFF2
Q14055	328	G	R	A0A087YFF2
Q14055	328	G	R	A0A087YFF2
Q14055	328	G	R	A0A087YFF2
Q14055	335	L	V	A0A087YFF2
Q14055	335	L	V	A0A087YFF2
Q14055	335	L	V	A0A087YFF2
Q14055	335	L	V	A0A087YFF2
Q14055	336	A	E	A0A087YFF2
Q14055	336	A	E	A0A087YFF2
Q14055	336	A	E	A0A087YFF2
Q14055	350	D	G	A0A087YFF2
Q14055	380	P	T	A0A087YFF2
Q14055	384	M	L	A0A087YFF2
Q14055	384	M	L	A0A087YFF2
Q14055	384	M	L	A0A087YFF2
Q14055	413	P	S	A0A087YFF2
Q14055	413	P	S	A0A087YFF2
Q14055	413	P	S	A0A087YFF2
Q14055	413	P	S	A0A087YFF2
Q14055	494	P	S	A0A087YFF2
Q14055	581	V	I	A0A087YFF2
Q14055	581	V	I	A0A087YFF2
Q14055	581	V	I	A0A087YFF2
Q14055	581	V	I	A0A087YFF2
Q14055	585	V	L	A0A087YFF2
Q14055	585	V	L	A0A087YFF2
Q14055	594	T	M	A0A087YFF2
Q14055	594	T	M	A0A087YFF2
Q14055	594	T	M	A0A087YFF2
Q14055	628	R	Q	A0A087YFF2
Q14055	661	P	T	A0A087YFF2
Q14055	661	P	T	A0A087YFF2
Q14055	661	P	T	A0A087YFF2
Q14055	661	P	T	A0A087YFF2
Q14055	661	P	T	A0A087YFF2
Q14159	4	G	D	A0A2U3ZC48
Q14159	295	K	T	A0A2U3ZC48
Q14159	295	K	T	A0A2U3ZC48
Q14159	316	M	K	A0A2U3ZC48
Q14159	316	M	K	A0A2U3ZC48
Q14159	360	V	L	A0A2U3ZC48
Q14159	360	V	L	A0A2U3ZC48
Q14159	652	T	A	A0A2U3ZC48
Q14159	652	T	A	A0A2U3ZC48
Q14159	757	E	G	A0A2U3ZC48
Q14159	757	E	G	A0A2U3ZC48
Q14159	809	P	L	A0A2U3ZC48
Q14159	809	P	L	A0A2U3ZC48
Q14161	338	N	S	H2UM78
Q14161	338	N	S	H2UM78
Q14161	387	N	S	H2UM78
Q14161	552	A	V	H2UM78
Q14164	371	A	T	H3ARH4
Q14164	602	A	V	H3ARH4
Q14164	713	P	L	H3ARH4
Q14190	63	A	V	G1T4B4
Q14190	483	L	M	G1T4B4
Q14190	660	S	P	G1T4B4
Q14191	114	V	I	G3H625
Q14191	114	V	I	G3H625
Q14191	114	V	I	G3H625
Q14191	171-172	CT	CP	G3H625
Q14191	171-172	CT	CP	G3H625
Q14191	324	T	A	G3H625
Q14191	324	T	A	G3H625
Q14191	324	T	A	G3H625
Q14191	324	T	A	G3H625
Q14191	324	T	A	G3H625
Q14191	387	M	I	G3H625
Q14191	387	M	I	G3H625
Q14191	387	M	I	G3H625
Q14191	387	M	I	G3H625
Q14191	416	D	G	G3H625
Q14191	416	D	G	G3H625
Q14191	460	D	N	G3H625
Q14191	460	D	N	G3H625
Q14191	628	L	V	G3H625
Q14191	687	L	V	G3H625
Q14191	687	L	V	G3H625
Q14191	834	R	C	G3H625
Q14191	834	R	C	G3H625
Q14191	834	R	C	G3H625
Q14191	984	L	I	G3H625
Q14191	984	L	I	G3H625
Q14191	984	L	I	G3H625
Q14191	1034	Y	F	G3H625
Q14191	1034	Y	F	G3H625
Q14191	1042	A	V	G3H625
Q14191	1074	L	F	G3H625
Q14191	1074	L	F	G3H625
Q14191	1074	L	F	G3H625
Q14191	1074	L	F	G3H625
Q14191	1074	L	F	G3H625
Q14191	1074	L	F	G3H625
Q14191	1074	L	F	G3H625
Q14191	1079	S	L	G3H625
Q14191	1079	S	L	G3H625
Q14191	1079	S	L	G3H625
Q14191	1079	S	L	G3H625
Q14191	1339	V	I	G3H625
Q14191	1339	V	I	G3H625
Q14191	1339	V	I	G3H625
Q14191	1339	V	I	G3H625
Q14191	1367	C	R	G3H625
Q14191	1367	C	R	G3H625
Q14191	1367	C	R	G3H625
Q14194	261	G	R	L9KUG1
Q14194	261	G	R	L9KUG1
Q14194	575	V	I	L9KUG1
Q14202	354	T	I	U3I037
Q14202	354	T	I	U3I037
Q14202	573	S	N	U3I037
Q14202	789	N	K	U3I037
Q14202	789	N	K	U3I037
Q14202	817	T	P	U3I037
Q14314	53	G	E	L9LB25
Q14330	187	L	M	H2M6E1
Q14330	187	L	M	H2M6E1
Q14330	187	L	M	H2M6E1
Q14330	187	L	M	H2M6E1
Q14330	187	L	M	H2M6E1
Q14330	187	L	M	H2M6E1
Q14330	187	L	M	H2M6E1
Q14330	187	L	M	H2M6E1
Q14344	141	V	I	W5J919
Q14451	287	T	M	G5BRX6
Q14451	287	T	M	G5BRX6
Q14451	362	P	L	G5BRX6
Q14451	362	P	L	G5BRX6
Q14451	419	T	K	G5BRX6
Q14451	419	T	K	G5BRX6
Q14451	287	T	M	G5BRX6
Q14451	287	T	M	G5BRX6
Q14451	362	P	L	G5BRX6
Q14451	362	P	L	G5BRX6
Q14451	419	T	K	G5BRX6
Q14451	419	T	K	G5BRX6
Q14451	287	T	M	G5BRX6
Q14451	287	T	M	G5BRX6
Q14451	362	P	L	G5BRX6
Q14451	362	P	L	G5BRX6
Q14451	419	T	K	G5BRX6
Q14451	419	T	K	G5BRX6
Q14587	141	M	L	A0A2Y9Q4D2
Q14587	175	T	M	A0A2Y9Q4D2
Q14587	176	A	P	A0A2Y9Q4D2
Q14587	398	G	S	A0A2Y9Q4D2
Q14587	679	L	F	A0A2Y9Q4D2
Q14587	680	K	N	A0A2Y9Q4D2
Q14587	860	R	T	A0A2Y9Q4D2
Q14587	141	M	L	A0A2Y9Q4D2
Q14587	175	T	M	A0A2Y9Q4D2
Q14587	176	A	P	A0A2Y9Q4D2
Q14587	398	G	S	A0A2Y9Q4D2
Q14587	679	L	F	A0A2Y9Q4D2
Q14587	680	K	N	A0A2Y9Q4D2
Q14587	860	R	T	A0A2Y9Q4D2
Q14623	76	E	A	A0A2U9NKQ0
Q14623	76	E	A	A0A2U9NKQ0
Q14623	77	R	S	A0A2U9NKQ0
Q14623	77	R	S	A0A2U9NKQ0
Q14623	252	H	R	A0A2U9NKQ0
Q14623	252	H	R	A0A2U9NKQ0
Q14623	252	H	R	A0A2U9NKQ0
Q14623	279	T	M	A0A2U9NKQ0
Q14624	85	I	N	G3GSF1
Q14624	118	V	I	G3GSF1
Q14624	118	V	I	G3GSF1
Q14624	402	V	M	G3GSF1
Q14624	402	V	M	G3GSF1
Q14624	669	Q	L	G3GSF1
Q14624	698	P	T	G3GSF1
Q14624	714	M	I	G3GSF1
Q14624	791	L	P	G3GSF1
Q14624	893	G	S	G3GSF1
Q14624	893	G	S	G3GSF1
Q14642	45	K	R	V9KRP0
Q14683	76	N	S	A0A1S3JMQ0
Q14683	124	L	F	A0A1S3JMQ0
Q14683	124	L	F	A0A1S3JMQ0
Q14683	124	L	F	A0A1S3JMQ0
Q14683	124	L	F	A0A1S3JMQ0
Q14683	218	R	W	A0A1S3JMQ0
Q14683	255	R	H	A0A1S3JMQ0
Q14683	255	R	H	A0A1S3JMQ0
Q14683	268	K	E	A0A1S3JMQ0
Q14683	329	R	H	A0A1S3JMQ0
Q14683	680	R	H	A0A1S3JMQ0
Q14683	680	R	H	A0A1S3JMQ0
Q14683	836	H	Q	A0A1S3JMQ0
Q14683	993	A	S	A0A1S3JMQ0
Q14683	1069	R	C	A0A1S3JMQ0
Q14683	1069	R	C	A0A1S3JMQ0
Q14683	1228	P	L	A0A1S3JMQ0
Q14683	1228	P	L	A0A1S3JMQ0
Q14683	1228	P	L	A0A1S3JMQ0
Q14691	35	E	G	A0A2G9GXY8
Q14691	97	V	I	A0A2G9GXY8
Q14691	35	E	G	A0A2G9GXY8
Q14691	97	V	I	A0A2G9GXY8
Q14738	24	S	L	A0A0B4KHB9
Q14738	24	S	L	A0A0B4KHB9
Q14738	265	I	L	A0A0B4KHB9
Q14738	265	I	L	A0A0B4KHB9
Q14738	360	P	L	A0A0B4KHB9
Q14738	520	P	S	A0A0B4KHB9
Q14738	520	P	S	A0A0B4KHB9
Q14774	116	S	P	D2HDH6
Q14774	125	Q	H	D2HDH6
Q14774	235	A	V	D2HDH6
Q14774	235	A	V	D2HDH6
Q14774	356	P	L	D2HDH6
Q14774	387	A	G	D2HDH6
Q14807	33	I	T	A0A2J8ISH9
Q14807	33	I	T	A0A2J8ISH9
Q14807	33	I	T	A0A2J8ISH9
Q14807	56	G	E	A0A2J8ISH9
Q14807	78	N	K	A0A2J8ISH9
Q14807	257	R	Q	A0A2J8ISH9
Q14807	257	R	Q	A0A2J8ISH9
Q14807	264	R	H	A0A2J8ISH9
Q14807	264	R	H	A0A2J8ISH9
Q14807	264	R	G	A0A2J8ISH9
Q14807	266	R	Q	A0A2J8ISH9
Q14807	266	R	Q	A0A2J8ISH9
Q14807	357	S	T	A0A2J8ISH9
Q14807	447	D	N	A0A2J8ISH9
Q14807	458	A	S	A0A2J8ISH9
Q14807	466	R	Q	A0A2J8ISH9
Q14807	466	R	Q	A0A2J8ISH9
Q14807	466	R	Q	A0A2J8ISH9
Q14807	510	T	I	A0A2J8ISH9
Q14807	551	L	V	A0A2J8ISH9
Q14807	587	H	R	A0A2J8ISH9
Q14807	594	D	N	A0A2J8ISH9
Q14807	594	D	N	A0A2J8ISH9
Q14807	594	D	N	A0A2J8ISH9
Q14807	622	R	Q	A0A2J8ISH9
Q14807	642	G	V	A0A2J8ISH9
Q14914	27	A	S	A0A1U7R3N3
Q14914	280	R	C	A0A1U7R3N3
Q14914	280	R	C	A0A1U7R3N3
Q14914	27	A	S	A0A1U7R3N3
Q14914	280	R	C	A0A1U7R3N3
Q14914	280	R	C	A0A1U7R3N3
Q14929	72	P	L	A0A2Y9K5W5
Q14929	78	E	K	A0A2Y9K5W5
Q14929	152	S	L	A0A2Y9K5W5
Q14929	338	R	W	A0A2Y9K5W5
Q14929	381	R	C	A0A2Y9K5W5
Q14929	596	Q	H	A0A2Y9K5W5
Q14938	202	I	V	V9KS27
Q14938	263	R	W	V9KS27
Q14938	263	R	W	V9KS27
Q14938	263	R	W	V9KS27
Q14938	340	S	G	V9KS27
Q14938	340	S	G	V9KS27
Q14938	412	S	L	V9KS27
Q14938	412	S	L	V9KS27
Q14956	18	P	L	U3K4V2
Q14956	18	P	L	U3K4V2
Q14956	97	A	V	U3K4V2
Q14956	97	A	V	U3K4V2
Q14956	141	D	Y	U3K4V2
Q14956	141	D	Y	U3K4V2
Q14956	197	N	K	U3K4V2
Q14956	197	N	K	U3K4V2
Q14956	294	S	F	U3K4V2
Q14956	324	P	L	U3K4V2
Q14956	324	P	L	U3K4V2
Q14956	342	A	T	U3K4V2
Q14956	433	D	E	U3K4V2
Q14956	433	D	E	U3K4V2
Q14956	526	S	R	U3K4V2
Q14956	526	S	R	U3K4V2
Q14993	352	A	G	G5ALV0
Q14993	793	P	A	G5ALV0
Q14C86	284	V	M	E2C1S5
Q14C86	284	V	M	E2C1S5
Q14C86	461	N	S	E2C1S5
Q14C86	461	N	S	E2C1S5
Q14C86	284	V	M	E2C1S5
Q14C86	284	V	M	E2C1S5
Q14C86	461	N	S	E2C1S5
Q14C86	461	N	S	E2C1S5
Q15021	23	V	L	A0A1A6GID0
Q15021	83	Q	E	A0A1A6GID0
Q15021	580	K	R	A0A1A6GID0
Q15021	580	K	R	A0A1A6GID0
Q15021	797	V	M	A0A1A6GID0
Q15021	836	P	L	A0A1A6GID0
Q15021	1170	I	T	A0A1A6GID0
Q15021	1170	I	T	A0A1A6GID0
Q15021	1218	R	L	A0A1A6GID0
Q15021	1218	R	L	A0A1A6GID0
Q15021	1321	T	S	A0A1A6GID0
Q15021	1383	E	K	A0A1A6GID0
Q15021	1383	E	K	A0A1A6GID0
Q15031	121	Q	R	B4KXC0
Q15031	255	A	T	B4KXC0
Q15031	255	A	T	B4KXC0
Q15031	324	H	Q	B4KXC0
Q15031	324	H	Q	B4KXC0
Q15031	324	H	Q	B4KXC0
Q15031	614	R	G	B4KXC0
Q15031	614	R	G	B4KXC0
Q15031	727	K	N	B4KXC0
Q15031	727	K	N	B4KXC0
Q15031	727	K	N	B4KXC0
Q15031	831	E	D	B4KXC0
Q15031	831	E	D	B4KXC0
Q15031	831	E	D	B4KXC0
Q15031	831	E	D	B4KXC0
Q15031	868	E	K	B4KXC0
Q15031	868	E	K	B4KXC0
Q15031	868	E	K	B4KXC0
Q15031	868	E	K	B4KXC0
Q15031	121	Q	R	B4KXC0
Q15031	255	A	T	B4KXC0
Q15031	255	A	T	B4KXC0
Q15031	324	H	Q	B4KXC0
Q15031	324	H	Q	B4KXC0
Q15031	324	H	Q	B4KXC0
Q15031	614	R	G	B4KXC0
Q15031	614	R	G	B4KXC0
Q15031	727	K	N	B4KXC0
Q15031	727	K	N	B4KXC0
Q15031	727	K	N	B4KXC0
Q15031	831	E	D	B4KXC0
Q15031	831	E	D	B4KXC0
Q15031	831	E	D	B4KXC0
Q15031	831	E	D	B4KXC0
Q15031	868	E	K	B4KXC0
Q15031	868	E	K	B4KXC0
Q15031	868	E	K	B4KXC0
Q15031	868	E	K	B4KXC0
Q15031	121	Q	R	B4KXC0
Q15031	255	A	T	B4KXC0
Q15031	255	A	T	B4KXC0
Q15031	324	H	Q	B4KXC0
Q15031	324	H	Q	B4KXC0
Q15031	324	H	Q	B4KXC0
Q15031	614	R	G	B4KXC0
Q15031	614	R	G	B4KXC0
Q15031	727	K	N	B4KXC0
Q15031	727	K	N	B4KXC0
Q15031	727	K	N	B4KXC0
Q15031	831	E	D	B4KXC0
Q15031	831	E	D	B4KXC0
Q15031	831	E	D	B4KXC0
Q15031	831	E	D	B4KXC0
Q15031	868	E	K	B4KXC0
Q15031	868	E	K	B4KXC0
Q15031	868	E	K	B4KXC0
Q15031	868	E	K	B4KXC0
Q15043	8	P	R	G1SVM9
Q15043	8	P	R	G1SVM9
Q15043	33	L	P	G1SVM9
Q15043	8	P	R	G1SVM9
Q15043	8	P	R	G1SVM9
Q15043	33	L	P	G1SVM9
Q15067	27	P	L	A0A0J7KMP9
Q15067	27	P	L	A0A0J7KMP9
Q15067	27	P	L	A0A0J7KMP9
Q15067	101	G	S	A0A0J7KMP9
Q15067	166	N	S	A0A0J7KMP9
Q15067	166	N	S	A0A0J7KMP9
Q15067	312	I	M	A0A0J7KMP9
Q15067	312	I	M	A0A0J7KMP9
Q15067	312	I	M	A0A0J7KMP9
Q15067	312	I	M	A0A0J7KMP9
Q15067	312	I	M	A0A0J7KMP9
Q15067	507	I	T	A0A0J7KMP9
Q15067	507	I	T	A0A0J7KMP9
Q15067	586	T	A	A0A0J7KMP9
Q15067	586	T	A	A0A0J7KMP9
Q15067	591	R	C	A0A0J7KMP9
Q15067	591	R	C	A0A0J7KMP9
Q15067	591	R	C	A0A0J7KMP9
Q15080	36	T	P	A0A2R8ZMX4
Q15080	36	T	P	A0A2R8ZMX4
Q15080	85	T	N	A0A2R8ZMX4
Q15080	85	T	N	A0A2R8ZMX4
Q15080	85	T	N	A0A2R8ZMX4
Q15080	85	T	N	A0A2R8ZMX4
Q15080	160	V	M	A0A2R8ZMX4
Q15080	160	V	M	A0A2R8ZMX4
Q15080	160	V	M	A0A2R8ZMX4
Q15080	160	V	M	A0A2R8ZMX4
Q15080	256	A	T	A0A2R8ZMX4
Q15125	5	A	T	A0A146Z760
Q15125	5	A	T	A0A146Z760
Q15125	5	A	T	A0A146Z760
Q15125	5	A	T	A0A146Z760
Q15125	52	R	C	A0A146Z760
Q15125	94	Q	H	A0A146Z760
Q15125	94	Q	H	A0A146Z760
Q15125	149	I	V	A0A146Z760
Q15125	149	I	V	A0A146Z760
Q15125	171	R	H	A0A146Z760
Q15125	171	R	H	A0A146Z760
Q15125	217	T	M	A0A146Z760
Q15125	217	T	M	A0A146Z760
Q15125	217	T	M	A0A146Z760
Q15406	476	S	N	A0A226NI31
Q15406	476	S	N	A0A226NI31
Q15417	47	N	S	A0A2D4NFL3
Q15542	130	S	A	H0V546
Q15561	239	P	L	A0A2Y9NIM0
Q15561	323	P	S	A0A2Y9NIM0
Q15629	144	N	D	A0A0P7XA63
Q15629	144	N	D	A0A0P7XA63
Q15642	341	V	I	A0A2K5INU7
Q15645	93	C	R	Q6PH52
Q15645	93	C	R	Q6PH52
Q15645	205	R	Q	Q6PH52
Q15645	205	R	Q	Q6PH52
Q15645	432	I	V	Q6PH52
Q15645	432	I	V	Q6PH52
Q15697	305	R	Q	G3VZJ1
Q15697	305	R	Q	G3VZJ1
Q15735	227	A	T	A0A2K6SXA3
Q15735	290	S	R	A0A2K6SXA3
Q15735	751	R	Q	A0A2K6SXA3
Q15735	751	R	Q	A0A2K6SXA3
Q15735	897	L	F	A0A2K6SXA3
Q15735	897	L	F	A0A2K6SXA3
Q15742	211	P	S	H3CNQ2
Q15742	211	P	S	H3CNQ2
Q15759	275	R	H	A0A1U8BH43
Q15759	275	R	H	A0A1U8BH43
Q15776	163	P	L	F6XAK9
Q15776	296	G	S	F6XAK9
Q15776	407	Q	R	F6XAK9
Q15776	163	P	L	F6XAK9
Q15776	296	G	S	F6XAK9
Q15776	407	Q	R	F6XAK9
Q15831	354	F	L	F6ZGN9
Q15831	354	F	L	F6ZGN9
Q15831	354	F	L	F6ZGN9
Q15831	354	F	L	F6ZGN9
Q15831	354	F	L	F6ZGN9
Q15831	392	M	I	F6ZGN9
Q15904	55	D	E	B0KWX0
Q15904	76	T	A	B0KWX0
Q15904	180	R	H	B0KWX0
Q15904	180	R	H	B0KWX0
Q15904	180	R	H	B0KWX0
Q15904	234	A	T	B0KWX0
Q15904	330	R	H	B0KWX0
Q15904	386	A	V	B0KWX0
Q15904	386	A	V	B0KWX0
Q15904	388	T	P	B0KWX0
Q15904	388	T	P	B0KWX0
Q16082	111	G	S	G3H2H3
Q16082	111	G	S	G3H2H3
Q16236	43	R	Q	A0A1K0K0M1
Q16236	43	R	Q	A0A1K0K0M1
Q16236	43	R	Q	A0A1K0K0M1
Q16236	72	A	T	A0A1K0K0M1
Q16236	121	Q	H	A0A1K0K0M1
Q16236	139	T	M	A0A1K0K0M1
Q16236	177	L	V	A0A1K0K0M1
Q16236	177	L	V	A0A1K0K0M1
Q16236	177	L	V	A0A1K0K0M1
Q16236	219	K	R	A0A1K0K0M1
Q16236	219	K	R	A0A1K0K0M1
Q16236	233	P	S	A0A1K0K0M1
Q16236	268	V	M	A0A1K0K0M1
Q16236	268	V	M	A0A1K0K0M1
Q16236	268	V	M	A0A1K0K0M1
Q16236	309	L	F	A0A1K0K0M1
Q16236	309	L	F	A0A1K0K0M1
Q16236	309	L	F	A0A1K0K0M1
Q16236	430	L	F	A0A1K0K0M1
Q16236	449	R	H	A0A1K0K0M1
Q16236	449	R	H	A0A1K0K0M1
Q16236	449	R	H	A0A1K0K0M1
Q16322	220	V	M	H3BG81
Q16322	254	N	S	H3BG81
Q16322	254	N	S	H3BG81
Q16322	373	R	Q	H3BG81
Q16322	373	R	Q	H3BG81
Q16342	69	P	R	A0A2K5WDM9
Q16342	69	P	R	A0A2K5WDM9
Q16540	11	R	Q	A0A1Y1K9A7
Q16540	32	G	S	A0A1Y1K9A7
Q16540	11	R	Q	A0A1Y1K9A7
Q16540	32	G	S	A0A1Y1K9A7
Q16540	11	R	Q	A0A1Y1K9A7
Q16540	11	R	Q	A0A1Y1K9A7
Q16540	32	G	S	A0A1Y1K9A7
Q16540	32	G	S	A0A1Y1K9A7
Q16540	11	R	Q	A0A1Y1K9A7
Q16540	11	R	Q	A0A1Y1K9A7
Q16540	32	G	S	A0A1Y1K9A7
Q16540	32	G	S	A0A1Y1K9A7
Q16558	110	V	L	A0A2K6QSM3
Q16558	140	R	W	A0A2K6QSM3
Q16611	28	A	V	A0A1S3GNV3
Q16611	28	A	V	A0A1S3GNV3
Q16643	226	R	Q	F6URX7
Q16643	226	R	Q	F6URX7
Q16643	492	I	V	F6URX7
Q16643	563	P	L	F6URX7
Q16643	563	P	L	F6URX7
Q16643	599	S	P	F6URX7
Q16695	8	A	T	A0A2P6TS80
Q16772	71	I	L	A0A2P4T471
Q16772	73	N	D	A0A2P4T471
Q16772	73	N	D	A0A2P4T471
Q16772	202	S	T	A0A2P4T471
Q16772	202	S	T	A0A2P4T471
Q16772	208	A	T	A0A2P4T471
Q16772	208	A	T	A0A2P4T471
Q16831	94	R	C	G1T8C1
Q16831	94	R	C	G1T8C1
Q16831	94	R	C	G1T8C1
Q16831	94	R	C	G1T8C1
Q16854	170	Q	R	A0A2K6MSG9
Q16854	170	Q	R	A0A2K6MSG9
Q16854	170	Q	R	A0A2K6MSG9
Q16854	272	T	N	A0A2K6MSG9
Q16854	272	T	N	A0A2K6MSG9
Q16880	152	G	R	H3B4I3
Q16880	152	G	R	H3B4I3
Q16880	226	P	L	H3B4I3
Q16880	368	I	M	H3B4I3
Q16880	446	Y	C	H3B4I3
Q16880	446	Y	C	H3B4I3
Q16880	455	N	S	H3B4I3
Q16880	455	N	S	H3B4I3
Q16880	152	G	R	H3B4I3
Q16880	152	G	R	H3B4I3
Q16880	226	P	L	H3B4I3
Q16880	368	I	M	H3B4I3
Q16880	446	Y	C	H3B4I3
Q16880	446	Y	C	H3B4I3
Q16880	455	N	S	H3B4I3
Q16880	455	N	S	H3B4I3
Q2M2E3	34	W	R	A0A2F0BBZ4
Q2M2E3	77	R	C	A0A2F0BBZ4
Q2M2E3	98	V	M	A0A2F0BBZ4
Q2M2E3	139	Y	C	A0A2F0BBZ4
Q2M2H8	327	F	L	A0A2K6KIL2
Q2M2H8	471	E	K	A0A2K6KIL2
Q2M2H8	590	P	S	A0A2K6KIL2
Q2M2H8	678	H	R	A0A2K6KIL2
Q2M2H8	745	S	L	A0A2K6KIL2
Q2M2H8	983	A	T	A0A2K6KIL2
Q2M2H8	1005	M	I	A0A2K6KIL2
Q2M2H8	1174	L	M	A0A2K6KIL2
Q2M2H8	1429	P	A	A0A2K6KIL2
Q2M2H8	1540	N	D	A0A2K6KIL2
Q2M2H8	2384	I	F	A0A2K6KIL2
Q2M2H8	2390	P	L	A0A2K6KIL2
Q2M2I8	481	A	P	E7F2L1
Q2M2I8	509	K	Q	E7F2L1
Q2M2I8	603	V	A	E7F2L1
Q2M2I8	694	T	M	E7F2L1
Q2M2I8	694	T	M	E7F2L1
Q2M3C7	295	A	V	W5MNT8
Q2M3C7	617	K	E	W5MNT8
Q2M3C7	847	H	Q	W5MNT8
Q2M3C7	867	Q	R	W5MNT8
Q2M3C7	1591	E	K	W5MNT8
Q2M3C7	1591	E	K	W5MNT8
Q2M3C7	1603	S	R	W5MNT8
Q2M3C7	1658	V	L	W5MNT8
Q2M3C7	1658	V	L	W5MNT8
Q2M3G0	131	T	I	F6XQU3
Q2M3G0	262	Q	K	F6XQU3
Q2M3G0	369	I	V	F6XQU3
Q2M3G0	370	D	G	F6XQU3
Q2M3G0	446	M	T	F6XQU3
Q2M3G0	560	K	E	F6XQU3
Q2M3G0	578	V	M	F6XQU3
Q2M3G0	578	V	M	F6XQU3
Q2M3G0	810	G	V	F6XQU3
Q2M3G0	905	Q	H	F6XQU3
Q2M3G0	905	Q	H	F6XQU3
Q2M3G0	915	A	T	F6XQU3
Q2M3G0	956	I	L	F6XQU3
Q2M3G0	970	E	K	F6XQU3
Q2M3G0	1093	I	T	F6XQU3
Q2M3G0	1124	E	K	F6XQU3
Q2M3G0	1124	E	K	F6XQU3
Q2M3G0	1187	D	G	F6XQU3
Q2M3G0	1209	V	A	F6XQU3
Q2M3G0	1209	V	A	F6XQU3
Q2NKQ1	115	L	V	A0A1S3PIY8
Q2NKQ1	747	T	P	A0A1S3PIY8
Q2NKQ1	818	R	K	A0A1S3PIY8
Q2NKX8	90	R	Q	H2U0N5
Q2NKX8	90	R	Q	H2U0N5
Q2NKX8	189	N	S	H2U0N5
Q2NKX8	189	N	S	H2U0N5
Q2NKX8	759	S	N	H2U0N5
Q2NKX8	1128	E	K	H2U0N5
Q2NKX8	1148	G	R	H2U0N5
Q2PPJ7	145	A	V	A0A226MT98
Q2PPJ7	145	A	V	A0A226MT98
Q2PPJ7	189	E	G	A0A226MT98
Q2PPJ7	492	S	N	A0A226MT98
Q2PPJ7	1488	N	S	A0A226MT98
Q2Q1W2	185	A	S	A0A0P5QB53
Q2Q1W2	185	A	S	A0A0P5QB53
Q2Q1W2	262	G	A	A0A0P5QB53
Q2Q1W2	262	G	A	A0A0P5QB53
Q2TAM9	39	S	G	F1SP79
Q2TAM9	120	N	D	F1SP79
Q2TAM9	120	N	D	F1SP79
Q2TAM9	120	N	D	F1SP79
Q2TAM9	205	S	A	F1SP79
Q2TAZ0	175	V	I	A0A146NIC8
Q2TAZ0	394	R	C	A0A146NIC8
Q2TAZ0	404	A	V	A0A146NIC8
Q2TAZ0	656	P	R	A0A146NIC8
Q2TAZ0	663	A	T	A0A146NIC8
Q2TAZ0	664	V	M	A0A146NIC8
Q2TAZ0	664	V	M	A0A146NIC8
Q2TAZ0	857	A	V	A0A146NIC8
Q2TAZ0	857	A	V	A0A146NIC8
Q2TAZ0	1028	V	M	A0A146NIC8
Q2TAZ0	1621	R	C	A0A146NIC8
Q2TAZ0	1825	V	I	A0A146NIC8
Q2TAZ0	1825	V	I	A0A146NIC8
Q2WGJ6	15	D	N	A0A2D0S0M7
Q2WGJ6	98	H	R	A0A2D0S0M7
Q2WGJ6	199	A	T	A0A2D0S0M7
Q2WGJ6	199	A	T	A0A2D0S0M7
Q2WGJ6	267	V	I	A0A2D0S0M7
Q2WGJ6	334	I	V	A0A2D0S0M7
Q2WGJ6	346	R	K	A0A2D0S0M7
Q2WGJ6	352	N	Y	A0A2D0S0M7
Q2WGJ6	394	G	R	A0A2D0S0M7
Q2WGJ6	504	C	Y	A0A2D0S0M7
Q2WGJ6	508	K	E	A0A2D0S0M7
Q2WGJ6	15	D	N	A0A2D0S0M7
Q2WGJ6	98	H	R	A0A2D0S0M7
Q2WGJ6	199	A	T	A0A2D0S0M7
Q2WGJ6	199	A	T	A0A2D0S0M7
Q2WGJ6	267	V	I	A0A2D0S0M7
Q2WGJ6	334	I	V	A0A2D0S0M7
Q2WGJ6	346	R	K	A0A2D0S0M7
Q2WGJ6	352	N	Y	A0A2D0S0M7
Q2WGJ6	394	G	R	A0A2D0S0M7
Q2WGJ6	504	C	Y	A0A2D0S0M7
Q2WGJ6	508	K	E	A0A2D0S0M7
Q30154	5	K	R	H2PL14
Q30154	6	L	F	H2PL14
Q30154	11	Y	N	H2PL14
Q30154	11	Y	C	H2PL14
Q30154	12	M	L	H2PL14
Q30154	14	K	M	H2PL14
Q30154	14	K	T	H2PL14
Q30154	14	K	E	H2PL14
Q30154	20	M	T	H2PL14
Q30154	25	P	R	H2PL14
Q30154	28	L	F	H2PL14
Q30154	29	A	S	H2PL14
Q30154	30	G	R	H2PL14
Q30154	31	D	G	H2PL14
Q30154	33	R	Q	H2PL14
Q30154	33	R	G	H2PL14
Q30154	35	R	C	H2PL14
Q30154	38	Q	E	H2PL14
Q30154	38	Q	R	H2PL14
Q30154	38	Q	K	H2PL14
Q30154	39	Q	E	H2PL14
Q30154	39	Q	L	H2PL14
Q30154	40	D	A	H2PL14
Q30154	40	D	G	H2PL14
Q30154	40	D	H	H2PL14
Q30154	40	D	V	H2PL14
Q30154	41	K	T	H2PL14
Q30154	42	Y	C	H2PL14
Q30154	42	Y	F	H2PL14
Q30154	42	Y	S	H2PL14
Q30154	42	Y	H	H2PL14
Q30154	43	E	K	H2PL14
Q30154	47	F	L	H2PL14
Q30154	54	R	Q	H2PL14
Q30154	54	R	W	H2PL14
Q30154	55	F	Y	H2PL14
Q30154	55	F	I	H2PL14
Q30154	55	F	L	H2PL14
Q30154	57	H	D	H2PL14
Q30154	57	H	N	H2PL14
Q30154	57	H	L	H2PL14
Q30154	57	H	Q	H2PL14
Q30154	57	H	Q	H2PL14
Q30154	59	D	Y	H2PL14
Q30154	59	D	V	H2PL14
Q30154	59	D	G	H2PL14
Q30154	59	D	H	H2PL14
Q30154	60	I	V	H2PL14
Q30154	60	I	F	H2PL14
Q30154	61	Y	H	H2PL14
Q30154	62	N	H	H2PL14
Q30154	66	D	A	H2PL14
Q30154	66	D	V	H2PL14
Q30154	66	D	Y	H2PL14
Q30154	66	D	N	H2PL14
Q30154	67	L	V	H2PL14
Q30154	67	L	S	H2PL14
Q30154	69	F	Y	H2PL14
Q30154	70	D	N	H2PL14
Q30154	73	V	L	H2PL14
Q30154	76	Y	F	H2PL14
Q30154	77	R	Q	H2PL14
Q30154	80	T	R	H2PL14
Q30154	86	D	N	H2PL14
Q30154	86	D	V	H2PL14
Q30154	86	D	G	H2PL14
Q30154	87	A	D	H2PL14
Q30154	89	Y	S	H2PL14
Q30154	96	F	L	H2PL14
Q30154	96	F	I	H2PL14
Q30154	100	R	K	H2PL14
Q30154	100	R	G	H2PL14
Q30154	103	A	V	H2PL14
Q30154	103	A	P	H2PL14
Q30154	103	A	E	H2PL14
Q30154	106	T	N	H2PL14
Q30154	107	Y	D	H2PL14
Q30154	107	Y	F	H2PL14
Q30154	114	V	A	H2PL14
Q30154	115	G	V	H2PL14
Q30154	125	E	D	H2PL14
Q30154	125	E	Q	H2PL14
Q30154	127	K	E	H2PL14
Q30154	133	A	V	H2PL14
Q30154	133	A	S	H2PL14
Q30154	134	R	K	H2PL14
Q30154	137	T	P	H2PL14
Q30154	149	N	S	H2PL14
Q30154	152	Y	C	H2PL14
Q30154	154	G	A	H2PL14
Q30154	164	S	G	H2PL14
Q30154	169	A	T	H2PL14
Q30154	186	T	I	H2PL14
Q30154	188	V	M	H2PL14
Q30154	195	R	Q	H2PL14
Q30154	197	G	A	H2PL14
Q30154	204	V	L	H2PL14
Q30154	209	V	M	H2PL14
Q30154	209	V	L	H2PL14
Q30154	210	T	M	H2PL14
Q30154	212	P	L	H2PL14
Q30154	216	E	Q	H2PL14
Q30154	220	Q	R	H2PL14
Q30154	232	V	I	H2PL14
Q30154	244	A	T	H2PL14
Q30154	248	I	L	H2PL14
Q30154	251	K	R	H2PL14
Q30154	264	L	F	H2PL14
Q30154	265	V	L	H2PL14
Q32MK0	55	R	Q	A0A287B960
Q32MK0	73	P	L	A0A287B960
Q32MK0	105	A	V	A0A287B960
Q32MK0	180	V	L	A0A287B960
Q32MK0	234	Q	R	A0A287B960
Q32MK0	269	G	S	A0A287B960
Q32MK0	339	I	L	A0A287B960
Q32MK0	390	G	R	A0A287B960
Q32MK0	435	D	H	A0A287B960
Q32MK0	654	I	V	A0A287B960
Q32MK0	768	E	A	A0A287B960
Q32MK0	817	T	N	A0A287B960
Q32P28	65	R	Q	A0A287A6G5
Q32P28	65	R	Q	A0A287A6G5
Q32P28	65	R	Q	A0A287A6G5
Q32P28	506	P	R	A0A287A6G5
Q32P28	506	P	R	A0A287A6G5
Q32P28	506	P	R	A0A287A6G5
Q32P28	599	V	M	A0A287A6G5
Q32P28	599	V	M	A0A287A6G5
Q32P28	733	K	R	A0A287A6G5
Q32P28	733	K	R	A0A287A6G5
Q32P28	733	K	R	A0A287A6G5
Q38SD2	67	R	C	A0A091CNI4
Q38SD2	68	G	S	A0A091CNI4
Q38SD2	102	M	I	A0A091CNI4
Q38SD2	203	K	E	A0A091CNI4
Q38SD2	224	I	V	A0A091CNI4
Q38SD2	224	I	V	A0A091CNI4
Q38SD2	241	I	L	A0A091CNI4
Q38SD2	324	D	E	A0A091CNI4
Q38SD2	324	D	E	A0A091CNI4
Q38SD2	369	E	K	A0A091CNI4
Q38SD2	416	L	M	A0A091CNI4
Q38SD2	416	L	M	A0A091CNI4
Q38SD2	461	A	T	A0A091CNI4
Q38SD2	461	A	T	A0A091CNI4
Q38SD2	543	P	S	A0A091CNI4
Q38SD2	543	P	S	A0A091CNI4
Q38SD2	697	V	I	A0A091CNI4
Q38SD2	697	V	I	A0A091CNI4
Q38SD2	736	L	V	A0A091CNI4
Q38SD2	865	D	N	A0A091CNI4
Q38SD2	866	D	N	A0A091CNI4
Q38SD2	967	T	M	A0A091CNI4
Q38SD2	1084	I	T	A0A091CNI4
Q38SD2	1105	D	N	A0A091CNI4
Q38SD2	1202	F	Y	A0A091CNI4
Q38SD2	1259	R	Q	A0A091CNI4
Q38SD2	1350	A	T	A0A091CNI4
Q38SD2	1350	A	T	A0A091CNI4
Q38SD2	1702	G	S	A0A091CNI4
Q38SD2	1735	M	V	A0A091CNI4
Q38SD2	1735	M	V	A0A091CNI4
Q38SD2	1779	V	D	A0A091CNI4
Q38SD2	1796	P	H	A0A091CNI4
Q38SD2	1796	P	H	A0A091CNI4
Q38SD2	1796	P	H	A0A091CNI4
Q38SD2	1814	A	T	A0A091CNI4
Q38SD2	1835	L	F	A0A091CNI4
Q38SD2	1835	L	F	A0A091CNI4
Q38SD2	1850	R	C	A0A091CNI4
Q38SD2	1850	R	H	A0A091CNI4
Q38SD2	1850	R	C	A0A091CNI4
Q38SD2	1858	S	N	A0A091CNI4
Q38SD2	1938	G	D	A0A091CNI4
Q38SD2	1938	G	E	A0A091CNI4
Q38SD2	1941	R	W	A0A091CNI4
Q3LHN2	5	Y	H	A0A0D9SBH7
Q3LHN2	32	G	C	A0A0D9SBH7
Q3MIT2	277	A	T	F6PZI5
Q3MIT2	277	A	T	F6PZI5
Q3SX64	112	R	W	F7AK71
Q3SX64	135	V	A	F7AK71
Q3SX64	189	T	I	F7AK71
Q3SX64	192	A	P	F7AK71
Q3SX64	212	A	T	F7AK71
Q3SX64	287	R	C	F7AK71
Q3V5L5	70	V	I	A0A060XJK4
Q3YBR2	406	P	S	H2SQ03
Q3ZCQ2	119	Q	R	G3UKB0
Q3ZCQ2	119	Q	R	G3UKB0
Q3ZCT1	48	M	T	A0A2U3ZCS8
Q3ZCT1	48	M	T	A0A2U3ZCS8
Q3ZCT1	48	M	T	A0A2U3ZCS8
Q3ZCT1	48	M	T	A0A2U3ZCS8
Q494U1	4	S	N	A0A287A3H3
Q494U1	4	S	N	A0A287A3H3
Q494U1	4	S	R	A0A287A3H3
Q494U1	4	S	R	A0A287A3H3
Q494U1	43	A	V	A0A287A3H3
Q494U1	333	S	P	A0A287A3H3
Q494U1	346	G	D	A0A287A3H3
Q494U1	346	G	D	A0A287A3H3
Q494U1	362	R	H	A0A287A3H3
Q494U1	482	A	T	A0A287A3H3
Q494U1	482	A	T	A0A287A3H3
Q494U1	487	R	P	A0A287A3H3
Q494U1	511	S	P	A0A287A3H3
Q494U1	531	A	T	A0A287A3H3
Q494U1	531	A	T	A0A287A3H3
Q496Y0	122	A	G	A0A2K5C801
Q49AH0	135	A	S	L9KUA6
Q49AH0	135	A	S	L9KUA6
Q49AH0	154	W	S	L9KUA6
Q4AC94	21	S	N	I3K653
Q4AC94	21	S	N	I3K653
Q4AC94	44	T	N	I3K653
Q4AC94	44	T	N	I3K653
Q4AC94	174	D	N	I3K653
Q4AC94	174	D	N	I3K653
Q4AC94	213	R	H	I3K653
Q4AC94	213	R	H	I3K653
Q4AC94	235	P	L	I3K653
Q4AC94	235	P	L	I3K653
Q4AC94	235	P	L	I3K653
Q4AC94	235	P	L	I3K653
Q4AC94	240	H	D	I3K653
Q4AC94	316	L	V	I3K653
Q4AC94	320	L	V	I3K653
Q4AC94	320	L	V	I3K653
Q4AC94	390	R	K	I3K653
Q4AC94	390	R	K	I3K653
Q4AC94	472	V	I	I3K653
Q4AC94	472	V	I	I3K653
Q4AC94	528	S	R	I3K653
Q4AC94	730	N	D	I3K653
Q4AC94	730	N	D	I3K653
Q4AC94	773	P	R	I3K653
Q4AC94	782	V	I	I3K653
Q4AC94	782	V	I	I3K653
Q4AC94	834	C	Y	I3K653
Q4AC94	834	C	Y	I3K653
Q4AC94	887	V	M	I3K653
Q4AC94	887	V	M	I3K653
Q4AC94	887	V	M	I3K653
Q4AC94	926	V	A	I3K653
Q4AC94	997	R	Q	I3K653
Q4AC94	1048	P	A	I3K653
Q4AC94	1050	F	L	I3K653
Q4AC94	1050	F	L	I3K653
Q4AC94	1219	R	Q	I3K653
Q4AC94	1232	N	S	I3K653
Q4AC94	1232	N	S	I3K653
Q4AC94	1232	N	S	I3K653
Q4AC94	1247	Q	H	I3K653
Q4AC94	1247	Q	H	I3K653
Q4AC94	1247	Q	H	I3K653
Q4AC94	1249	R	Q	I3K653
Q4AC94	1249	R	Q	I3K653
Q4AC94	1297	Y	C	I3K653
Q4AC94	1344	P	L	I3K653
Q4AC94	1344	P	L	I3K653
Q4AC94	1346	D	A	I3K653
Q4AC94	1346	D	A	I3K653
Q4AC94	1377	R	Q	I3K653
Q4AC94	1377	R	Q	I3K653
Q4AC94	1562	S	C	I3K653
Q4AC94	1562	S	C	I3K653
Q4AC94	1663	S	N	I3K653
Q4AC94	1685	T	A	I3K653
Q4AC94	1685	T	A	I3K653
Q4AC94	1694	Q	H	I3K653
Q4AC94	1694	Q	H	I3K653
Q4AC94	1777	A	E	I3K653
Q4AC94	1831	G	W	I3K653
Q4AC94	1832	R	G	I3K653
Q4AC94	1868	D	N	I3K653
Q4AC94	1868	D	N	I3K653
Q4AC94	1885	S	P	I3K653
Q4AC94	1885	S	P	I3K653
Q4AC94	2020	S	P	I3K653
Q4AC94	2039	R	S	I3K653
Q4AC94	2041	A	V	I3K653
Q4AC94	2075	N	K	I3K653
Q4AC94	2079	T	M	I3K653
Q4AC94	2084	T	S	I3K653
Q4AC94	2115	P	S	I3K653
Q4AC94	2115	P	S	I3K653
Q4AC94	2153	A	V	I3K653
Q4AC94	2163	V	F	I3K653
Q4AC94	2237	R	S	I3K653
Q4AC94	2237	R	S	I3K653
Q4AC94	2327	N	S	I3K653
Q4AC94	2343	R	Q	I3K653
Q4G163	139	P	L	A0A2Y9P239
Q4KMZ1	209	F	C	M3WH15
Q4KMZ1	217	C	Y	M3WH15
Q4L235	61	I	V	A0A091E212
Q4L235	93	P	R	A0A091E212
Q4L235	368	K	R	A0A091E212
Q4L235	650	D	N	A0A091E212
Q4L235	705	A	V	A0A091E212
Q4L235	747	A	V	A0A091E212
Q4L235	787	I	V	A0A091E212
Q4L235	865	T	A	A0A091E212
Q4L235	1030	Y	D	A0A091E212
Q4V328	73	S	N	H2UAU8
Q4V328	73	S	N	H2UAU8
Q4V328	179	L	P	H2UAU8
Q4V328	369	E	Q	H2UAU8
Q4V328	369	E	Q	H2UAU8
Q4V9L6	48	S	L	W5Q9C0
Q4V9L6	48	S	L	W5Q9C0
Q4V9L6	62	L	F	W5Q9C0
Q4V9L6	72	I	T	W5Q9C0
Q4VX76	414	P	S	F1QFP0
Q4VX76	587	L	Q	F1QFP0
Q4VX76	414	P	S	F1QFP0
Q4VX76	587	L	Q	F1QFP0
Q4ZIN3	469	P	T	A0A146MIJ0
Q4ZIN3	486	S	L	A0A146MIJ0
Q4ZIN3	606	P	A	A0A146MIJ0
Q53FD0	314	G	V	M7AYR2
Q53FD0	364	S	T	M7AYR2
Q53FD0	314	G	V	M7AYR2
Q53FD0	364	S	T	M7AYR2
Q53FE4	64	G	E	A0A212CM14
Q53FE4	85	S	P	A0A212CM14
Q53FE4	91	E	K	A0A212CM14
Q53FZ2	308	P	T	A0A257AJY6
Q53FZ2	367	K	N	A0A257AJY6
Q53GI3	181	R	G	G3VZJ1
Q53GI3	556	R	C	G3VZJ1
Q53GI3	181	R	G	G3VZJ1
Q53GI3	556	R	C	G3VZJ1
Q53HV7	15	G	V	A0A091DET1
Q53HV7	15	G	V	A0A091DET1
Q53HV7	15	G	V	A0A091DET1
Q53HV7	15	G	V	A0A091DET1
Q53HV7	15	G	V	A0A091DET1
Q53HV7	15	G	V	A0A091DET1
Q53HV7	15	G	V	A0A091DET1
Q53HV7	15	G	V	A0A091DET1
Q53S58	29	G	A	A0A1S3FIH4
Q53S58	32	I	V	A0A1S3FIH4
Q53S58	267	D	E	A0A1S3FIH4
Q53S58	29	G	A	A0A1S3FIH4
Q53S58	32	I	V	A0A1S3FIH4
Q53S58	267	D	E	A0A1S3FIH4
Q53S58	29	G	A	A0A1S3FIH4
Q53S58	32	I	V	A0A1S3FIH4
Q53S58	267	D	E	A0A1S3FIH4
Q567V2	72	M	V	A0A2Y9IXU9
Q569K6	16	T	A	F6Z7W8
Q569K6	51	D	N	F6Z7W8
Q569K6	191	P	L	F6Z7W8
Q569K6	587	S	A	F6Z7W8
Q569K6	16	T	A	F6Z7W8
Q569K6	51	D	N	F6Z7W8
Q569K6	191	P	L	F6Z7W8
Q569K6	587	S	A	F6Z7W8
Q58EX7	412	T	I	L5LJ02
Q58EX7	412	T	I	L5LJ02
Q58EX7	525	D	G	L5LJ02
Q58EX7	525	D	G	L5LJ02
Q58EX7	754	T	A	L5LJ02
Q58EX7	754	T	A	L5LJ02
Q58EX7	830	R	H	L5LJ02
Q58EX7	830	R	H	L5LJ02
Q58EX7	1090	S	T	L5LJ02
Q58EX7	412	T	I	L5LJ02
Q58EX7	412	T	I	L5LJ02
Q58EX7	525	D	G	L5LJ02
Q58EX7	525	D	G	L5LJ02
Q58EX7	754	T	A	L5LJ02
Q58EX7	754	T	A	L5LJ02
Q58EX7	830	R	H	L5LJ02
Q58EX7	830	R	H	L5LJ02
Q58EX7	1090	S	T	L5LJ02
Q58EX7	412	T	I	L5LJ02
Q58EX7	412	T	I	L5LJ02
Q58EX7	525	D	G	L5LJ02
Q58EX7	525	D	G	L5LJ02
Q58EX7	754	T	A	L5LJ02
Q58EX7	754	T	A	L5LJ02
Q58EX7	830	R	H	L5LJ02
Q58EX7	830	R	H	L5LJ02
Q58EX7	1090	S	T	L5LJ02
Q5BJH7	56	P	S	W5KLH2
Q5BKX8	78	S	L	A0A0P6JB19
Q5BKX8	78	S	L	A0A0P6JB19
Q5BKX8	81	N	K	A0A0P6JB19
Q5BKX8	81	N	K	A0A0P6JB19
Q5BKX8	81	N	K	A0A0P6JB19
Q5BKX8	131	R	H	A0A0P6JB19
Q5BKX8	131	R	H	A0A0P6JB19
Q5BKX8	163	D	G	A0A0P6JB19
Q5BKX8	163	D	G	A0A0P6JB19
Q5BKX8	231	R	K	A0A0P6JB19
Q5BKX8	231	R	K	A0A0P6JB19
Q5BKX8	231	R	K	A0A0P6JB19
Q5BKX8	324	P	L	A0A0P6JB19
Q5BKX8	324	P	L	A0A0P6JB19
Q5BLP8	17	P	L	F1S8R6
Q5BLP8	17	P	L	F1S8R6
Q5F1R6	17	E	G	U5EYP5
Q5F1R6	17	E	G	U5EYP5
Q5F1R6	112	R	C	U5EYP5
Q5F1R6	113	N	Y	U5EYP5
Q5F1R6	130	E	D	U5EYP5
Q5F1R6	274	R	Q	U5EYP5
Q5F1R6	274	R	Q	U5EYP5
Q5F1R6	274	R	Q	U5EYP5
Q5F1R6	398	D	G	U5EYP5
Q5F1R6	433	E	K	U5EYP5
Q5F1R6	433	E	K	U5EYP5
Q5F1R6	516	N	S	U5EYP5
Q5FWE3	124	S	F	H0V8W6
Q5FWE3	138	Q	E	H0V8W6
Q5FWE3	213	S	P	H0V8W6
Q5FWE3	233	L	F	H0V8W6
Q5FWE3	334	R	G	H0V8W6
Q5FWE3	124	S	F	H0V8W6
Q5FWE3	138	Q	E	H0V8W6
Q5FWE3	213	S	P	H0V8W6
Q5FWE3	233	L	F	H0V8W6
Q5FWE3	334	R	G	H0V8W6
Q5FWF5	191	N	S	A0A2J8XGX0
Q5FWF5	221	T	M	A0A2J8XGX0
Q5H8A3	6	P	S	A0A2R9BJ89
Q5H8A4	8	F	L	K7GFI5
Q5H8A4	8	F	L	K7GFI5
Q5H8A4	53	A	D	K7GFI5
Q5H8A4	53	A	D	K7GFI5
Q5H8A4	53	A	D	K7GFI5
Q5H8A4	55	S	Y	K7GFI5
Q5H8A4	55	S	Y	K7GFI5
Q5H8A4	93	T	A	K7GFI5
Q5H8A4	93	T	A	K7GFI5
Q5H8A4	237	S	R	K7GFI5
Q5H8A4	237	S	R	K7GFI5
Q5H8A4	295	A	S	K7GFI5
Q5H8A4	295	A	S	K7GFI5
Q5H8A4	295	A	S	K7GFI5
Q5H8A4	458	R	H	K7GFI5
Q5H8A4	463	L	V	K7GFI5
Q5H8A4	463	L	V	K7GFI5
Q5H8A4	463	L	V	K7GFI5
Q5H8A4	484	S	L	K7GFI5
Q5H8A4	484	S	L	K7GFI5
Q5H8A4	484	S	L	K7GFI5
Q5H8A4	507	A	V	K7GFI5
Q5H8A4	507	A	V	K7GFI5
Q5H8A4	507	A	V	K7GFI5
Q5H8A4	521	V	M	K7GFI5
Q5H8A4	521	V	M	K7GFI5
Q5H8A4	521	V	M	K7GFI5
Q5H8A4	531	V	M	K7GFI5
Q5H8A4	531	V	M	K7GFI5
Q5H8A4	532	G	R	K7GFI5
Q5H8A4	532	G	R	K7GFI5
Q5H8A4	543	P	R	K7GFI5
Q5H8A4	543	P	R	K7GFI5
Q5H8A4	543	P	R	K7GFI5
Q5H8A4	610	C	R	K7GFI5
Q5H8A4	644	E	K	K7GFI5
Q5H8A4	644	E	K	K7GFI5
Q5H8A4	644	E	K	K7GFI5
Q5H8A4	656	A	V	K7GFI5
Q5H8A4	656	A	V	K7GFI5
Q5H8A4	656	A	V	K7GFI5
Q5H8A4	699	V	I	K7GFI5
Q5H8A4	717	S	Y	K7GFI5
Q5H8A4	717	S	Y	K7GFI5
Q5H8A4	717	S	Y	K7GFI5
Q5H8A4	731	V	I	K7GFI5
Q5H8A4	731	V	I	K7GFI5
Q5H8A4	731	V	I	K7GFI5
Q5H8A4	735	R	Q	K7GFI5
Q5H8A4	735	R	Q	K7GFI5
Q5H8A4	735	R	Q	K7GFI5
Q5H8A4	739	G	R	K7GFI5
Q5H8A4	739	G	R	K7GFI5
Q5H8A4	760	R	H	K7GFI5
Q5H8A4	760	R	H	K7GFI5
Q5H8A4	864	A	G	K7GFI5
Q5H8A4	864	A	G	K7GFI5
Q5H8A4	881	I	T	K7GFI5
Q5H8A4	932	F	S	K7GFI5
Q5H8A4	960	M	T	K7GFI5
Q5H8A4	960	M	T	K7GFI5
Q5H8A4	964	I	T	K7GFI5
Q5H8A4	964	I	T	K7GFI5
Q5H9L4	34	L	P	G3N1E6
Q5H9L4	61	E	K	G3N1E6
Q5H9L4	61	E	K	G3N1E6
Q5H9L4	5	Q	R	G3N1E6
Q5H9L4	5	Q	R	G3N1E6
Q5H9L4	222	S	G	G3N1E6
Q5H9L4	372	R	H	G3N1E6
Q5HYA8	9	V	M	K7F332
Q5HYA8	9	V	M	K7F332
Q5HYA8	9	V	M	K7F332
Q5HYA8	9	V	M	K7F332
Q5HYA8	9	V	M	K7F332
Q5HYA8	9	V	M	K7F332
Q5HYA8	13	V	I	K7F332
Q5HYA8	261	D	N	K7F332
Q5HYA8	261	D	N	K7F332
Q5HYA8	261	D	N	K7F332
Q5HYA8	261	D	N	K7F332
Q5HYA8	261	D	N	K7F332
Q5HYA8	261	D	N	K7F332
Q5HYA8	604	I	V	K7F332
Q5HYA8	604	I	V	K7F332
Q5HYA8	604	I	V	K7F332
Q5HYA8	604	I	V	K7F332
Q5HYA8	604	I	V	K7F332
Q5HYA8	604	I	V	K7F332
Q5HYA8	604	I	V	K7F332
Q5HYA8	604	I	V	K7F332
Q5HYA8	608	R	G	K7F332
Q5HYA8	608	R	G	K7F332
Q5HYA8	9	V	M	K7F332
Q5HYA8	9	V	M	K7F332
Q5HYA8	9	V	M	K7F332
Q5HYA8	9	V	M	K7F332
Q5HYA8	9	V	M	K7F332
Q5HYA8	9	V	M	K7F332
Q5HYA8	13	V	I	K7F332
Q5HYA8	261	D	N	K7F332
Q5HYA8	261	D	N	K7F332
Q5HYA8	261	D	N	K7F332
Q5HYA8	261	D	N	K7F332
Q5HYA8	261	D	N	K7F332
Q5HYA8	261	D	N	K7F332
Q5HYA8	604	I	V	K7F332
Q5HYA8	604	I	V	K7F332
Q5HYA8	604	I	V	K7F332
Q5HYA8	604	I	V	K7F332
Q5HYA8	604	I	V	K7F332
Q5HYA8	604	I	V	K7F332
Q5HYA8	604	I	V	K7F332
Q5HYA8	604	I	V	K7F332
Q5HYA8	608	R	G	K7F332
Q5HYA8	608	R	G	K7F332
Q5J8X5	3	G	D	M3YSS3
Q5J8X5	7	I	V	M3YSS3
Q5J8X5	58	P	L	M3YSS3
Q5JSP0	275	V	I	Q9NXY1
Q5JSP0	275	V	I	Q9NXY1
Q5JSP0	275	V	I	Q9NXY1
Q5JSS6	9	K	T	A0A2Y9FMC4
Q5JSS6	9	K	T	A0A2Y9FMC4
Q5JVL4	18	K	N	C3YQF2
Q5JVL4	18	K	N	C3YQF2
Q5JVL4	33	Y	H	C3YQF2
Q5JVL4	33	Y	H	C3YQF2
Q5JVL4	33	Y	H	C3YQF2
Q5JVL4	54	F	L	C3YQF2
Q5JVL4	54	F	L	C3YQF2
Q5JVL4	77	P	T	C3YQF2
Q5JVL4	77	P	T	C3YQF2
Q5JVL4	77	P	T	C3YQF2
Q5JVL4	77	P	T	C3YQF2
Q5JVL4	77	P	T	C3YQF2
Q5JVL4	77	P	T	C3YQF2
Q5JVL4	151	R	C	C3YQF2
Q5JVL4	151	R	C	C3YQF2
Q5JVL4	159	R	G	C3YQF2
Q5JVL4	159	R	W	C3YQF2
Q5JVL4	159	R	W	C3YQF2
Q5JVL4	159	R	G	C3YQF2
Q5JVL4	159	R	W	C3YQF2
Q5JVL4	159	R	G	C3YQF2
Q5JVL4	159	R	G	C3YQF2
Q5JVL4	221	R	H	C3YQF2
Q5JVL4	221	R	H	C3YQF2
Q5JVL4	221	R	H	C3YQF2
Q5JVL4	221	R	H	C3YQF2
Q5JVL4	221	R	H	C3YQF2
Q5JVL4	280	E	K	C3YQF2
Q5JVL4	280	E	K	C3YQF2
Q5JVL4	294	R	H	C3YQF2
Q5JVL4	294	R	H	C3YQF2
Q5JVL4	294	R	H	C3YQF2
Q5JVL4	294	R	H	C3YQF2
Q5JVL4	294	R	H	C3YQF2
Q5JVL4	357	E	K	C3YQF2
Q5JVL4	357	E	K	C3YQF2
Q5JVL4	357	E	K	C3YQF2
Q5JVL4	357	E	K	C3YQF2
Q5JVL4	448	M	T	C3YQF2
Q5JVL4	448	M	T	C3YQF2
Q5JVL4	448	M	T	C3YQF2
Q5JVL4	448	M	T	C3YQF2
Q5JVL4	448	M	T	C3YQF2
Q5JVL4	508	T	R	C3YQF2
Q5JVL4	508	T	R	C3YQF2
Q5JVL4	541	P	R	C3YQF2
Q5JVL4	541	P	R	C3YQF2
Q5JVL4	556	V	A	C3YQF2
Q5JVL4	556	V	A	C3YQF2
Q5JVL4	607	N	S	C3YQF2
Q5JVL4	607	N	S	C3YQF2
Q5JVL4	607	N	S	C3YQF2
Q5JVL4	607	N	S	C3YQF2
Q5JVL4	619	I	L	C3YQF2
Q5JVL4	619	I	L	C3YQF2
Q5JVL4	619	I	L	C3YQF2
Q5JX71	159	V	I	H2P2D0
Q5K651	32	H	L	G3W7T3
Q5K651	32	H	L	G3W7T3
Q5K651	75	R	W	G3W7T3
Q5K651	75	R	Q	G3W7T3
Q5K651	86	S	F	G3W7T3
Q5K651	86	S	F	G3W7T3
Q5K651	86	S	F	G3W7T3
Q5K651	143	I	T	G3W7T3
Q5K651	174	R	H	G3W7T3
Q5K651	332	I	T	G3W7T3
Q5K651	332	I	T	G3W7T3
Q5K651	376	A	T	G3W7T3
Q5K651	449	N	S	G3W7T3
Q5K651	454	A	T	G3W7T3
Q5K651	479	T	M	G3W7T3
Q5K651	549	V	L	G3W7T3
Q5K651	792	V	I	G3W7T3
Q5K651	792	V	I	G3W7T3
Q5K651	792	V	I	G3W7T3
Q5K651	881	D	G	G3W7T3
Q5K651	894	K	E	G3W7T3
Q5K651	894	K	E	G3W7T3
Q5K651	1003	N	S	G3W7T3
Q5K651	1003	N	S	G3W7T3
Q5K651	1003	N	S	G3W7T3
Q5K651	1003	N	S	G3W7T3
Q5K651	1271	F	S	G3W7T3
Q5K651	1271	F	S	G3W7T3
Q5K651	1356	E	G	G3W7T3
Q5K651	1356	E	G	G3W7T3
Q5K651	1365	I	T	G3W7T3
Q5K651	1368	E	K	G3W7T3
Q5K651	1368	E	K	G3W7T3
Q5K651	1368	E	K	G3W7T3
Q5K651	1471	M	I	G3W7T3
Q5K651	1521	E	K	G3W7T3
Q5K651	1521	E	K	G3W7T3
Q5K651	1521	E	K	G3W7T3
Q5K651	1556	A	T	G3W7T3
Q5K651	1556	A	T	G3W7T3
Q5K651	1556	A	T	G3W7T3
Q5K651	1578	I	T	G3W7T3
Q5K651	1578	I	T	G3W7T3
Q5K651	1578	I	T	G3W7T3
Q5K651	32	H	L	G3W7T3
Q5K651	32	H	L	G3W7T3
Q5K651	75	R	Q	G3W7T3
Q5K651	75	R	W	G3W7T3
Q5K651	86	S	F	G3W7T3
Q5K651	86	S	F	G3W7T3
Q5K651	86	S	F	G3W7T3
Q5K651	143	I	T	G3W7T3
Q5K651	174	R	H	G3W7T3
Q5K651	332	I	T	G3W7T3
Q5K651	332	I	T	G3W7T3
Q5K651	376	A	T	G3W7T3
Q5K651	449	N	S	G3W7T3
Q5K651	454	A	T	G3W7T3
Q5K651	479	T	M	G3W7T3
Q5K651	549	V	L	G3W7T3
Q5K651	792	V	I	G3W7T3
Q5K651	792	V	I	G3W7T3
Q5K651	792	V	I	G3W7T3
Q5K651	881	D	G	G3W7T3
Q5K651	894	K	E	G3W7T3
Q5K651	894	K	E	G3W7T3
Q5K651	1003	N	S	G3W7T3
Q5K651	1003	N	S	G3W7T3
Q5K651	1003	N	S	G3W7T3
Q5K651	1003	N	S	G3W7T3
Q5K651	1271	F	S	G3W7T3
Q5K651	1271	F	S	G3W7T3
Q5K651	1356	E	G	G3W7T3
Q5K651	1356	E	G	G3W7T3
Q5K651	1365	I	T	G3W7T3
Q5K651	1368	E	K	G3W7T3
Q5K651	1368	E	K	G3W7T3
Q5K651	1368	E	K	G3W7T3
Q5K651	1471	M	I	G3W7T3
Q5K651	1521	E	K	G3W7T3
Q5K651	1521	E	K	G3W7T3
Q5K651	1521	E	K	G3W7T3
Q5K651	1556	A	T	G3W7T3
Q5K651	1556	A	T	G3W7T3
Q5K651	1556	A	T	G3W7T3
Q5K651	1578	I	T	G3W7T3
Q5K651	1578	I	T	G3W7T3
Q5K651	1578	I	T	G3W7T3
Q5KSL6	106	A	V	A0A2U3YP03
Q5KSL6	106	A	V	A0A2U3YP03
Q5KSL6	612	I	N	A0A2U3YP03
Q5KSL6	612	I	N	A0A2U3YP03
Q5KSL6	851	R	C	A0A2U3YP03
Q5KSL6	851	R	C	A0A2U3YP03
Q5KSL6	1069	S	N	A0A2U3YP03
Q5KSL6	1069	S	N	A0A2U3YP03
Q5KSL6	1118	D	N	A0A2U3YP03
Q5KSL6	1203	P	S	A0A2U3YP03
Q5KSL6	1203	P	S	A0A2U3YP03
Q5KU26	32	N	D	L9KM01
Q5KU26	32	N	D	L9KM01
Q5KU26	46	L	F	L9KM01
Q5KU26	52	I	V	L9KM01
Q5KU26	52	I	V	L9KM01
Q5KU26	487	I	V	L9KM01
Q5KU26	522	S	P	L9KM01
Q5KU26	606	G	S	L9KM01
Q5MY95	5	R	Q	F6XDT4
Q5MY95	5	R	Q	F6XDT4
Q5MY95	62	L	P	F6XDT4
Q5R3K3	80	G	R	A0A2Y9LU54
Q5R3K3	100	T	A	A0A2Y9LU54
Q5R3K3	165	D	H	A0A2Y9LU54
Q5R3K3	293	E	K	A0A2Y9LU54
Q5R3K3	310	N	K	A0A2Y9LU54
Q5RI15	3	A	S	A0A2I2ZXJ9
Q5RI15	3	A	S	A0A2I2ZXJ9
Q5RI15	3	A	S	A0A2I2ZXJ9
Q5RI15	3	A	S	A0A2I2ZXJ9
Q5RI15	118	N	S	A0A2I2ZXJ9
Q5RI15	118	N	S	A0A2I2ZXJ9
Q5RI15	118	N	S	A0A2I2ZXJ9
Q5RKV6	135	R	P	A0A2R5LJT3
Q5RKV6	193	P	T	A0A2R5LJT3
Q5RKV6	272	P	S	A0A2R5LJT3
Q5RL73	3	S	L	F6T6S3
Q5RL73	3	S	L	F6T6S3
Q5RL73	358	S	R	F6T6S3
Q5S007	50	R	H	A0A093CNU7
Q5S007	107	N	D	A0A093CNU7
Q5S007	115	H	P	A0A093CNU7
Q5S007	115	H	P	A0A093CNU7
Q5S007	115	H	P	A0A093CNU7
Q5S007	116	Q	R	A0A093CNU7
Q5S007	246	N	H	A0A093CNU7
Q5S007	246	N	H	A0A093CNU7
Q5S007	246	N	H	A0A093CNU7
Q5S007	419	A	V	A0A093CNU7
Q5S007	419	A	V	A0A093CNU7
Q5S007	419	A	V	A0A093CNU7
Q5S007	551	N	K	A0A093CNU7
Q5S007	551	N	K	A0A093CNU7
Q5S007	551	N	K	A0A093CNU7
Q5S007	551	N	K	A0A093CNU7
Q5S007	580	L	F	A0A093CNU7
Q5S007	723	I	V	A0A093CNU7
Q5S007	723	I	V	A0A093CNU7
Q5S007	723	I	V	A0A093CNU7
Q5S007	755	P	L	A0A093CNU7
Q5S007	755	P	L	A0A093CNU7
Q5S007	755	P	L	A0A093CNU7
Q5S007	860	S	N	A0A093CNU7
Q5S007	860	S	N	A0A093CNU7
Q5S007	865	S	F	A0A093CNU7
Q5S007	865	S	F	A0A093CNU7
Q5S007	865	S	F	A0A093CNU7
Q5S007	899	E	D	A0A093CNU7
Q5S007	921	V	I	A0A093CNU7
Q5S007	921	V	I	A0A093CNU7
Q5S007	955	S	L	A0A093CNU7
Q5S007	955	S	L	A0A093CNU7
Q5S007	1111	Q	H	A0A093CNU7
Q5S007	1111	Q	H	A0A093CNU7
Q5S007	1111	Q	H	A0A093CNU7
Q5S007	1262	P	A	A0A093CNU7
Q5S007	1262	P	A	A0A093CNU7
Q5S007	1262	P	A	A0A093CNU7
Q5S007	1320	R	S	A0A093CNU7
Q5S007	1320	R	S	A0A093CNU7
Q5S007	1320	R	S	A0A093CNU7
Q5S007	1371	I	V	A0A093CNU7
Q5S007	1388	L	I	A0A093CNU7
Q5S007	1398	R	H	A0A093CNU7
Q5S007	1398	R	H	A0A093CNU7
Q5S007	1398	R	H	A0A093CNU7
Q5S007	1398	R	H	A0A093CNU7
Q5S007	1410	T	M	A0A093CNU7
Q5S007	1410	T	M	A0A093CNU7
Q5S007	1410	T	M	A0A093CNU7
Q5S007	1446	P	L	A0A093CNU7
Q5S007	1446	P	L	A0A093CNU7
Q5S007	1446	P	L	A0A093CNU7
Q5S007	1514	R	Q	A0A093CNU7
Q5S007	1514	R	Q	A0A093CNU7
Q5S007	1542	P	S	A0A093CNU7
Q5S007	1542	P	S	A0A093CNU7
Q5S007	1542	P	S	A0A093CNU7
Q5S007	1646	M	T	A0A093CNU7
Q5S007	1646	M	T	A0A093CNU7
Q5S007	1646	M	T	A0A093CNU7
Q5S007	1647	S	T	A0A093CNU7
Q5S007	1647	S	T	A0A093CNU7
Q5S007	1647	S	T	A0A093CNU7
Q5S007	1647	S	T	A0A093CNU7
Q5S007	1823	Q	K	A0A093CNU7
Q5S007	1823	Q	K	A0A093CNU7
Q5S007	1823	Q	K	A0A093CNU7
Q5S007	2081	N	D	A0A093CNU7
Q5S007	2081	N	D	A0A093CNU7
Q5S007	2081	N	D	A0A093CNU7
Q5S007	2081	N	D	A0A093CNU7
Q5S007	2346	Y	H	A0A093CNU7
Q5S007	2346	Y	H	A0A093CNU7
Q5S007	2397	M	T	A0A093CNU7
Q5S007	2397	M	T	A0A093CNU7
Q5S007	2397	M	T	A0A093CNU7
Q5S007	2477	R	W	A0A093CNU7
Q5S007	2477	R	W	A0A093CNU7
Q5S007	2477	R	W	A0A093CNU7
Q5S007	2495	V	I	A0A093CNU7
Q5S007	2495	V	I	A0A093CNU7
Q5SRI9	82	T	I	A0A1U7S6P8
Q5SRI9	177	R	C	A0A1U7S6P8
Q5SRI9	344	F	I	A0A1U7S6P8
Q5SRI9	457	R	H	A0A1U7S6P8
Q5SRI9	82	T	I	A0A1U7S6P8
Q5SRI9	177	R	C	A0A1U7S6P8
Q5SRI9	344	F	I	A0A1U7S6P8
Q5SRI9	457	R	H	A0A1U7S6P8
Q5SRI9	82	T	I	A0A1U7S6P8
Q5SRI9	177	R	C	A0A1U7S6P8
Q5SRI9	344	F	I	A0A1U7S6P8
Q5SRI9	457	R	H	A0A1U7S6P8
Q5SRR4	56	F	L	A0A2R9CSZ1
Q5SVZ6	73	V	M	I3M018
Q5SVZ6	421	T	I	I3M018
Q5SVZ6	472	K	R	I3M018
Q5SVZ6	992	K	R	I3M018
Q5SVZ6	73	V	M	I3M018
Q5SVZ6	421	T	I	I3M018
Q5SVZ6	472	K	R	I3M018
Q5SVZ6	992	K	R	I3M018
Q5SVZ6	73	V	M	I3M018
Q5SVZ6	421	T	I	I3M018
Q5SVZ6	472	K	R	I3M018
Q5SVZ6	992	K	R	I3M018
Q5SVZ6	73	V	M	I3M018
Q5SVZ6	421	T	I	I3M018
Q5SVZ6	472	K	R	I3M018
Q5SVZ6	992	K	R	I3M018
Q5SW24	73	A	S	G1KHV8
Q5SW24	198	P	S	G1KHV8
Q5SW24	351	E	G	G1KHV8
Q5SW24	517	L	P	G1KHV8
Q5SW24	541	T	P	G1KHV8
Q5SW24	646	G	C	G1KHV8
Q5T0J7	55	E	G	M3Y198
Q5T0J7	146	A	G	M3Y198
Q5T0J7	171	L	R	M3Y198
Q5T0J7	171	L	P	M3Y198
Q5T1V6	50	A	P	H3CXJ2
Q5T1V6	50	A	P	H3CXJ2
Q5T1V6	84	S	T	H3CXJ2
Q5T1V6	84	S	T	H3CXJ2
Q5T1V6	107	I	V	H3CXJ2
Q5T1V6	137	L	V	H3CXJ2
Q5T1V6	166	Y	C	H3CXJ2
Q5T1V6	166	Y	C	H3CXJ2
Q5T1V6	316	L	I	H3CXJ2
Q5T1V6	316	L	I	H3CXJ2
Q5T1V6	416	N	S	H3CXJ2
Q5T1V6	418	R	H	H3CXJ2
Q5T1V6	446	P	L	H3CXJ2
Q5T1V6	446	P	L	H3CXJ2
Q5T1V6	464	V	A	H3CXJ2
Q5T1V6	464	V	A	H3CXJ2
Q5T1V6	475	I	V	H3CXJ2
Q5T1V6	475	I	V	H3CXJ2
Q5T1V6	513	S	N	H3CXJ2
Q5T1V6	513	S	N	H3CXJ2
Q5T3U5	208	D	E	A0A060WUP0
Q5T3U5	948	I	T	A0A060WUP0
Q5T3U5	1238	T	I	A0A060WUP0
Q5T3U5	1238	T	I	A0A060WUP0
Q5T481	44	P	Q	I3KHB8
Q5T481	44	P	Q	I3KHB8
Q5T481	44	P	Q	I3KHB8
Q5T481	44	P	Q	I3KHB8
Q5T481	44	P	Q	I3KHB8
Q5T481	49	Q	P	I3KHB8
Q5T481	55	Q	P	I3KHB8
Q5T481	156	A	V	I3KHB8
Q5T481	173	P	T	I3KHB8
Q5T481	173	P	T	I3KHB8
Q5T481	173	P	T	I3KHB8
Q5T481	173	P	T	I3KHB8
Q5T481	173	P	T	I3KHB8
Q5T481	232	G	D	I3KHB8
Q5T481	232	G	D	I3KHB8
Q5T481	232	G	D	I3KHB8
Q5T481	232	G	D	I3KHB8
Q5T481	232	G	D	I3KHB8
Q5T481	235	S	I	I3KHB8
Q5T481	258	S	L	I3KHB8
Q5T481	258	S	L	I3KHB8
Q5T481	258	S	L	I3KHB8
Q5T481	391	V	A	I3KHB8
Q5T481	391	V	A	I3KHB8
Q5T481	391	V	M	I3KHB8
Q5T481	391	V	A	I3KHB8
Q5T481	391	V	M	I3KHB8
Q5T481	391	V	A	I3KHB8
Q5T481	391	V	M	I3KHB8
Q5T481	404	G	S	I3KHB8
Q5T481	666	R	W	I3KHB8
Q5T481	666	R	W	I3KHB8
Q5T481	718	L	V	I3KHB8
Q5T481	718	L	P	I3KHB8
Q5T481	718	L	P	I3KHB8
Q5T481	744	N	I	I3KHB8
Q5T481	744	N	I	I3KHB8
Q5T481	755	R	H	I3KHB8
Q5T481	755	R	H	I3KHB8
Q5T481	768	S	L	I3KHB8
Q5T481	768	S	W	I3KHB8
Q5T481	768	S	L	I3KHB8
Q5T481	768	S	W	I3KHB8
Q5T481	768	S	L	I3KHB8
Q5T481	788	A	S	I3KHB8
Q5T481	788	A	S	I3KHB8
Q5T481	957	L	V	I3KHB8
Q5T481	957	L	V	I3KHB8
Q5T481	985	P	S	I3KHB8
Q5T481	1057	R	Q	I3KHB8
Q5T481	1057	R	Q	I3KHB8
Q5T481	1057	R	Q	I3KHB8
Q5T481	1057	R	Q	I3KHB8
Q5T481	1057	R	Q	I3KHB8
Q5T481	1057	R	Q	I3KHB8
Q5T481	1082	L	R	I3KHB8
Q5T481	1111	V	M	I3KHB8
Q5T481	1111	V	M	I3KHB8
Q5T481	1125	E	K	I3KHB8
Q5T481	1125	E	K	I3KHB8
Q5T481	1125	E	K	I3KHB8
Q5T481	1125	E	K	I3KHB8
Q5T481	1175	T	A	I3KHB8
Q5T481	1175	T	A	I3KHB8
Q5T481	1175	T	A	I3KHB8
Q5T481	1223	E	Q	I3KHB8
Q5T481	1223	E	Q	I3KHB8
Q5T481	1223	E	Q	I3KHB8
Q5T481	1223	E	Q	I3KHB8
Q5T4D3	281	G	S	L9L9E6
Q5T4D3	438	V	I	L9L9E6
Q5T5Y3	116	R	Q	G5B6C2
Q5T5Y3	116	R	Q	G5B6C2
Q5T5Y3	127	T	I	G5B6C2
Q5T5Y3	127	T	I	G5B6C2
Q5T5Y3	399	Y	H	G5B6C2
Q5T5Y3	399	Y	H	G5B6C2
Q5T5Y3	476	A	V	G5B6C2
Q5T601	96	S	R	F6XQ06
Q5T601	96	S	R	F6XQ06
Q5T601	463	R	H	F6XQ06
Q5T601	571	I	M	F6XQ06
Q5T601	787	I	V	F6XQ06
Q5T601	803	T	P	F6XQ06
Q5T601	803	T	P	F6XQ06
Q5T6X5	91	P	S	A0A060X8U6
Q5T6X5	144	I	R	A0A060X8U6
Q5T6X5	599	I	T	A0A060X8U6
Q5T6X5	885	S	Y	A0A060X8U6
Q5T6X5	885	S	Y	A0A060X8U6
Q5T6X5	924	S	L	A0A060X8U6
Q5T750	26	S	T	G1T8X6
Q5T750	159	T	P	G1T8X6
Q5T750	172	C	Y	G1T8X6
Q5T750	173	L	V	G1T8X6
Q5T9A4	71	A	S	U3D8L8
Q5T9A4	71	A	S	U3D8L8
Q5T9A4	92	K	R	U3D8L8
Q5T9A4	92	K	R	U3D8L8
Q5T9A4	216	S	A	U3D8L8
Q5T9A4	220	Q	R	U3D8L8
Q5T9A4	220	Q	R	U3D8L8
Q5T9A4	228	T	M	U3D8L8
Q5T9A4	228	T	M	U3D8L8
Q5T9A4	270	V	I	U3D8L8
Q5T9A4	274	F	Y	U3D8L8
Q5T9A4	374	A	T	U3D8L8
Q5T9A4	386	R	Q	U3D8L8
Q5T9A4	485	V	A	U3D8L8
Q5T9A4	574	A	V	U3D8L8
Q5T9A4	579	R	C	U3D8L8
Q5T9A4	620	G	E	U3D8L8
Q5T9A4	638	R	Q	U3D8L8
Q5T9A4	638	R	Q	U3D8L8
Q5T9A4	639	P	S	U3D8L8
Q5T9A4	639	P	S	U3D8L8
Q5TB30	404	I	R	A0A2Y9D749
Q5TB30	642	T	M	A0A2Y9D749
Q5TB30	642	T	M	A0A2Y9D749
Q5TEC6	78	E	D	A0A2P6TS80
Q5TEC6	78	E	D	A0A2P6TS80
Q5TEJ8	111	F	L	A0A1U7TZS2
Q5TEJ8	111	F	L	A0A1U7TZS2
Q5TEJ8	511	K	E	A0A1U7TZS2
Q5TFG8	6	P	S	A0A2K6LNS0
Q5TGY3	36	R	P	H9GPS0
Q5TGY3	42	R	W	H9GPS0
Q5TGY3	42	R	Q	H9GPS0
Q5TGY3	42	R	W	H9GPS0
Q5TGY3	71	T	I	H9GPS0
Q5TGY3	71	T	I	H9GPS0
Q5TGY3	71	T	I	H9GPS0
Q5TGY3	71	T	I	H9GPS0
Q5TGY3	83	P	R	H9GPS0
Q5TGY3	96	R	C	H9GPS0
Q5TGY3	96	R	C	H9GPS0
Q5TGY3	96	R	C	H9GPS0
Q5TGY3	96	R	H	H9GPS0
Q5TGY3	102	G	R	H9GPS0
Q5TGY3	113	N	Y	H9GPS0
Q5TGY3	113	N	Y	H9GPS0
Q5TGY3	157	A	V	H9GPS0
Q5TGY3	157	A	V	H9GPS0
Q5TGY3	157	A	V	H9GPS0
Q5TGY3	192	R	Q	H9GPS0
Q5TGY3	261	A	V	H9GPS0
Q5TGY3	261	A	V	H9GPS0
Q5TGY3	261	A	V	H9GPS0
Q5TGY3	271	P	L	H9GPS0
Q5TGY3	271	P	A	H9GPS0
Q5TGY3	271	P	A	H9GPS0
Q5TGY3	271	P	A	H9GPS0
Q5TGY3	271	P	L	H9GPS0
Q5TGY3	278	P	S	H9GPS0
Q5TGY3	278	P	S	H9GPS0
Q5TGY3	278	P	S	H9GPS0
Q5TGY3	292	G	R	H9GPS0
Q5TGY3	342	D	E	H9GPS0
Q5TGY3	346	R	H	H9GPS0
Q5TGY3	364	R	C	H9GPS0
Q5TGY3	412	R	H	H9GPS0
Q5TGY3	412	R	H	H9GPS0
Q5TGY3	412	R	H	H9GPS0
Q5TGY3	421	G	E	H9GPS0
Q5TGY3	421	G	E	H9GPS0
Q5TGY3	471	V	M	H9GPS0
Q5TGY3	471	V	M	H9GPS0
Q5TGY3	471	V	M	H9GPS0
Q5TGY3	483	V	I	H9GPS0
Q5TGY3	504	V	M	H9GPS0
Q5TGY3	504	V	M	H9GPS0
Q5TGY3	504	V	M	H9GPS0
Q5TGY3	513	V	M	H9GPS0
Q5TGY3	559	G	S	H9GPS0
Q5TGY3	559	G	S	H9GPS0
Q5TGY3	574	V	L	H9GPS0
Q5TGY3	574	V	L	H9GPS0
Q5TGY3	589	R	Q	H9GPS0
Q5TGY3	629	A	T	H9GPS0
Q5TGY3	694	F	L	H9GPS0
Q5TGY3	694	F	L	H9GPS0
Q5TGY3	712	V	G	H9GPS0
Q5TGY3	712	V	G	H9GPS0
Q5TGY3	730	E	A	H9GPS0
Q5TGY3	808	S	G	H9GPS0
Q5TGY3	808	S	G	H9GPS0
Q5TGY3	813	R	C	H9GPS0
Q5TGY3	909	P	R	H9GPS0
Q5TGY3	909	P	R	H9GPS0
Q5TGY3	909	P	R	H9GPS0
Q5TGY3	935	A	T	H9GPS0
Q5TGY3	943	T	P	H9GPS0
Q5TGY3	943	T	P	H9GPS0
Q5TGY3	943	T	P	H9GPS0
Q5TGY3	962	P	L	H9GPS0
Q5TGY3	977	G	R	H9GPS0
Q5TGY3	981	F	L	H9GPS0
Q5TGY3	981	F	L	H9GPS0
Q5TGY3	1025	T	I	H9GPS0
Q5TGY3	1025	T	I	H9GPS0
Q5TGY3	1066	G	S	H9GPS0
Q5TGY3	1071	P	L	H9GPS0
Q5TGY3	1071	P	L	H9GPS0
Q5TGY3	1084	A	T	H9GPS0
Q5TGY3	1103	A	V	H9GPS0
Q5TGY3	1103	A	V	H9GPS0
Q5TGY3	1123	A	T	H9GPS0
Q5TGY3	1191	S	N	H9GPS0
Q5TGY3	1191	S	N	H9GPS0
Q5TGY3	1191	S	N	H9GPS0
Q5TGY3	1210	E	D	H9GPS0
Q5TGY3	1210	E	D	H9GPS0
Q5TGY3	1210	E	D	H9GPS0
Q5TGY3	1210	E	D	H9GPS0
Q5TGY3	1277	G	S	H9GPS0
Q5TGY3	1285	E	D	H9GPS0
Q5TGY3	1285	E	D	H9GPS0
Q5TGY3	1334	G	S	H9GPS0
Q5TGY3	1341	C	G	H9GPS0
Q5TGY3	1341	C	G	H9GPS0
Q5TGY3	1341	C	G	H9GPS0
Q5TGY3	1349	M	V	H9GPS0
Q5TGY3	1393	G	D	H9GPS0
Q5TGY3	1393	G	D	H9GPS0
Q5TGY3	1393	G	D	H9GPS0
Q5TGY3	1443	H	Q	H9GPS0
Q5TGY3	1462	K	Q	H9GPS0
Q5TGY3	1462	K	Q	H9GPS0
Q5TGY3	1462	K	Q	H9GPS0
Q5TGY3	1529	R	C	H9GPS0
Q5TGY3	1529	R	C	H9GPS0
Q5TGY3	1529	R	C	H9GPS0
Q5TGY3	1535	A	T	H9GPS0
Q5TGY3	1555	S	L	H9GPS0
Q5TGY3	36	R	P	H9GPS0
Q5TGY3	42	R	W	H9GPS0
Q5TGY3	42	R	Q	H9GPS0
Q5TGY3	42	R	W	H9GPS0
Q5TGY3	71	T	I	H9GPS0
Q5TGY3	71	T	I	H9GPS0
Q5TGY3	71	T	I	H9GPS0
Q5TGY3	71	T	I	H9GPS0
Q5TGY3	83	P	R	H9GPS0
Q5TGY3	96	R	H	H9GPS0
Q5TGY3	96	R	C	H9GPS0
Q5TGY3	96	R	C	H9GPS0
Q5TGY3	96	R	C	H9GPS0
Q5TGY3	102	G	R	H9GPS0
Q5TGY3	113	N	Y	H9GPS0
Q5TGY3	113	N	Y	H9GPS0
Q5TGY3	157	A	V	H9GPS0
Q5TGY3	157	A	V	H9GPS0
Q5TGY3	157	A	V	H9GPS0
Q5TGY3	192	R	Q	H9GPS0
Q5TGY3	261	A	V	H9GPS0
Q5TGY3	261	A	V	H9GPS0
Q5TGY3	261	A	V	H9GPS0
Q5TGY3	271	P	A	H9GPS0
Q5TGY3	271	P	A	H9GPS0
Q5TGY3	271	P	A	H9GPS0
Q5TGY3	271	P	L	H9GPS0
Q5TGY3	271	P	L	H9GPS0
Q5TGY3	278	P	S	H9GPS0
Q5TGY3	278	P	S	H9GPS0
Q5TGY3	278	P	S	H9GPS0
Q5TGY3	292	G	R	H9GPS0
Q5TGY3	342	D	E	H9GPS0
Q5TGY3	346	R	H	H9GPS0
Q5TGY3	364	R	C	H9GPS0
Q5TGY3	412	R	H	H9GPS0
Q5TGY3	412	R	H	H9GPS0
Q5TGY3	412	R	H	H9GPS0
Q5TGY3	421	G	E	H9GPS0
Q5TGY3	421	G	E	H9GPS0
Q5TGY3	471	V	M	H9GPS0
Q5TGY3	471	V	M	H9GPS0
Q5TGY3	471	V	M	H9GPS0
Q5TGY3	483	V	I	H9GPS0
Q5TGY3	504	V	M	H9GPS0
Q5TGY3	504	V	M	H9GPS0
Q5TGY3	504	V	M	H9GPS0
Q5TGY3	513	V	M	H9GPS0
Q5TGY3	559	G	S	H9GPS0
Q5TGY3	559	G	S	H9GPS0
Q5TGY3	574	V	L	H9GPS0
Q5TGY3	574	V	L	H9GPS0
Q5TGY3	589	R	Q	H9GPS0
Q5TGY3	629	A	T	H9GPS0
Q5TGY3	694	F	L	H9GPS0
Q5TGY3	694	F	L	H9GPS0
Q5TGY3	712	V	G	H9GPS0
Q5TGY3	712	V	G	H9GPS0
Q5TGY3	730	E	A	H9GPS0
Q5TGY3	808	S	G	H9GPS0
Q5TGY3	808	S	G	H9GPS0
Q5TGY3	813	R	C	H9GPS0
Q5TGY3	909	P	R	H9GPS0
Q5TGY3	909	P	R	H9GPS0
Q5TGY3	909	P	R	H9GPS0
Q5TGY3	935	A	T	H9GPS0
Q5TGY3	943	T	P	H9GPS0
Q5TGY3	943	T	P	H9GPS0
Q5TGY3	943	T	P	H9GPS0
Q5TGY3	962	P	L	H9GPS0
Q5TGY3	977	G	R	H9GPS0
Q5TGY3	981	F	L	H9GPS0
Q5TGY3	981	F	L	H9GPS0
Q5TGY3	1025	T	I	H9GPS0
Q5TGY3	1025	T	I	H9GPS0
Q5TGY3	1066	G	S	H9GPS0
Q5TGY3	1071	P	L	H9GPS0
Q5TGY3	1071	P	L	H9GPS0
Q5TGY3	1084	A	T	H9GPS0
Q5TGY3	1103	A	V	H9GPS0
Q5TGY3	1103	A	V	H9GPS0
Q5TGY3	1123	A	T	H9GPS0
Q5TGY3	1191	S	N	H9GPS0
Q5TGY3	1191	S	N	H9GPS0
Q5TGY3	1191	S	N	H9GPS0
Q5TGY3	1210	E	D	H9GPS0
Q5TGY3	1210	E	D	H9GPS0
Q5TGY3	1210	E	D	H9GPS0
Q5TGY3	1210	E	D	H9GPS0
Q5TGY3	1277	G	S	H9GPS0
Q5TGY3	1285	E	D	H9GPS0
Q5TGY3	1285	E	D	H9GPS0
Q5TGY3	1334	G	S	H9GPS0
Q5TGY3	1341	C	G	H9GPS0
Q5TGY3	1341	C	G	H9GPS0
Q5TGY3	1341	C	G	H9GPS0
Q5TGY3	1349	M	V	H9GPS0
Q5TGY3	1393	G	D	H9GPS0
Q5TGY3	1393	G	D	H9GPS0
Q5TGY3	1393	G	D	H9GPS0
Q5TGY3	1443	H	Q	H9GPS0
Q5TGY3	1462	K	Q	H9GPS0
Q5TGY3	1462	K	Q	H9GPS0
Q5TGY3	1462	K	Q	H9GPS0
Q5TGY3	1529	R	C	H9GPS0
Q5TGY3	1529	R	C	H9GPS0
Q5TGY3	1529	R	C	H9GPS0
Q5TGY3	1535	A	T	H9GPS0
Q5TGY3	1555	S	L	H9GPS0
Q5TGY3	36	R	P	H9GPS0
Q5TGY3	42	R	W	H9GPS0
Q5TGY3	42	R	Q	H9GPS0
Q5TGY3	42	R	W	H9GPS0
Q5TGY3	71	T	I	H9GPS0
Q5TGY3	71	T	I	H9GPS0
Q5TGY3	71	T	I	H9GPS0
Q5TGY3	71	T	I	H9GPS0
Q5TGY3	83	P	R	H9GPS0
Q5TGY3	96	R	C	H9GPS0
Q5TGY3	96	R	C	H9GPS0
Q5TGY3	96	R	C	H9GPS0
Q5TGY3	96	R	H	H9GPS0
Q5TGY3	102	G	R	H9GPS0
Q5TGY3	113	N	Y	H9GPS0
Q5TGY3	113	N	Y	H9GPS0
Q5TGY3	157	A	V	H9GPS0
Q5TGY3	157	A	V	H9GPS0
Q5TGY3	157	A	V	H9GPS0
Q5TGY3	192	R	Q	H9GPS0
Q5TGY3	261	A	V	H9GPS0
Q5TGY3	261	A	V	H9GPS0
Q5TGY3	261	A	V	H9GPS0
Q5TGY3	271	P	L	H9GPS0
Q5TGY3	271	P	L	H9GPS0
Q5TGY3	271	P	A	H9GPS0
Q5TGY3	271	P	A	H9GPS0
Q5TGY3	271	P	A	H9GPS0
Q5TGY3	278	P	S	H9GPS0
Q5TGY3	278	P	S	H9GPS0
Q5TGY3	278	P	S	H9GPS0
Q5TGY3	292	G	R	H9GPS0
Q5TGY3	342	D	E	H9GPS0
Q5TGY3	346	R	H	H9GPS0
Q5TGY3	364	R	C	H9GPS0
Q5TGY3	412	R	H	H9GPS0
Q5TGY3	412	R	H	H9GPS0
Q5TGY3	412	R	H	H9GPS0
Q5TGY3	421	G	E	H9GPS0
Q5TGY3	421	G	E	H9GPS0
Q5TGY3	471	V	M	H9GPS0
Q5TGY3	471	V	M	H9GPS0
Q5TGY3	471	V	M	H9GPS0
Q5TGY3	483	V	I	H9GPS0
Q5TGY3	504	V	M	H9GPS0
Q5TGY3	504	V	M	H9GPS0
Q5TGY3	504	V	M	H9GPS0
Q5TGY3	513	V	M	H9GPS0
Q5TGY3	559	G	S	H9GPS0
Q5TGY3	559	G	S	H9GPS0
Q5TGY3	574	V	L	H9GPS0
Q5TGY3	574	V	L	H9GPS0
Q5TGY3	589	R	Q	H9GPS0
Q5TGY3	629	A	T	H9GPS0
Q5TGY3	694	F	L	H9GPS0
Q5TGY3	694	F	L	H9GPS0
Q5TGY3	712	V	G	H9GPS0
Q5TGY3	712	V	G	H9GPS0
Q5TGY3	730	E	A	H9GPS0
Q5TGY3	808	S	G	H9GPS0
Q5TGY3	808	S	G	H9GPS0
Q5TGY3	813	R	C	H9GPS0
Q5TGY3	909	P	R	H9GPS0
Q5TGY3	909	P	R	H9GPS0
Q5TGY3	909	P	R	H9GPS0
Q5TGY3	935	A	T	H9GPS0
Q5TGY3	943	T	P	H9GPS0
Q5TGY3	943	T	P	H9GPS0
Q5TGY3	943	T	P	H9GPS0
Q5TGY3	962	P	L	H9GPS0
Q5TGY3	977	G	R	H9GPS0
Q5TGY3	981	F	L	H9GPS0
Q5TGY3	981	F	L	H9GPS0
Q5TGY3	1025	T	I	H9GPS0
Q5TGY3	1025	T	I	H9GPS0
Q5TGY3	1066	G	S	H9GPS0
Q5TGY3	1071	P	L	H9GPS0
Q5TGY3	1071	P	L	H9GPS0
Q5TGY3	1084	A	T	H9GPS0
Q5TGY3	1103	A	V	H9GPS0
Q5TGY3	1103	A	V	H9GPS0
Q5TGY3	1123	A	T	H9GPS0
Q5TGY3	1191	S	N	H9GPS0
Q5TGY3	1191	S	N	H9GPS0
Q5TGY3	1191	S	N	H9GPS0
Q5TGY3	1210	E	D	H9GPS0
Q5TGY3	1210	E	D	H9GPS0
Q5TGY3	1210	E	D	H9GPS0
Q5TGY3	1210	E	D	H9GPS0
Q5TGY3	1277	G	S	H9GPS0
Q5TGY3	1285	E	D	H9GPS0
Q5TGY3	1285	E	D	H9GPS0
Q5TGY3	1334	G	S	H9GPS0
Q5TGY3	1341	C	G	H9GPS0
Q5TGY3	1341	C	G	H9GPS0
Q5TGY3	1341	C	G	H9GPS0
Q5TGY3	1349	M	V	H9GPS0
Q5TGY3	1393	G	D	H9GPS0
Q5TGY3	1393	G	D	H9GPS0
Q5TGY3	1393	G	D	H9GPS0
Q5TGY3	1443	H	Q	H9GPS0
Q5TGY3	1462	K	Q	H9GPS0
Q5TGY3	1462	K	Q	H9GPS0
Q5TGY3	1462	K	Q	H9GPS0
Q5TGY3	1529	R	C	H9GPS0
Q5TGY3	1529	R	C	H9GPS0
Q5TGY3	1529	R	C	H9GPS0
Q5TGY3	1535	A	T	H9GPS0
Q5TGY3	1555	S	L	H9GPS0
Q5TGY3	36	R	P	H9GPS0
Q5TGY3	42	R	W	H9GPS0
Q5TGY3	42	R	W	H9GPS0
Q5TGY3	42	R	Q	H9GPS0
Q5TGY3	71	T	I	H9GPS0
Q5TGY3	71	T	I	H9GPS0
Q5TGY3	71	T	I	H9GPS0
Q5TGY3	71	T	I	H9GPS0
Q5TGY3	83	P	R	H9GPS0
Q5TGY3	96	R	H	H9GPS0
Q5TGY3	96	R	C	H9GPS0
Q5TGY3	96	R	C	H9GPS0
Q5TGY3	96	R	C	H9GPS0
Q5TGY3	102	G	R	H9GPS0
Q5TGY3	113	N	Y	H9GPS0
Q5TGY3	113	N	Y	H9GPS0
Q5TGY3	157	A	V	H9GPS0
Q5TGY3	157	A	V	H9GPS0
Q5TGY3	157	A	V	H9GPS0
Q5TGY3	192	R	Q	H9GPS0
Q5TGY3	261	A	V	H9GPS0
Q5TGY3	261	A	V	H9GPS0
Q5TGY3	261	A	V	H9GPS0
Q5TGY3	271	P	A	H9GPS0
Q5TGY3	271	P	A	H9GPS0
Q5TGY3	271	P	L	H9GPS0
Q5TGY3	271	P	A	H9GPS0
Q5TGY3	271	P	L	H9GPS0
Q5TGY3	278	P	S	H9GPS0
Q5TGY3	278	P	S	H9GPS0
Q5TGY3	278	P	S	H9GPS0
Q5TGY3	292	G	R	H9GPS0
Q5TGY3	342	D	E	H9GPS0
Q5TGY3	346	R	H	H9GPS0
Q5TGY3	364	R	C	H9GPS0
Q5TGY3	412	R	H	H9GPS0
Q5TGY3	412	R	H	H9GPS0
Q5TGY3	412	R	H	H9GPS0
Q5TGY3	421	G	E	H9GPS0
Q5TGY3	421	G	E	H9GPS0
Q5TGY3	471	V	M	H9GPS0
Q5TGY3	471	V	M	H9GPS0
Q5TGY3	471	V	M	H9GPS0
Q5TGY3	483	V	I	H9GPS0
Q5TGY3	504	V	M	H9GPS0
Q5TGY3	504	V	M	H9GPS0
Q5TGY3	504	V	M	H9GPS0
Q5TGY3	513	V	M	H9GPS0
Q5TGY3	559	G	S	H9GPS0
Q5TGY3	559	G	S	H9GPS0
Q5TGY3	574	V	L	H9GPS0
Q5TGY3	574	V	L	H9GPS0
Q5TGY3	589	R	Q	H9GPS0
Q5TGY3	629	A	T	H9GPS0
Q5TGY3	694	F	L	H9GPS0
Q5TGY3	694	F	L	H9GPS0
Q5TGY3	712	V	G	H9GPS0
Q5TGY3	712	V	G	H9GPS0
Q5TGY3	730	E	A	H9GPS0
Q5TGY3	808	S	G	H9GPS0
Q5TGY3	808	S	G	H9GPS0
Q5TGY3	813	R	C	H9GPS0
Q5TGY3	909	P	R	H9GPS0
Q5TGY3	909	P	R	H9GPS0
Q5TGY3	909	P	R	H9GPS0
Q5TGY3	935	A	T	H9GPS0
Q5TGY3	943	T	P	H9GPS0
Q5TGY3	943	T	P	H9GPS0
Q5TGY3	943	T	P	H9GPS0
Q5TGY3	962	P	L	H9GPS0
Q5TGY3	977	G	R	H9GPS0
Q5TGY3	981	F	L	H9GPS0
Q5TGY3	981	F	L	H9GPS0
Q5TGY3	1025	T	I	H9GPS0
Q5TGY3	1025	T	I	H9GPS0
Q5TGY3	1066	G	S	H9GPS0
Q5TGY3	1071	P	L	H9GPS0
Q5TGY3	1071	P	L	H9GPS0
Q5TGY3	1084	A	T	H9GPS0
Q5TGY3	1103	A	V	H9GPS0
Q5TGY3	1103	A	V	H9GPS0
Q5TGY3	1123	A	T	H9GPS0
Q5TGY3	1191	S	N	H9GPS0
Q5TGY3	1191	S	N	H9GPS0
Q5TGY3	1191	S	N	H9GPS0
Q5TGY3	1210	E	D	H9GPS0
Q5TGY3	1210	E	D	H9GPS0
Q5TGY3	1210	E	D	H9GPS0
Q5TGY3	1210	E	D	H9GPS0
Q5TGY3	1277	G	S	H9GPS0
Q5TGY3	1285	E	D	H9GPS0
Q5TGY3	1285	E	D	H9GPS0
Q5TGY3	1334	G	S	H9GPS0
Q5TGY3	1341	C	G	H9GPS0
Q5TGY3	1341	C	G	H9GPS0
Q5TGY3	1341	C	G	H9GPS0
Q5TGY3	1349	M	V	H9GPS0
Q5TGY3	1393	G	D	H9GPS0
Q5TGY3	1393	G	D	H9GPS0
Q5TGY3	1393	G	D	H9GPS0
Q5TGY3	1443	H	Q	H9GPS0
Q5TGY3	1462	K	Q	H9GPS0
Q5TGY3	1462	K	Q	H9GPS0
Q5TGY3	1462	K	Q	H9GPS0
Q5TGY3	1529	R	C	H9GPS0
Q5TGY3	1529	R	C	H9GPS0
Q5TGY3	1529	R	C	H9GPS0
Q5TGY3	1535	A	T	H9GPS0
Q5TGY3	1555	S	L	H9GPS0
Q5TGY3	36	R	P	H9GPS0
Q5TGY3	42	R	Q	H9GPS0
Q5TGY3	42	R	W	H9GPS0
Q5TGY3	42	R	W	H9GPS0
Q5TGY3	71	T	I	H9GPS0
Q5TGY3	71	T	I	H9GPS0
Q5TGY3	71	T	I	H9GPS0
Q5TGY3	71	T	I	H9GPS0
Q5TGY3	83	P	R	H9GPS0
Q5TGY3	96	R	C	H9GPS0
Q5TGY3	96	R	H	H9GPS0
Q5TGY3	96	R	C	H9GPS0
Q5TGY3	96	R	C	H9GPS0
Q5TGY3	102	G	R	H9GPS0
Q5TGY3	113	N	Y	H9GPS0
Q5TGY3	113	N	Y	H9GPS0
Q5TGY3	157	A	V	H9GPS0
Q5TGY3	157	A	V	H9GPS0
Q5TGY3	157	A	V	H9GPS0
Q5TGY3	192	R	Q	H9GPS0
Q5TGY3	261	A	V	H9GPS0
Q5TGY3	261	A	V	H9GPS0
Q5TGY3	261	A	V	H9GPS0
Q5TGY3	271	P	L	H9GPS0
Q5TGY3	271	P	A	H9GPS0
Q5TGY3	271	P	A	H9GPS0
Q5TGY3	271	P	L	H9GPS0
Q5TGY3	271	P	A	H9GPS0
Q5TGY3	278	P	S	H9GPS0
Q5TGY3	278	P	S	H9GPS0
Q5TGY3	278	P	S	H9GPS0
Q5TGY3	292	G	R	H9GPS0
Q5TGY3	342	D	E	H9GPS0
Q5TGY3	346	R	H	H9GPS0
Q5TGY3	364	R	C	H9GPS0
Q5TGY3	412	R	H	H9GPS0
Q5TGY3	412	R	H	H9GPS0
Q5TGY3	412	R	H	H9GPS0
Q5TGY3	421	G	E	H9GPS0
Q5TGY3	421	G	E	H9GPS0
Q5TGY3	471	V	M	H9GPS0
Q5TGY3	471	V	M	H9GPS0
Q5TGY3	471	V	M	H9GPS0
Q5TGY3	483	V	I	H9GPS0
Q5TGY3	504	V	M	H9GPS0
Q5TGY3	504	V	M	H9GPS0
Q5TGY3	504	V	M	H9GPS0
Q5TGY3	513	V	M	H9GPS0
Q5TGY3	559	G	S	H9GPS0
Q5TGY3	559	G	S	H9GPS0
Q5TGY3	574	V	L	H9GPS0
Q5TGY3	574	V	L	H9GPS0
Q5TGY3	589	R	Q	H9GPS0
Q5TGY3	629	A	T	H9GPS0
Q5TGY3	694	F	L	H9GPS0
Q5TGY3	694	F	L	H9GPS0
Q5TGY3	712	V	G	H9GPS0
Q5TGY3	712	V	G	H9GPS0
Q5TGY3	730	E	A	H9GPS0
Q5TGY3	808	S	G	H9GPS0
Q5TGY3	808	S	G	H9GPS0
Q5TGY3	813	R	C	H9GPS0
Q5TGY3	909	P	R	H9GPS0
Q5TGY3	909	P	R	H9GPS0
Q5TGY3	909	P	R	H9GPS0
Q5TGY3	935	A	T	H9GPS0
Q5TGY3	943	T	P	H9GPS0
Q5TGY3	943	T	P	H9GPS0
Q5TGY3	943	T	P	H9GPS0
Q5TGY3	962	P	L	H9GPS0
Q5TGY3	977	G	R	H9GPS0
Q5TGY3	981	F	L	H9GPS0
Q5TGY3	981	F	L	H9GPS0
Q5TGY3	1025	T	I	H9GPS0
Q5TGY3	1025	T	I	H9GPS0
Q5TGY3	1066	G	S	H9GPS0
Q5TGY3	1071	P	L	H9GPS0
Q5TGY3	1071	P	L	H9GPS0
Q5TGY3	1084	A	T	H9GPS0
Q5TGY3	1103	A	V	H9GPS0
Q5TGY3	1103	A	V	H9GPS0
Q5TGY3	1123	A	T	H9GPS0
Q5TGY3	1191	S	N	H9GPS0
Q5TGY3	1191	S	N	H9GPS0
Q5TGY3	1191	S	N	H9GPS0
Q5TGY3	1210	E	D	H9GPS0
Q5TGY3	1210	E	D	H9GPS0
Q5TGY3	1210	E	D	H9GPS0
Q5TGY3	1210	E	D	H9GPS0
Q5TGY3	1277	G	S	H9GPS0
Q5TGY3	1285	E	D	H9GPS0
Q5TGY3	1285	E	D	H9GPS0
Q5TGY3	1334	G	S	H9GPS0
Q5TGY3	1341	C	G	H9GPS0
Q5TGY3	1341	C	G	H9GPS0
Q5TGY3	1341	C	G	H9GPS0
Q5TGY3	1349	M	V	H9GPS0
Q5TGY3	1393	G	D	H9GPS0
Q5TGY3	1393	G	D	H9GPS0
Q5TGY3	1393	G	D	H9GPS0
Q5TGY3	1443	H	Q	H9GPS0
Q5TGY3	1462	K	Q	H9GPS0
Q5TGY3	1462	K	Q	H9GPS0
Q5TGY3	1462	K	Q	H9GPS0
Q5TGY3	1529	R	C	H9GPS0
Q5TGY3	1529	R	C	H9GPS0
Q5TGY3	1529	R	C	H9GPS0
Q5TGY3	1535	A	T	H9GPS0
Q5TGY3	1555	S	L	H9GPS0
Q5TGY3	36	R	P	H9GPS0
Q5TGY3	42	R	W	H9GPS0
Q5TGY3	42	R	W	H9GPS0
Q5TGY3	42	R	Q	H9GPS0
Q5TGY3	71	T	I	H9GPS0
Q5TGY3	71	T	I	H9GPS0
Q5TGY3	71	T	I	H9GPS0
Q5TGY3	71	T	I	H9GPS0
Q5TGY3	83	P	R	H9GPS0
Q5TGY3	96	R	C	H9GPS0
Q5TGY3	96	R	C	H9GPS0
Q5TGY3	96	R	C	H9GPS0
Q5TGY3	96	R	H	H9GPS0
Q5TGY3	102	G	R	H9GPS0
Q5TGY3	113	N	Y	H9GPS0
Q5TGY3	113	N	Y	H9GPS0
Q5TGY3	157	A	V	H9GPS0
Q5TGY3	157	A	V	H9GPS0
Q5TGY3	157	A	V	H9GPS0
Q5TGY3	192	R	Q	H9GPS0
Q5TGY3	261	A	V	H9GPS0
Q5TGY3	261	A	V	H9GPS0
Q5TGY3	261	A	V	H9GPS0
Q5TGY3	271	P	L	H9GPS0
Q5TGY3	271	P	A	H9GPS0
Q5TGY3	271	P	A	H9GPS0
Q5TGY3	271	P	A	H9GPS0
Q5TGY3	271	P	L	H9GPS0
Q5TGY3	278	P	S	H9GPS0
Q5TGY3	278	P	S	H9GPS0
Q5TGY3	278	P	S	H9GPS0
Q5TGY3	292	G	R	H9GPS0
Q5TGY3	342	D	E	H9GPS0
Q5TGY3	346	R	H	H9GPS0
Q5TGY3	364	R	C	H9GPS0
Q5TGY3	412	R	H	H9GPS0
Q5TGY3	412	R	H	H9GPS0
Q5TGY3	412	R	H	H9GPS0
Q5TGY3	421	G	E	H9GPS0
Q5TGY3	421	G	E	H9GPS0
Q5TGY3	471	V	M	H9GPS0
Q5TGY3	471	V	M	H9GPS0
Q5TGY3	471	V	M	H9GPS0
Q5TGY3	483	V	I	H9GPS0
Q5TGY3	504	V	M	H9GPS0
Q5TGY3	504	V	M	H9GPS0
Q5TGY3	504	V	M	H9GPS0
Q5TGY3	513	V	M	H9GPS0
Q5TGY3	559	G	S	H9GPS0
Q5TGY3	559	G	S	H9GPS0
Q5TGY3	574	V	L	H9GPS0
Q5TGY3	574	V	L	H9GPS0
Q5TGY3	589	R	Q	H9GPS0
Q5TGY3	629	A	T	H9GPS0
Q5TGY3	694	F	L	H9GPS0
Q5TGY3	694	F	L	H9GPS0
Q5TGY3	712	V	G	H9GPS0
Q5TGY3	712	V	G	H9GPS0
Q5TGY3	730	E	A	H9GPS0
Q5TGY3	808	S	G	H9GPS0
Q5TGY3	808	S	G	H9GPS0
Q5TGY3	813	R	C	H9GPS0
Q5TGY3	909	P	R	H9GPS0
Q5TGY3	909	P	R	H9GPS0
Q5TGY3	909	P	R	H9GPS0
Q5TGY3	935	A	T	H9GPS0
Q5TGY3	943	T	P	H9GPS0
Q5TGY3	943	T	P	H9GPS0
Q5TGY3	943	T	P	H9GPS0
Q5TGY3	962	P	L	H9GPS0
Q5TGY3	977	G	R	H9GPS0
Q5TGY3	981	F	L	H9GPS0
Q5TGY3	981	F	L	H9GPS0
Q5TGY3	1025	T	I	H9GPS0
Q5TGY3	1025	T	I	H9GPS0
Q5TGY3	1066	G	S	H9GPS0
Q5TGY3	1071	P	L	H9GPS0
Q5TGY3	1071	P	L	H9GPS0
Q5TGY3	1084	A	T	H9GPS0
Q5TGY3	1103	A	V	H9GPS0
Q5TGY3	1103	A	V	H9GPS0
Q5TGY3	1123	A	T	H9GPS0
Q5TGY3	1191	S	N	H9GPS0
Q5TGY3	1191	S	N	H9GPS0
Q5TGY3	1191	S	N	H9GPS0
Q5TGY3	1210	E	D	H9GPS0
Q5TGY3	1210	E	D	H9GPS0
Q5TGY3	1210	E	D	H9GPS0
Q5TGY3	1210	E	D	H9GPS0
Q5TGY3	1277	G	S	H9GPS0
Q5TGY3	1285	E	D	H9GPS0
Q5TGY3	1285	E	D	H9GPS0
Q5TGY3	1334	G	S	H9GPS0
Q5TGY3	1341	C	G	H9GPS0
Q5TGY3	1341	C	G	H9GPS0
Q5TGY3	1341	C	G	H9GPS0
Q5TGY3	1349	M	V	H9GPS0
Q5TGY3	1393	G	D	H9GPS0
Q5TGY3	1393	G	D	H9GPS0
Q5TGY3	1393	G	D	H9GPS0
Q5TGY3	1443	H	Q	H9GPS0
Q5TGY3	1462	K	Q	H9GPS0
Q5TGY3	1462	K	Q	H9GPS0
Q5TGY3	1462	K	Q	H9GPS0
Q5TGY3	1529	R	C	H9GPS0
Q5TGY3	1529	R	C	H9GPS0
Q5TGY3	1529	R	C	H9GPS0
Q5TGY3	1535	A	T	H9GPS0
Q5TGY3	1555	S	L	H9GPS0
Q5TZ20	59	M	V	A0A1U8DLS2
Q5TZ20	258	M	L	A0A1U8DLS2
Q5TZ20	59	M	V	A0A1U8DLS2
Q5TZ20	258	M	L	A0A1U8DLS2
Q5U5R9	19	P	A	A0A2D4JWY8
Q5U5X0	34	I	L	A0A2Y9RHV0
Q5U5X0	38	E	D	A0A2Y9RHV0
Q5U5X0	38	E	D	A0A2Y9RHV0
Q5VT52	351	M	V	A0A218UEI4
Q5VTT2	53	R	C	A0A2G8JGP0
Q5VUA4	84	R	P	K9J4E0
Q5VUA4	407	S	I	K9J4E0
Q5VUA4	1292	T	I	K9J4E0
Q5VUA4	1446	P	L	K9J4E0
Q5VUA4	1446	P	L	K9J4E0
Q5VUA4	1797	V	A	K9J4E0
Q5VUM1	46	Q	R	A0A250XUU9
Q5VUM1	75	P	S	A0A250XUU9
Q5VV41	137	V	M	A0A287ANX2
Q5VV41	370	H	Y	A0A287ANX2
Q5VV41	547	M	T	A0A287ANX2
Q5VV41	547	M	T	A0A287ANX2
Q5VV41	681	E	K	A0A287ANX2
Q5VY09	92	R	H	J9P9J9
Q5VY09	103	E	K	J9P9J9
Q5VY09	168	V	I	J9P9J9
Q5VY09	194	R	G	J9P9J9
Q5VY09	202	Q	R	J9P9J9
Q5VY09	285	P	S	J9P9J9
Q5VY43	234	S	P	G3PJ17
Q5VY43	281	G	C	G3PJ17
Q5VY43	281	G	C	G3PJ17
Q5VY43	343	D	N	G3PJ17
Q5VY43	381	S	F	G3PJ17
Q5VY43	802	S	C	G3PJ17
Q5VY43	848	N	K	G3PJ17
Q5VY43	885	R	H	G3PJ17
Q5VY43	903	N	D	G3PJ17
Q5VY43	903	N	S	G3PJ17
Q5VY43	234	S	P	G3PJ17
Q5VY43	281	G	C	G3PJ17
Q5VY43	281	G	C	G3PJ17
Q5VY43	343	D	N	G3PJ17
Q5VY43	381	S	F	G3PJ17
Q5VY43	802	S	C	G3PJ17
Q5VY43	848	N	K	G3PJ17
Q5VY43	885	R	H	G3PJ17
Q5VY43	903	N	S	G3PJ17
Q5VY43	903	N	D	G3PJ17
Q5VZ52	77	D	Y	K1R4E4
Q5VZL5	452	V	I	M7BH05
Q5XPI4	329	R	C	A0A0S7GRI7
Q5XPI4	387	R	Q	A0A0S7GRI7
Q5XPI4	596	K	E	A0A0S7GRI7
Q5XPI4	854	R	H	A0A0S7GRI7
Q5XPI4	1199	G	A	A0A0S7GRI7
Q5XPI4	1199	G	A	A0A0S7GRI7
Q5XUX1	70	R	K	A0A2Y9TGG8
Q5XUX1	219	T	A	A0A2Y9TGG8
Q5XUX1	221	R	Q	A0A2Y9TGG8
Q5XUX1	375	N	S	A0A2Y9TGG8
Q63HR2	353	S	T	H2UF61
Q63HR2	670	A	T	H2UF61
Q63HR2	804	R	H	H2UF61
Q63HR2	804	R	H	H2UF61
Q63HR2	1244	R	H	H2UF61
Q68CK6	96	I	V	A0A257AJY6
Q68CK6	278	T	A	A0A257AJY6
Q68CK6	305	I	V	A0A257AJY6
Q68CK6	305	I	V	A0A257AJY6
Q68CK6	428	E	D	A0A257AJY6
Q68CK6	484	K	E	A0A257AJY6
Q68CK6	96	I	V	A0A257AJY6
Q68CK6	278	T	A	A0A257AJY6
Q68CK6	305	I	V	A0A257AJY6
Q68CK6	305	I	V	A0A257AJY6
Q68CK6	428	E	D	A0A257AJY6
Q68CK6	484	K	E	A0A257AJY6
Q68CK6	96	I	V	A0A257AJY6
Q68CK6	278	T	A	A0A257AJY6
Q68CK6	305	I	V	A0A257AJY6
Q68CK6	305	I	V	A0A257AJY6
Q68CK6	428	E	D	A0A257AJY6
Q68CK6	484	K	E	A0A257AJY6
Q68CK6	96	I	V	A0A257AJY6
Q68CK6	278	T	A	A0A257AJY6
Q68CK6	305	I	V	A0A257AJY6
Q68CK6	305	I	V	A0A257AJY6
Q68CK6	428	E	D	A0A257AJY6
Q68CK6	484	K	E	A0A257AJY6
Q68CZ2	90	A	V	H2UF61
Q68CZ2	90	A	V	H2UF61
Q68CZ2	329	R	P	H2UF61
Q68CZ2	329	R	P	H2UF61
Q68CZ2	380	P	L	H2UF61
Q68CZ2	380	P	L	H2UF61
Q68CZ2	509	P	S	H2UF61
Q68CZ2	509	P	S	H2UF61
Q68CZ2	600	Q	H	H2UF61
Q68CZ2	664	A	V	H2UF61
Q68CZ2	664	A	V	H2UF61
Q68CZ2	679	G	S	H2UF61
Q68CZ2	679	G	S	H2UF61
Q68CZ2	868	P	L	H2UF61
Q68CZ2	868	P	L	H2UF61
Q68CZ2	976	S	P	H2UF61
Q68CZ2	976	S	P	H2UF61
Q68CZ2	1050	T	A	H2UF61
Q68CZ2	1054	P	Q	H2UF61
Q68CZ2	1054	P	Q	H2UF61
Q68CZ2	1072	T	M	H2UF61
Q68CZ2	1072	T	M	H2UF61
Q68CZ2	1098	L	V	H2UF61
Q68CZ2	1098	L	V	H2UF61
Q68CZ2	1132	I	F	H2UF61
Q68CZ2	1132	I	F	H2UF61
Q68CZ2	1296	T	M	H2UF61
Q68CZ2	1296	T	M	H2UF61
Q68D51	2	D	E	A0A091NHL4
Q68D51	56	I	L	A0A091NHL4
Q68D51	170	D	G	A0A091NHL4
Q68D51	397	G	S	A0A091NHL4
Q68D51	2	D	E	A0A091NHL4
Q68D51	56	I	L	A0A091NHL4
Q68D51	170	D	G	A0A091NHL4
Q68D51	397	G	S	A0A091NHL4
Q68DC2	65	V	F	A0A2K6FLZ5
Q68DC2	65	V	F	A0A2K6FLZ5
Q68DC2	220	A	T	A0A2K6FLZ5
Q68DC2	220	A	T	A0A2K6FLZ5
Q68DC2	220	A	T	A0A2K6FLZ5
Q68DC2	222	R	W	A0A2K6FLZ5
Q68DC2	222	R	W	A0A2K6FLZ5
Q68DC2	222	R	W	A0A2K6FLZ5
Q68DC2	258	E	Q	A0A2K6FLZ5
Q68DC2	258	E	Q	A0A2K6FLZ5
Q68DC2	313	D	N	A0A2K6FLZ5
Q68DC2	313	D	N	A0A2K6FLZ5
Q68DC2	313	D	N	A0A2K6FLZ5
Q68DC2	313	D	N	A0A2K6FLZ5
Q68DC2	441	Q	R	A0A2K6FLZ5
Q68DC2	441	Q	R	A0A2K6FLZ5
Q68DC2	441	Q	R	A0A2K6FLZ5
Q68DC2	490	E	K	A0A2K6FLZ5
Q68DC2	490	E	K	A0A2K6FLZ5
Q68DC2	490	E	K	A0A2K6FLZ5
Q68DC2	522	N	S	A0A2K6FLZ5
Q68DC2	522	N	S	A0A2K6FLZ5
Q68DC2	564	P	T	A0A2K6FLZ5
Q68DC2	564	P	T	A0A2K6FLZ5
Q68DC2	591	P	R	A0A2K6FLZ5
Q68DC2	591	P	R	A0A2K6FLZ5
Q68DC2	610	V	I	A0A2K6FLZ5
Q68DC2	610	V	I	A0A2K6FLZ5
Q68DC2	644	V	I	A0A2K6FLZ5
Q68DC2	644	V	I	A0A2K6FLZ5
Q68DC2	644	V	I	A0A2K6FLZ5
Q68DC2	644	V	I	A0A2K6FLZ5
Q68DC2	735	P	A	A0A2K6FLZ5
Q68DC2	735	P	A	A0A2K6FLZ5
Q68DC2	735	P	A	A0A2K6FLZ5
Q68DC2	735	P	A	A0A2K6FLZ5
Q68DK2	25	R	P	A0A2I0MPS7
Q68DK2	30	E	Q	A0A2I0MPS7
Q68DK2	192	A	E	A0A2I0MPS7
Q68DK2	250	E	K	A0A2I0MPS7
Q68DK2	331	N	D	A0A2I0MPS7
Q68DK2	451	L	F	A0A2I0MPS7
Q68DK2	533	A	T	A0A2I0MPS7
Q68DK2	615	S	F	A0A2I0MPS7
Q68DK2	645	M	V	A0A2I0MPS7
Q68DK2	702	R	H	A0A2I0MPS7
Q68DK2	898	T	S	A0A2I0MPS7
Q68DK2	942	M	I	A0A2I0MPS7
Q68DK2	951	T	M	A0A2I0MPS7
Q68DK2	1040	S	T	A0A2I0MPS7
Q68DK2	1071	S	N	A0A2I0MPS7
Q68DK2	1103	P	L	A0A2I0MPS7
Q68DK2	1122	A	V	A0A2I0MPS7
Q68DK2	1356	C	G	A0A2I0MPS7
Q68DK2	1457	C	Y	A0A2I0MPS7
Q68DK2	1739	R	L	A0A2I0MPS7
Q68DK2	1871	C	Y	A0A2I0MPS7
Q68DK2	1891	N	S	A0A2I0MPS7
Q68DK2	1891	N	S	A0A2I0MPS7
Q68DK2	1891	N	S	A0A2I0MPS7
Q68DK2	2077	G	R	A0A2I0MPS7
Q68DK2	2100	N	S	A0A2I0MPS7
Q68DK2	2411	R	H	A0A2I0MPS7
Q68DK2	2529	P	R	A0A2I0MPS7
Q68DY9	141	C	W	G5B7M9
Q68DY9	177	M	L	G5B7M9
Q68G75	25	P	S	F1S356
Q68G75	73	I	T	F1S356
Q68G75	91	W	G	F1S356
Q68G75	25	P	S	F1S356
Q68G75	73	I	T	F1S356
Q68G75	91	W	G	F1S356
Q69YU5	45	R	C	A0A2K5HW21
Q69YU5	45	R	C	A0A2K5HW21
Q69YU5	45	R	C	A0A2K5HW21
Q69YU5	45	R	C	A0A2K5HW21
Q6A163	341	T	M	H0VIA1
Q6A163	383	L	M	H0VIA1
Q6A163	423	S	F	H0VIA1
Q6A163	456	R	Q	H0VIA1
Q6A163	341	T	M	H0VIA1
Q6A163	341	T	M	H0VIA1
Q6A163	383	L	M	H0VIA1
Q6A163	383	L	M	H0VIA1
Q6A163	456	R	Q	H0VIA1
Q6A163	456	R	Q	H0VIA1
Q6AWC2	773	A	S	A0A2K6FBW7
Q6AWC2	816	V	F	A0A2K6FBW7
Q6AWC2	904	D	H	A0A2K6FBW7
Q6AWC2	1087	L	P	A0A2K6FBW7
Q6AWC2	1087	L	P	A0A2K6FBW7
Q6AWC2	1189	A	T	A0A2K6FBW7
Q6DD87	369	A	G	A0A2Y9IGY7
Q6DD87	378	G	A	A0A2Y9IGY7
Q6DD87	378	G	A	A0A2Y9IGY7
Q6DD87	378	G	A	A0A2Y9IGY7
Q6DHV7	237	N	S	A0A1S8VZZ9
Q6EEV6	51	R	Q	A0A166EVJ7
Q6EEV6	51	R	Q	A0A166EVJ7
Q6EEV6	55	V	M	A0A166EVJ7
Q6EEV6	55	V	M	A0A166EVJ7
Q6EEV6	55	V	M	A0A166EVJ7
Q6EEV6	55	V	M	A0A166EVJ7
Q6EEV6	91	T	M	A0A166EVJ7
Q6EEV6	91	T	M	A0A166EVJ7
Q6FHJ7	8	A	P	K7GFS1
Q6FHJ7	320	P	T	K7GFS1
Q6FHJ7	340	R	K	K7GFS1
Q6GPH6	441	R	H	H2ZWE1
Q6GPH6	463	T	M	H2ZWE1
Q6HA08	159	R	H	H0V8Q0
Q6HA08	204	R	H	H0V8Q0
Q6HA08	222	Q	R	H0V8Q0
Q6HA08	277	K	Q	H0V8Q0
Q6HA08	291	R	K	H0V8Q0
Q6HA08	291	R	K	H0V8Q0
Q6IBW4	246	S	C	W5QF56
Q6IBW4	418	R	Q	W5QF56
Q6IBW4	418	R	Q	W5QF56
Q6IC98	40	V	L	A0A1S3SF90
Q6IC98	40	V	L	A0A1S3SF90
Q6IC98	40	V	L	A0A1S3SF90
Q6IC98	40	V	L	A0A1S3SF90
Q6IQ32	392	I	V	M3YZ02
Q6ISS4	112	H	Q	A0A0G2JPH6
Q6ISS4	115	F	Y	A0A0G2JPH6
Q6ISS4	123	S	T	A0A0G2JPH6
Q6ISS4	127	P	R	A0A0G2JPH6
Q6ISS4	115	F	Y	A0A0G2JPH6
Q6ISS4	115	F	Y	A0A0G2JPH6
Q6ISS4	115	F	Y	A0A0G2JPH6
Q6ISS4	115	F	Y	A0A0G2JPH6
Q6NUI6	710	Q	R	A0A146YD37
Q6NUI6	721	D	N	A0A146YD37
Q6NUN0	65	R	Q	A0A257AJY6
Q6NUN0	182	E	K	A0A257AJY6
Q6NUN0	217	M	V	A0A257AJY6
Q6NUN0	282	L	F	A0A257AJY6
Q6NUN0	341	R	K	A0A257AJY6
Q6NUN0	352	P	S	A0A257AJY6
Q6NUN0	352	P	R	A0A257AJY6
Q6NUN0	360	H	R	A0A257AJY6
Q6NUN0	360	H	R	A0A257AJY6
Q6NX45	65	P	L	L9KIS4
Q6NX45	83	N	S	L9KIS4
Q6NX45	83	N	H	L9KIS4
Q6NX45	147	V	I	L9KIS4
Q6NZ36	17	R	P	A0A2K6F2F8
Q6NZ36	126	P	S	A0A2K6F2F8
Q6P1A2	63	F	L	E2RKK9
Q6P1A2	217	I	T	E2RKK9
Q6P1J6	92	K	R	F7AIQ2
Q6P1J6	92	K	R	F7AIQ2
Q6P1J6	149	V	L	F7AIQ2
Q6P1J6	149	V	L	F7AIQ2
Q6P1J6	212	V	L	F7AIQ2
Q6P1J6	340	Y	C	F7AIQ2
Q6P1J6	340	Y	C	F7AIQ2
Q6P1J6	559	V	I	F7AIQ2
Q6P1J6	559	V	I	F7AIQ2
Q6P1J6	680	T	M	F7AIQ2
Q6P1J6	680	T	M	F7AIQ2
Q6P1J6	682	R	H	F7AIQ2
Q6P1J6	682	R	H	F7AIQ2
Q6P1J6	698	Q	H	F7AIQ2
Q6P1J6	698	Q	H	F7AIQ2
Q6P1J6	708	M	V	F7AIQ2
Q6P1J6	811	T	M	F7AIQ2
Q6P1J6	811	T	M	F7AIQ2
Q6P1J6	812	N	I	F7AIQ2
Q6P1J6	812	N	I	F7AIQ2
Q6P1J6	821	G	R	F7AIQ2
Q6P1J6	821	G	R	F7AIQ2
Q6P1J6	859	G	D	F7AIQ2
Q6P1J6	859	G	D	F7AIQ2
Q6P1J6	879	H	D	F7AIQ2
Q6P1J6	882	R	H	F7AIQ2
Q6P1J6	882	R	C	F7AIQ2
Q6P1J6	882	R	H	F7AIQ2
Q6P1J6	882	R	C	F7AIQ2
Q6P1J6	904	N	Y	F7AIQ2
Q6P1J6	904	N	Y	F7AIQ2
Q6P1J6	987	A	V	F7AIQ2
Q6P1J6	1111	R	Q	F7AIQ2
Q6P1J6	1318	A	V	F7AIQ2
Q6P1J6	1323	P	T	F7AIQ2
Q6P1J6	1326	Q	H	F7AIQ2
Q6P1J6	1326	Q	H	F7AIQ2
Q6P1J6	1372	R	H	F7AIQ2
Q6P1J6	1372	R	H	F7AIQ2
Q6P1J6	1445	R	Q	F7AIQ2
Q6P1J6	1445	R	Q	F7AIQ2
Q6P1L6	208	N	S	A0A2K5QZU5
Q6P1L6	499	R	G	A0A2K5QZU5
Q6P1R4	364	G	S	A0A2Y9GC36
Q6P1R4	364	G	S	A0A2Y9GC36
Q6P1S2	47	A	T	A0A2K6N636
Q6P1S2	105	S	L	A0A2K6N636
Q6P1S2	160	S	N	A0A2K6N636
Q6P1S2	251	S	R	A0A2K6N636
Q6P1X6	10	T	I	A0A1L8DAI6
Q6P1X6	10	T	I	A0A1L8DAI6
Q6P4E1	238	H	P	U3IJL7
Q6P4E1	238	H	P	U3IJL7
Q6P5S2	308	C	G	A0A2Y9FUD8
Q6P9A3	8	I	N	A0A2Y9MFH9
Q6P9A3	291	V	I	A0A2Y9MFH9
Q6P9A3	564	K	R	A0A2Y9MFH9
Q6P9F5	100	M	I	H0XX79
Q6P9F5	114	Y	C	H0XX79
Q6P9F5	169	E	K	H0XX79
Q6P9F5	193	L	F	H0XX79
Q6P9F5	212	T	M	H0XX79
Q6P9F5	244	E	K	H0XX79
Q6P9F5	244	E	K	H0XX79
Q6P9F5	244	E	K	H0XX79
Q6P9F5	244	E	K	H0XX79
Q6P9F5	244	E	K	H0XX79
Q6P9F5	100	M	I	H0XX79
Q6P9F5	114	Y	C	H0XX79
Q6P9F5	169	E	K	H0XX79
Q6P9F5	193	L	F	H0XX79
Q6P9F5	212	T	M	H0XX79
Q6P9F5	244	E	K	H0XX79
Q6P9F5	244	E	K	H0XX79
Q6P9F5	244	E	K	H0XX79
Q6P9F5	244	E	K	H0XX79
Q6P9F5	244	E	K	H0XX79
Q6P9F5	244	E	K	H0XX79
Q6P9F5	244	E	K	H0XX79
Q6P9F5	244	E	K	H0XX79
Q6P9F5	244	E	K	H0XX79
Q6P9F5	244	E	K	H0XX79
Q6P9F5	244	E	K	H0XX79
Q6P9F5	244	E	K	H0XX79
Q6P9F5	244	E	K	H0XX79
Q6P9F5	244	E	K	H0XX79
Q6P9F5	244	E	K	H0XX79
Q6P9F5	244	E	K	H0XX79
Q6P9F5	244	E	K	H0XX79
Q6PEW1	7	R	C	S9W5H6
Q6PEW1	7	R	C	S9W5H6
Q6PEW1	34	G	S	S9W5H6
Q6PEX3	26	S	Y	A0A2Y9ED16
Q6PEX3	188	P	T	A0A2Y9ED16
Q6PGP7	44	V	I	A0A226P862
Q6PGP7	44	V	I	A0A226P862
Q6PGP7	137	R	Q	A0A226P862
Q6PGP7	287	K	R	A0A226P862
Q6PGP7	287	K	R	A0A226P862
Q6PGP7	287	K	R	A0A226P862
Q6PGP7	322	P	S	A0A226P862
Q6PGP7	437	L	V	A0A226P862
Q6PGP7	476	T	R	A0A226P862
Q6PGP7	476	T	R	A0A226P862
Q6PGP7	476	T	R	A0A226P862
Q6PGP7	476	T	R	A0A226P862
Q6PGP7	505	D	Y	A0A226P862
Q6PGP7	505	D	Y	A0A226P862
Q6PGP7	589	A	T	A0A226P862
Q6PGP7	589	A	T	A0A226P862
Q6PGP7	637	K	E	A0A226P862
Q6PGP7	693	V	I	A0A226P862
Q6PGP7	693	V	I	A0A226P862
Q6PGP7	792	H	Q	A0A226P862
Q6PGP7	792	H	Q	A0A226P862
Q6PGP7	867	L	V	A0A226P862
Q6PGP7	867	L	V	A0A226P862
Q6PGP7	867	L	V	A0A226P862
Q6PGP7	1027	G	S	A0A226P862
Q6PGP7	1027	G	S	A0A226P862
Q6PGP7	1027	G	S	A0A226P862
Q6PGP7	1081	V	I	A0A226P862
Q6PGP7	1081	V	I	A0A226P862
Q6PGP7	1163	L	H	A0A226P862
Q6PGP7	1296	R	S	A0A226P862
Q6PGP7	1305	S	P	A0A226P862
Q6PGP7	1335	G	D	A0A226P862
Q6PGP7	1335	G	D	A0A226P862
Q6PGP7	1361	A	T	A0A226P862
Q6PGP7	1385	V	I	A0A226P862
Q6PGP7	1385	V	I	A0A226P862
Q6PGP7	1512	P	S	A0A226P862
Q6PGP7	1512	P	S	A0A226P862
Q6PGP7	44	V	I	A0A226P862
Q6PGP7	44	V	I	A0A226P862
Q6PGP7	137	R	Q	A0A226P862
Q6PGP7	287	K	R	A0A226P862
Q6PGP7	287	K	R	A0A226P862
Q6PGP7	287	K	R	A0A226P862
Q6PGP7	322	P	S	A0A226P862
Q6PGP7	437	L	V	A0A226P862
Q6PGP7	476	T	R	A0A226P862
Q6PGP7	476	T	R	A0A226P862
Q6PGP7	476	T	R	A0A226P862
Q6PGP7	476	T	R	A0A226P862
Q6PGP7	505	D	Y	A0A226P862
Q6PGP7	505	D	Y	A0A226P862
Q6PGP7	589	A	T	A0A226P862
Q6PGP7	589	A	T	A0A226P862
Q6PGP7	637	K	E	A0A226P862
Q6PGP7	693	V	I	A0A226P862
Q6PGP7	693	V	I	A0A226P862
Q6PGP7	792	H	Q	A0A226P862
Q6PGP7	792	H	Q	A0A226P862
Q6PGP7	867	L	V	A0A226P862
Q6PGP7	867	L	V	A0A226P862
Q6PGP7	867	L	V	A0A226P862
Q6PGP7	1027	G	S	A0A226P862
Q6PGP7	1027	G	S	A0A226P862
Q6PGP7	1027	G	S	A0A226P862
Q6PGP7	1081	V	I	A0A226P862
Q6PGP7	1081	V	I	A0A226P862
Q6PGP7	1163	L	H	A0A226P862
Q6PGP7	1296	R	S	A0A226P862
Q6PGP7	1305	S	P	A0A226P862
Q6PGP7	1335	G	D	A0A226P862
Q6PGP7	1335	G	D	A0A226P862
Q6PGP7	1361	A	T	A0A226P862
Q6PGP7	1385	V	I	A0A226P862
Q6PGP7	1385	V	I	A0A226P862
Q6PGP7	1512	P	S	A0A226P862
Q6PGP7	1512	P	S	A0A226P862
Q6PIU2	16	A	T	L5KPA1
Q6PIU2	16	A	T	L5KPA1
Q6PIU2	71	K	Q	L5KPA1
Q6PIV2	73	R	C	A0A2Y9HYK3
Q6PIW4	28	G	R	A0A1B6L4J3
Q6PIW4	112	M	I	A0A1B6L4J3
Q6PIW4	137	V	M	A0A1B6L4J3
Q6PIW4	261	Y	C	A0A1B6L4J3
Q6PIW4	28	G	R	A0A1B6L4J3
Q6PIW4	112	M	I	A0A1B6L4J3
Q6PIW4	137	V	M	A0A1B6L4J3
Q6PIW4	261	Y	C	A0A1B6L4J3
Q6PIW4	28	G	R	A0A1B6L4J3
Q6PIW4	112	M	I	A0A1B6L4J3
Q6PIW4	137	V	M	A0A1B6L4J3
Q6PIW4	261	Y	C	A0A1B6L4J3
Q6PIW4	28	G	R	A0A1B6L4J3
Q6PIW4	112	M	I	A0A1B6L4J3
Q6PIW4	137	V	M	A0A1B6L4J3
Q6PIW4	261	Y	C	A0A1B6L4J3
Q6PIW4	28	G	R	A0A1B6L4J3
Q6PIW4	112	M	I	A0A1B6L4J3
Q6PIW4	137	V	M	A0A1B6L4J3
Q6PIW4	261	Y	C	A0A1B6L4J3
Q6PIW4	28	G	R	A0A1B6L4J3
Q6PIW4	112	M	I	A0A1B6L4J3
Q6PIW4	137	V	M	A0A1B6L4J3
Q6PIW4	261	Y	C	A0A1B6L4J3
Q6PIW4	28	G	R	A0A1B6L4J3
Q6PIW4	112	M	I	A0A1B6L4J3
Q6PIW4	137	V	M	A0A1B6L4J3
Q6PIW4	261	Y	C	A0A1B6L4J3
Q6PIW4	28	G	R	A0A1B6L4J3
Q6PIW4	112	M	I	A0A1B6L4J3
Q6PIW4	137	V	M	A0A1B6L4J3
Q6PIW4	261	Y	C	A0A1B6L4J3
Q6PJG6	56	V	L	A0A1S3FR14
Q6PJG6	56	V	M	A0A1S3FR14
Q6PJG6	56	V	M	A0A1S3FR14
Q6PJG6	56	V	M	A0A1S3FR14
Q6PJG6	56	V	M	A0A1S3FR14
Q6PJG6	121	S	R	A0A1S3FR14
Q6PJG6	121	S	R	A0A1S3FR14
Q6PJG6	121	S	R	A0A1S3FR14
Q6PJG6	144	G	D	A0A1S3FR14
Q6PJG6	144	G	D	A0A1S3FR14
Q6PJG6	144	G	D	A0A1S3FR14
Q6PJG6	187	P	R	A0A1S3FR14
Q6PJG6	189	G	V	A0A1S3FR14
Q6PJG6	189	G	V	A0A1S3FR14
Q6PJG6	199	M	L	A0A1S3FR14
Q6PJG6	199	M	L	A0A1S3FR14
Q6PJG6	243	R	H	A0A1S3FR14
Q6PJG6	243	R	H	A0A1S3FR14
Q6PJG6	243	R	H	A0A1S3FR14
Q6PJG6	285	R	Q	A0A1S3FR14
Q6PJG6	285	R	Q	A0A1S3FR14
Q6PJG6	285	R	Q	A0A1S3FR14
Q6PJG6	289	C	S	A0A1S3FR14
Q6PJG6	289	C	S	A0A1S3FR14
Q6PJG6	289	C	S	A0A1S3FR14
Q6PJG6	289	C	S	A0A1S3FR14
Q6PJG6	304	K	Q	A0A1S3FR14
Q6PJG6	304	K	Q	A0A1S3FR14
Q6PJG6	319	V	I	A0A1S3FR14
Q6PJG6	319	V	I	A0A1S3FR14
Q6PJG6	321	L	R	A0A1S3FR14
Q6PJG6	321	L	R	A0A1S3FR14
Q6PJG6	321	L	R	A0A1S3FR14
Q6PJG6	321	L	R	A0A1S3FR14
Q6PJG6	546	V	L	A0A1S3FR14
Q6PJG6	546	V	L	A0A1S3FR14
Q6PJG6	565	A	T	A0A1S3FR14
Q6PJG6	565	A	T	A0A1S3FR14
Q6PJG6	576	G	S	A0A1S3FR14
Q6PJG6	576	G	S	A0A1S3FR14
Q6PJG6	576	G	S	A0A1S3FR14
Q6PJG6	576	G	S	A0A1S3FR14
Q6PJG6	600	L	F	A0A1S3FR14
Q6PJG6	600	L	F	A0A1S3FR14
Q6PJG6	600	L	F	A0A1S3FR14
Q6PJG6	621	R	Q	A0A1S3FR14
Q6PJG6	621	R	Q	A0A1S3FR14
Q6PJG6	621	R	Q	A0A1S3FR14
Q6PJG6	623	G	S	A0A1S3FR14
Q6PJG6	623	G	S	A0A1S3FR14
Q6PJG6	623	G	S	A0A1S3FR14
Q6PJG6	641	A	V	A0A1S3FR14
Q6PJG6	641	A	V	A0A1S3FR14
Q6PJG6	641	A	V	A0A1S3FR14
Q6PJG6	644	R	Q	A0A1S3FR14
Q6PJG6	644	R	Q	A0A1S3FR14
Q6PJG6	644	R	Q	A0A1S3FR14
Q6PJG6	644	R	Q	A0A1S3FR14
Q6PJG6	663	G	D	A0A1S3FR14
Q6PJG6	669	P	L	A0A1S3FR14
Q6PJG6	669	P	L	A0A1S3FR14
Q6PJG6	669	P	L	A0A1S3FR14
Q6PJG6	737	R	W	A0A1S3FR14
Q6PJG6	737	R	W	A0A1S3FR14
Q6PJG6	737	R	W	A0A1S3FR14
Q6PJG6	737	R	W	A0A1S3FR14
Q6PJQ5	286	V	A	A0A2Y9HYK3
Q6PK04	50	K	N	A0A2I3GBL9
Q6PK04	127	H	Q	A0A2I3GBL9
Q6PK04	177	R	W	A0A2I3GBL9
Q6PK04	229	R	Q	A0A2I3GBL9
Q6PK04	274	G	R	A0A2I3GBL9
Q6PK04	282	R	W	A0A2I3GBL9
Q6PK04	287	P	L	A0A2I3GBL9
Q6PK04	50	K	N	A0A2I3GBL9
Q6PK04	127	H	Q	A0A2I3GBL9
Q6PK04	177	R	W	A0A2I3GBL9
Q6PK04	229	R	Q	A0A2I3GBL9
Q6PK04	274	G	R	A0A2I3GBL9
Q6PK04	282	R	W	A0A2I3GBL9
Q6PK04	287	P	L	A0A2I3GBL9
Q6PK81	97	A	E	A0A2U3ZM65
Q6PK81	99	A	P	A0A2U3ZM65
Q6PK81	126	K	E	A0A2U3ZM65
Q6PL24	5	Q	K	M3YBR2
Q6PL24	12	S	P	M3YBR2
Q6PL24	15	P	H	M3YBR2
Q6PML9	50	M	V	H3A254
Q6PML9	97	T	A	H3A254
Q6PRD1	21	V	L	I3MW63
Q6PRD1	25	A	D	I3MW63
Q6PRD1	55	G	E	I3MW63
Q6PRD1	170	G	R	I3MW63
Q6PRD1	207	G	R	I3MW63
Q6PRD1	210	G	S	I3MW63
Q6PRD1	218	D	E	I3MW63
Q6PRD1	240	R	W	I3MW63
Q6PRD1	242	R	Q	I3MW63
Q6PRD1	307	S	R	I3MW63
Q6PRD1	341	G	R	I3MW63
Q6PRD1	404	R	H	I3MW63
Q6PRD1	404	R	P	I3MW63
Q6PRD1	404	R	C	I3MW63
Q6PRD1	493	R	H	I3MW63
Q6PRD1	493	R	C	I3MW63
Q6PRD1	520	A	T	I3MW63
Q6PRD1	520	A	S	I3MW63
Q6PRD1	532	R	H	I3MW63
Q6PRD1	652	D	E	I3MW63
Q6PRD1	679	R	G	I3MW63
Q6PRD1	679	R	W	I3MW63
Q6PRD1	798	A	T	I3MW63
Q6PRD1	868	E	D	I3MW63
Q6PRD1	872	R	W	I3MW63
Q6PRD1	884	R	W	I3MW63
Q6PRD1	975	A	D	I3MW63
Q6PRD1	997	N	K	I3MW63
Q6PRD1	998	A	T	I3MW63
Q6PRD1	1048	D	E	I3MW63
Q6PRD1	1096	R	H	I3MW63
Q6PRD1	1115	N	K	I3MW63
Q6PRD1	1119	A	V	I3MW63
Q6PRD1	1150	K	E	I3MW63
Q6PRD1	1152	S	P	I3MW63
Q6PRD1	1190	R	Q	I3MW63
Q6PRD1	1227	K	R	I3MW63
Q6PRD1	1283	P	S	I3MW63
Q6PRD1	1294	R	Q	I3MW63
Q6PRD1	1307	R	Q	I3MW63
Q6PRD1	1327	D	N	I3MW63
Q6PRD1	1381	C	R	I3MW63
Q6PRD1	1461	E	Q	I3MW63
Q6PRD1	1491	E	K	I3MW63
Q6PRD1	1570	T	M	I3MW63
Q6PRD1	1630	E	Q	I3MW63
Q6PRD1	1639	E	D	I3MW63
Q6PRD1	1697	L	V	I3MW63
Q6PRD1	1855	L	V	I3MW63
Q6PRD1	1869	Q	E	I3MW63
Q6PRD1	1957	V	I	I3MW63
Q6PRD1	1977	P	H	I3MW63
Q6PRD1	2266	F	L	I3MW63
Q6PRD1	2275	L	P	I3MW63
Q6PRD1	2307	E	K	I3MW63
Q6PRD1	2348	A	T	I3MW63
Q6Q8B3	92	R	L	G1Q075
Q6Q8B3	194	T	I	G1Q075
Q6QHF9	285	V	I	Q6QHF9
Q6QHF9	352	A	V	Q6QHF9
Q6QNK2	184	V	I	A0A087YHC6
Q6QNK2	464	S	A	A0A087YHC6
Q6QNK2	508	V	M	A0A087YHC6
Q6QNK2	523	S	L	A0A087YHC6
Q6R2W3	155	M	V	D2I0J4
Q6R2W3	465	Q	K	D2I0J4
Q6S9Z5	90	R	H	D2HAR4
Q6S9Z5	90	R	H	D2HAR4
Q6S9Z5	95	R	Q	D2HAR4
Q6S9Z5	96	V	L	D2HAR4
Q6S9Z5	96	V	L	D2HAR4
Q6S9Z5	173	R	H	D2HAR4
Q6S9Z5	199	S	P	D2HAR4
Q6S9Z5	199	S	P	D2HAR4
Q6S9Z5	223	I	T	D2HAR4
Q6S9Z5	223	I	T	D2HAR4
Q6S9Z5	274	S	C	D2HAR4
Q6TGC4	96	A	T	A0A093Q481
Q6TGC4	207	R	Q	A0A093Q481
Q6TGC4	259	V	I	A0A093Q481
Q6TGC4	671	V	I	A0A093Q481
Q6TGC4	96	A	T	A0A093Q481
Q6U7Q0	122	A	V	G5C0F5
Q6U7Q0	329	G	V	G5C0F5
Q6U7Q0	353	Y	C	G5C0F5
Q6U7Q0	122	A	V	G5C0F5
Q6U7Q0	329	G	V	G5C0F5
Q6U7Q0	353	Y	C	G5C0F5
Q6U7Q0	122	A	V	G5C0F5
Q6U7Q0	329	G	V	G5C0F5
Q6U7Q0	353	Y	C	G5C0F5
Q6U7Q0	122	A	V	G5C0F5
Q6U7Q0	329	G	V	G5C0F5
Q6U7Q0	353	Y	C	G5C0F5
Q6U7Q0	122	A	V	G5C0F5
Q6U7Q0	329	G	V	G5C0F5
Q6U7Q0	353	Y	C	G5C0F5
Q6UB98	277	P	A	A0A212C6K6
Q6UB98	507	T	I	A0A212C6K6
Q6UB98	531	T	S	A0A212C6K6
Q6UB98	818	S	N	A0A212C6K6
Q6UB98	840	T	N	A0A212C6K6
Q6UB98	906	K	R	A0A212C6K6
Q6UB98	927	E	D	A0A212C6K6
Q6UB98	998	L	S	A0A212C6K6
Q6UB98	1758	S	P	A0A212C6K6
Q6UB99	46	D	N	I3N9D7
Q6UB99	46	D	N	I3N9D7
Q6UB99	46	D	N	I3N9D7
Q6UB99	46	D	N	I3N9D7
Q6UB99	46	D	N	I3N9D7
Q6UB99	92	R	Q	I3N9D7
Q6UB99	92	R	Q	I3N9D7
Q6UB99	92	R	Q	I3N9D7
Q6UB99	94	A	P	I3N9D7
Q6UB99	94	A	P	I3N9D7
Q6UB99	94	A	P	I3N9D7
Q6UB99	94	A	P	I3N9D7
Q6UB99	101	G	R	I3N9D7
Q6UB99	130	N	S	I3N9D7
Q6UB99	130	N	S	I3N9D7
Q6UB99	181	A	T	I3N9D7
Q6UB99	181	A	T	I3N9D7
Q6UB99	181	A	T	I3N9D7
Q6UB99	216	V	I	I3N9D7
Q6UB99	216	V	I	I3N9D7
Q6UB99	275	N	S	I3N9D7
Q6UB99	280	V	L	I3N9D7
Q6UB99	290	T	A	I3N9D7
Q6UB99	290	T	A	I3N9D7
Q6UB99	290	T	A	I3N9D7
Q6UB99	297	T	M	I3N9D7
Q6UB99	297	T	M	I3N9D7
Q6UB99	297	T	M	I3N9D7
Q6UB99	297	T	M	I3N9D7
Q6UB99	343	V	I	I3N9D7
Q6UB99	343	V	I	I3N9D7
Q6UB99	343	V	I	I3N9D7
Q6UB99	343	V	I	I3N9D7
Q6UB99	375	T	M	I3N9D7
Q6UB99	420	V	M	I3N9D7
Q6UB99	468	R	H	I3N9D7
Q6UB99	477	C	S	I3N9D7
Q6UB99	477	C	S	I3N9D7
Q6UB99	477	C	S	I3N9D7
Q6UB99	526	H	L	I3N9D7
Q6UB99	613	S	C	I3N9D7
Q6UB99	613	S	C	I3N9D7
Q6UB99	615	A	G	I3N9D7
Q6UB99	615	A	G	I3N9D7
Q6UB99	615	A	V	I3N9D7
Q6UB99	615	A	G	I3N9D7
Q6UB99	615	A	G	I3N9D7
Q6UB99	618	A	T	I3N9D7
Q6UB99	618	A	T	I3N9D7
Q6UB99	618	A	T	I3N9D7
Q6UB99	618	A	T	I3N9D7
Q6UB99	676	N	K	I3N9D7
Q6UB99	680	T	S	I3N9D7
Q6UB99	680	T	S	I3N9D7
Q6UB99	680	T	S	I3N9D7
Q6UB99	680	T	S	I3N9D7
Q6UB99	728	I	M	I3N9D7
Q6UB99	728	I	M	I3N9D7
Q6UB99	728	I	M	I3N9D7
Q6UB99	739	S	L	I3N9D7
Q6UB99	739	S	L	I3N9D7
Q6UB99	739	S	L	I3N9D7
Q6UB99	739	S	L	I3N9D7
Q6UB99	747	S	P	I3N9D7
Q6UB99	747	S	L	I3N9D7
Q6UB99	747	S	L	I3N9D7
Q6UB99	747	S	L	I3N9D7
Q6UB99	747	S	L	I3N9D7
Q6UB99	747	S	L	I3N9D7
Q6UB99	772	R	G	I3N9D7
Q6UB99	840	R	Q	I3N9D7
Q6UB99	840	R	Q	I3N9D7
Q6UB99	840	R	Q	I3N9D7
Q6UB99	840	R	Q	I3N9D7
Q6UB99	840	R	Q	I3N9D7
Q6UB99	860	S	L	I3N9D7
Q6UB99	893	R	Q	I3N9D7
Q6UB99	899	D	N	I3N9D7
Q6UB99	899	D	N	I3N9D7
Q6UB99	945	A	T	I3N9D7
Q6UB99	960	E	D	I3N9D7
Q6UB99	964	G	S	I3N9D7
Q6UB99	971	A	V	I3N9D7
Q6UB99	971	A	V	I3N9D7
Q6UB99	971	A	V	I3N9D7
Q6UB99	971	A	V	I3N9D7
Q6UB99	971	A	V	I3N9D7
Q6UB99	996	G	V	I3N9D7
Q6UB99	1033	S	C	I3N9D7
Q6UB99	1033	S	C	I3N9D7
Q6UB99	1052	F	S	I3N9D7
Q6UB99	1066	H	R	I3N9D7
Q6UB99	1066	H	R	I3N9D7
Q6UB99	1094	I	M	I3N9D7
Q6UB99	1094	I	M	I3N9D7
Q6UB99	1094	I	M	I3N9D7
Q6UB99	1094	I	M	I3N9D7
Q6UB99	1134	G	R	I3N9D7
Q6UB99	1136	K	T	I3N9D7
Q6UB99	1136	K	T	I3N9D7
Q6UB99	1142	D	N	I3N9D7
Q6UB99	1142	D	N	I3N9D7
Q6UB99	1144	P	L	I3N9D7
Q6UB99	1144	P	L	I3N9D7
Q6UB99	1144	P	L	I3N9D7
Q6UB99	1144	P	L	I3N9D7
Q6UB99	1146	T	M	I3N9D7
Q6UB99	1146	T	M	I3N9D7
Q6UB99	1146	T	M	I3N9D7
Q6UB99	1146	T	M	I3N9D7
Q6UB99	1156	R	Q	I3N9D7
Q6UB99	1156	R	Q	I3N9D7
Q6UB99	1193	A	V	I3N9D7
Q6UB99	1193	A	V	I3N9D7
Q6UB99	1193	A	V	I3N9D7
Q6UB99	1193	A	V	I3N9D7
Q6UB99	1229	T	M	I3N9D7
Q6UB99	1248	A	V	I3N9D7
Q6UB99	1248	A	V	I3N9D7
Q6UB99	1271	S	L	I3N9D7
Q6UB99	1276	A	T	I3N9D7
Q6UB99	1276	A	T	I3N9D7
Q6UB99	1276	A	T	I3N9D7
Q6UB99	1276	A	T	I3N9D7
Q6UB99	1290	H	R	I3N9D7
Q6UB99	1290	H	R	I3N9D7
Q6UB99	1291	E	G	I3N9D7
Q6UB99	1291	E	G	I3N9D7
Q6UB99	1310	D	E	I3N9D7
Q6UB99	1311	R	Q	I3N9D7
Q6UB99	1311	R	Q	I3N9D7
Q6UB99	1325	F	L	I3N9D7
Q6UB99	1325	F	L	I3N9D7
Q6UB99	1325	F	L	I3N9D7
Q6UB99	1326	T	M	I3N9D7
Q6UB99	1326	T	M	I3N9D7
Q6UB99	1326	T	M	I3N9D7
Q6UB99	1326	T	M	I3N9D7
Q6UB99	1371	A	S	I3N9D7
Q6UB99	1390	G	S	I3N9D7
Q6UB99	1412	I	T	I3N9D7
Q6UB99	1412	I	T	I3N9D7
Q6UB99	1412	I	T	I3N9D7
Q6UB99	1413	E	K	I3N9D7
Q6UB99	1413	E	K	I3N9D7
Q6UB99	1413	E	K	I3N9D7
Q6UB99	1413	E	K	I3N9D7
Q6UB99	1415	E	G	I3N9D7
Q6UB99	1433	S	P	I3N9D7
Q6UB99	1433	S	P	I3N9D7
Q6UB99	1461	K	R	I3N9D7
Q6UB99	1461	K	R	I3N9D7
Q6UB99	1461	K	R	I3N9D7
Q6UB99	1464	K	R	I3N9D7
Q6UB99	1464	K	R	I3N9D7
Q6UB99	1464	K	R	I3N9D7
Q6UB99	1465	H	N	I3N9D7
Q6UB99	1465	H	N	I3N9D7
Q6UB99	1472	E	K	I3N9D7
Q6UB99	1478	D	E	I3N9D7
Q6UB99	1478	D	E	I3N9D7
Q6UB99	1512	R	C	I3N9D7
Q6UB99	1513	V	M	I3N9D7
Q6UB99	1513	V	M	I3N9D7
Q6UB99	1523	P	L	I3N9D7
Q6UB99	1523	P	L	I3N9D7
Q6UB99	1527	D	N	I3N9D7
Q6UB99	1540	K	R	I3N9D7
Q6UB99	1540	K	R	I3N9D7
Q6UB99	1540	K	R	I3N9D7
Q6UB99	1638	P	A	I3N9D7
Q6UB99	1638	P	A	I3N9D7
Q6UB99	1638	P	A	I3N9D7
Q6UB99	1638	P	A	I3N9D7
Q6UB99	1638	P	A	I3N9D7
Q6UB99	1696	D	E	I3N9D7
Q6UB99	1696	D	E	I3N9D7
Q6UB99	1696	D	E	I3N9D7
Q6UB99	1696	D	E	I3N9D7
Q6UB99	1707	T	M	I3N9D7
Q6UB99	1733	A	V	I3N9D7
Q6UB99	1733	A	V	I3N9D7
Q6UB99	1733	A	V	I3N9D7
Q6UB99	1733	A	V	I3N9D7
Q6UB99	1733	A	V	I3N9D7
Q6UB99	1739	C	Y	I3N9D7
Q6UB99	1746	T	M	I3N9D7
Q6UB99	1746	T	M	I3N9D7
Q6UB99	1746	T	M	I3N9D7
Q6UB99	1746	T	K	I3N9D7
Q6UB99	1780	A	T	I3N9D7
Q6UB99	1780	A	T	I3N9D7
Q6UB99	1780	A	T	I3N9D7
Q6UB99	1780	A	T	I3N9D7
Q6UB99	1801	E	K	I3N9D7
Q6UB99	1805	V	I	I3N9D7
Q6UB99	1805	V	I	I3N9D7
Q6UB99	1805	V	I	I3N9D7
Q6UB99	1806	G	R	I3N9D7
Q6UB99	1837	P	S	I3N9D7
Q6UB99	1837	P	S	I3N9D7
Q6UB99	1837	P	S	I3N9D7
Q6UB99	1837	P	S	I3N9D7
Q6UB99	1837	P	S	I3N9D7
Q6UB99	1840	A	T	I3N9D7
Q6UB99	1840	A	T	I3N9D7
Q6UB99	1860	P	S	I3N9D7
Q6UB99	1860	P	S	I3N9D7
Q6UB99	1860	P	S	I3N9D7
Q6UB99	1860	P	S	I3N9D7
Q6UB99	1877	P	S	I3N9D7
Q6UB99	1877	P	S	I3N9D7
Q6UB99	1877	P	S	I3N9D7
Q6UB99	1877	P	S	I3N9D7
Q6UB99	1878	S	P	I3N9D7
Q6UB99	1878	S	P	I3N9D7
Q6UB99	1878	S	P	I3N9D7
Q6UB99	1878	S	P	I3N9D7
Q6UB99	1878	S	P	I3N9D7
Q6UB99	1885	S	N	I3N9D7
Q6UB99	1889	K	E	I3N9D7
Q6UB99	1889	K	E	I3N9D7
Q6UB99	1889	K	E	I3N9D7
Q6UB99	1889	K	E	I3N9D7
Q6UB99	1913	T	N	I3N9D7
Q6UB99	1913	T	N	I3N9D7
Q6UB99	1913	T	N	I3N9D7
Q6UB99	1913	T	N	I3N9D7
Q6UB99	1925	P	T	I3N9D7
Q6UB99	1925	P	T	I3N9D7
Q6UB99	1996	P	L	I3N9D7
Q6UB99	2000	L	F	I3N9D7
Q6UB99	2000	L	F	I3N9D7
Q6UB99	2000	L	F	I3N9D7
Q6UB99	2000	L	F	I3N9D7
Q6UB99	2007	P	L	I3N9D7
Q6UB99	2007	P	L	I3N9D7
Q6UB99	2007	P	L	I3N9D7
Q6UB99	2007	P	L	I3N9D7
Q6UB99	2022	P	L	I3N9D7
Q6UB99	2022	P	L	I3N9D7
Q6UB99	2022	P	L	I3N9D7
Q6UB99	2022	P	L	I3N9D7
Q6UB99	2022	P	L	I3N9D7
Q6UB99	2023	A	P	I3N9D7
Q6UB99	2023	A	P	I3N9D7
Q6UB99	2023	A	P	I3N9D7
Q6UB99	2023	A	P	I3N9D7
Q6UB99	2029	V	I	I3N9D7
Q6UB99	2029	V	I	I3N9D7
Q6UB99	2029	V	I	I3N9D7
Q6UB99	2029	V	I	I3N9D7
Q6UB99	2032	P	L	I3N9D7
Q6UB99	2032	P	L	I3N9D7
Q6UB99	2036	D	N	I3N9D7
Q6UB99	2036	D	N	I3N9D7
Q6UB99	2036	D	N	I3N9D7
Q6UB99	2036	D	N	I3N9D7
Q6UB99	2036	D	N	I3N9D7
Q6UB99	2038	K	T	I3N9D7
Q6UB99	2038	K	E	I3N9D7
Q6UB99	2038	K	E	I3N9D7
Q6UB99	2038	K	E	I3N9D7
Q6UB99	2038	K	E	I3N9D7
Q6UB99	2042	D	G	I3N9D7
Q6UB99	2042	D	G	I3N9D7
Q6UB99	2042	D	G	I3N9D7
Q6UB99	2042	D	G	I3N9D7
Q6UB99	2047	A	G	I3N9D7
Q6UB99	2047	A	G	I3N9D7
Q6UB99	2047	A	G	I3N9D7
Q6UB99	2047	A	G	I3N9D7
Q6UB99	2059	P	H	I3N9D7
Q6UB99	2059	P	H	I3N9D7
Q6UB99	2059	P	H	I3N9D7
Q6UB99	2059	P	H	I3N9D7
Q6UB99	2065	F	L	I3N9D7
Q6UB99	2065	F	L	I3N9D7
Q6UB99	2073	P	L	I3N9D7
Q6UB99	2074	E	A	I3N9D7
Q6UB99	2074	E	A	I3N9D7
Q6UB99	2074	E	A	I3N9D7
Q6UB99	2074	E	A	I3N9D7
Q6UB99	2085	C	S	I3N9D7
Q6UB99	2088	A	T	I3N9D7
Q6UB99	2095	L	V	I3N9D7
Q6UB99	2095	L	V	I3N9D7
Q6UB99	2108	G	D	I3N9D7
Q6UB99	2108	G	D	I3N9D7
Q6UB99	2108	G	D	I3N9D7
Q6UB99	2108	G	D	I3N9D7
Q6UB99	2108	G	D	I3N9D7
Q6UB99	2121	A	V	I3N9D7
Q6UB99	2121	A	V	I3N9D7
Q6UB99	2145	T	I	I3N9D7
Q6UB99	2166	M	R	I3N9D7
Q6UB99	2166	M	R	I3N9D7
Q6UB99	2166	M	R	I3N9D7
Q6UB99	2166	M	R	I3N9D7
Q6UB99	2187	P	L	I3N9D7
Q6UB99	2187	P	L	I3N9D7
Q6UB99	2208	S	A	I3N9D7
Q6UB99	2210	E	Q	I3N9D7
Q6UB99	2210	E	Q	I3N9D7
Q6UB99	2233	G	E	I3N9D7
Q6UB99	2233	G	E	I3N9D7
Q6UB99	2233	G	E	I3N9D7
Q6UB99	2233	G	E	I3N9D7
Q6UB99	2238	S	G	I3N9D7
Q6UB99	2238	S	G	I3N9D7
Q6UB99	2238	S	G	I3N9D7
Q6UB99	2238	S	G	I3N9D7
Q6UB99	2242	A	V	I3N9D7
Q6UB99	2242	A	V	I3N9D7
Q6UB99	2242	A	V	I3N9D7
Q6UB99	2242	A	V	I3N9D7
Q6UB99	2244	V	I	I3N9D7
Q6UB99	2244	V	I	I3N9D7
Q6UB99	2244	V	I	I3N9D7
Q6UB99	2244	V	I	I3N9D7
Q6UB99	2249	R	C	I3N9D7
Q6UB99	2249	R	H	I3N9D7
Q6UB99	2249	R	H	I3N9D7
Q6UB99	2249	R	C	I3N9D7
Q6UB99	2249	R	C	I3N9D7
Q6UB99	2249	R	C	I3N9D7
Q6UB99	2249	R	C	I3N9D7
Q6UB99	2249	R	H	I3N9D7
Q6UB99	2249	R	H	I3N9D7
Q6UB99	2254	G	R	I3N9D7
Q6UB99	2254	G	R	I3N9D7
Q6UB99	2261	E	K	I3N9D7
Q6UB99	2261	E	K	I3N9D7
Q6UB99	2261	E	K	I3N9D7
Q6UB99	2261	E	K	I3N9D7
Q6UB99	2263	P	S	I3N9D7
Q6UB99	2263	P	S	I3N9D7
Q6UB99	2263	P	S	I3N9D7
Q6UB99	2263	P	S	I3N9D7
Q6UB99	2263	P	S	I3N9D7
Q6UB99	2264	P	L	I3N9D7
Q6UB99	2266	A	V	I3N9D7
Q6UB99	2266	A	V	I3N9D7
Q6UB99	2266	A	V	I3N9D7
Q6UB99	2266	A	V	I3N9D7
Q6UB99	2266	A	V	I3N9D7
Q6UB99	2276	P	S	I3N9D7
Q6UB99	2276	P	L	I3N9D7
Q6UB99	2276	P	S	I3N9D7
Q6UB99	2276	P	L	I3N9D7
Q6UB99	2276	P	L	I3N9D7
Q6UB99	2276	P	S	I3N9D7
Q6UB99	2276	P	S	I3N9D7
Q6UB99	2276	P	L	I3N9D7
Q6UB99	2290	P	S	I3N9D7
Q6UB99	2290	P	S	I3N9D7
Q6UB99	2290	P	S	I3N9D7
Q6UB99	2290	P	S	I3N9D7
Q6UB99	2299	A	V	I3N9D7
Q6UB99	2300	A	V	I3N9D7
Q6UB99	2304	E	K	I3N9D7
Q6UB99	2325	K	R	I3N9D7
Q6UB99	2326	A	V	I3N9D7
Q6UB99	2326	A	G	I3N9D7
Q6UB99	2326	A	G	I3N9D7
Q6UB99	2354	P	H	I3N9D7
Q6UB99	2364	A	T	I3N9D7
Q6UB99	2364	A	T	I3N9D7
Q6UB99	2376	D	E	I3N9D7
Q6UB99	2376	D	E	I3N9D7
Q6UB99	2376	D	E	I3N9D7
Q6UB99	2376	D	E	I3N9D7
Q6UB99	2507	Q	K	I3N9D7
Q6UB99	2507	Q	K	I3N9D7
Q6UB99	2507	Q	K	I3N9D7
Q6UB99	2601	M	L	I3N9D7
Q6UB99	2601	M	L	I3N9D7
Q6UB99	2601	M	L	I3N9D7
Q6UB99	46	D	N	I3N9D7
Q6UB99	46	D	N	I3N9D7
Q6UB99	46	D	N	I3N9D7
Q6UB99	46	D	N	I3N9D7
Q6UB99	46	D	N	I3N9D7
Q6UB99	92	R	Q	I3N9D7
Q6UB99	92	R	Q	I3N9D7
Q6UB99	92	R	Q	I3N9D7
Q6UB99	94	A	P	I3N9D7
Q6UB99	94	A	P	I3N9D7
Q6UB99	94	A	P	I3N9D7
Q6UB99	94	A	P	I3N9D7
Q6UB99	101	G	R	I3N9D7
Q6UB99	130	N	S	I3N9D7
Q6UB99	130	N	S	I3N9D7
Q6UB99	181	A	T	I3N9D7
Q6UB99	181	A	T	I3N9D7
Q6UB99	181	A	T	I3N9D7
Q6UB99	216	V	I	I3N9D7
Q6UB99	216	V	I	I3N9D7
Q6UB99	275	N	S	I3N9D7
Q6UB99	280	V	L	I3N9D7
Q6UB99	290	T	A	I3N9D7
Q6UB99	290	T	A	I3N9D7
Q6UB99	290	T	A	I3N9D7
Q6UB99	297	T	M	I3N9D7
Q6UB99	297	T	M	I3N9D7
Q6UB99	297	T	M	I3N9D7
Q6UB99	297	T	M	I3N9D7
Q6UB99	343	V	I	I3N9D7
Q6UB99	343	V	I	I3N9D7
Q6UB99	343	V	I	I3N9D7
Q6UB99	343	V	I	I3N9D7
Q6UB99	375	T	M	I3N9D7
Q6UB99	420	V	M	I3N9D7
Q6UB99	468	R	H	I3N9D7
Q6UB99	477	C	S	I3N9D7
Q6UB99	477	C	S	I3N9D7
Q6UB99	477	C	S	I3N9D7
Q6UB99	526	H	L	I3N9D7
Q6UB99	613	S	C	I3N9D7
Q6UB99	613	S	C	I3N9D7
Q6UB99	615	A	G	I3N9D7
Q6UB99	615	A	G	I3N9D7
Q6UB99	615	A	G	I3N9D7
Q6UB99	615	A	G	I3N9D7
Q6UB99	615	A	V	I3N9D7
Q6UB99	618	A	T	I3N9D7
Q6UB99	618	A	T	I3N9D7
Q6UB99	618	A	T	I3N9D7
Q6UB99	618	A	T	I3N9D7
Q6UB99	676	N	K	I3N9D7
Q6UB99	680	T	S	I3N9D7
Q6UB99	680	T	S	I3N9D7
Q6UB99	680	T	S	I3N9D7
Q6UB99	680	T	S	I3N9D7
Q6UB99	728	I	M	I3N9D7
Q6UB99	728	I	M	I3N9D7
Q6UB99	728	I	M	I3N9D7
Q6UB99	739	S	L	I3N9D7
Q6UB99	739	S	L	I3N9D7
Q6UB99	739	S	L	I3N9D7
Q6UB99	739	S	L	I3N9D7
Q6UB99	747	S	L	I3N9D7
Q6UB99	747	S	L	I3N9D7
Q6UB99	747	S	P	I3N9D7
Q6UB99	747	S	L	I3N9D7
Q6UB99	747	S	L	I3N9D7
Q6UB99	747	S	L	I3N9D7
Q6UB99	772	R	G	I3N9D7
Q6UB99	840	R	Q	I3N9D7
Q6UB99	840	R	Q	I3N9D7
Q6UB99	840	R	Q	I3N9D7
Q6UB99	840	R	Q	I3N9D7
Q6UB99	840	R	Q	I3N9D7
Q6UB99	860	S	L	I3N9D7
Q6UB99	893	R	Q	I3N9D7
Q6UB99	899	D	N	I3N9D7
Q6UB99	899	D	N	I3N9D7
Q6UB99	945	A	T	I3N9D7
Q6UB99	960	E	D	I3N9D7
Q6UB99	964	G	S	I3N9D7
Q6UB99	971	A	V	I3N9D7
Q6UB99	971	A	V	I3N9D7
Q6UB99	971	A	V	I3N9D7
Q6UB99	971	A	V	I3N9D7
Q6UB99	971	A	V	I3N9D7
Q6UB99	996	G	V	I3N9D7
Q6UB99	1033	S	C	I3N9D7
Q6UB99	1033	S	C	I3N9D7
Q6UB99	1052	F	S	I3N9D7
Q6UB99	1066	H	R	I3N9D7
Q6UB99	1066	H	R	I3N9D7
Q6UB99	1094	I	M	I3N9D7
Q6UB99	1094	I	M	I3N9D7
Q6UB99	1094	I	M	I3N9D7
Q6UB99	1094	I	M	I3N9D7
Q6UB99	1134	G	R	I3N9D7
Q6UB99	1136	K	T	I3N9D7
Q6UB99	1136	K	T	I3N9D7
Q6UB99	1142	D	N	I3N9D7
Q6UB99	1142	D	N	I3N9D7
Q6UB99	1144	P	L	I3N9D7
Q6UB99	1144	P	L	I3N9D7
Q6UB99	1144	P	L	I3N9D7
Q6UB99	1144	P	L	I3N9D7
Q6UB99	1146	T	M	I3N9D7
Q6UB99	1146	T	M	I3N9D7
Q6UB99	1146	T	M	I3N9D7
Q6UB99	1146	T	M	I3N9D7
Q6UB99	1156	R	Q	I3N9D7
Q6UB99	1156	R	Q	I3N9D7
Q6UB99	1193	A	V	I3N9D7
Q6UB99	1193	A	V	I3N9D7
Q6UB99	1193	A	V	I3N9D7
Q6UB99	1193	A	V	I3N9D7
Q6UB99	1229	T	M	I3N9D7
Q6UB99	1248	A	V	I3N9D7
Q6UB99	1248	A	V	I3N9D7
Q6UB99	1271	S	L	I3N9D7
Q6UB99	1276	A	T	I3N9D7
Q6UB99	1276	A	T	I3N9D7
Q6UB99	1276	A	T	I3N9D7
Q6UB99	1276	A	T	I3N9D7
Q6UB99	1290	H	R	I3N9D7
Q6UB99	1290	H	R	I3N9D7
Q6UB99	1291	E	G	I3N9D7
Q6UB99	1291	E	G	I3N9D7
Q6UB99	1310	D	E	I3N9D7
Q6UB99	1311	R	Q	I3N9D7
Q6UB99	1311	R	Q	I3N9D7
Q6UB99	1325	F	L	I3N9D7
Q6UB99	1325	F	L	I3N9D7
Q6UB99	1325	F	L	I3N9D7
Q6UB99	1326	T	M	I3N9D7
Q6UB99	1326	T	M	I3N9D7
Q6UB99	1326	T	M	I3N9D7
Q6UB99	1326	T	M	I3N9D7
Q6UB99	1371	A	S	I3N9D7
Q6UB99	1390	G	S	I3N9D7
Q6UB99	1412	I	T	I3N9D7
Q6UB99	1412	I	T	I3N9D7
Q6UB99	1412	I	T	I3N9D7
Q6UB99	1413	E	K	I3N9D7
Q6UB99	1413	E	K	I3N9D7
Q6UB99	1413	E	K	I3N9D7
Q6UB99	1413	E	K	I3N9D7
Q6UB99	1415	E	G	I3N9D7
Q6UB99	1433	S	P	I3N9D7
Q6UB99	1433	S	P	I3N9D7
Q6UB99	1461	K	R	I3N9D7
Q6UB99	1461	K	R	I3N9D7
Q6UB99	1461	K	R	I3N9D7
Q6UB99	1464	K	R	I3N9D7
Q6UB99	1464	K	R	I3N9D7
Q6UB99	1464	K	R	I3N9D7
Q6UB99	1465	H	N	I3N9D7
Q6UB99	1465	H	N	I3N9D7
Q6UB99	1472	E	K	I3N9D7
Q6UB99	1478	D	E	I3N9D7
Q6UB99	1478	D	E	I3N9D7
Q6UB99	1512	R	C	I3N9D7
Q6UB99	1513	V	M	I3N9D7
Q6UB99	1513	V	M	I3N9D7
Q6UB99	1523	P	L	I3N9D7
Q6UB99	1523	P	L	I3N9D7
Q6UB99	1527	D	N	I3N9D7
Q6UB99	1540	K	R	I3N9D7
Q6UB99	1540	K	R	I3N9D7
Q6UB99	1540	K	R	I3N9D7
Q6UB99	1638	P	A	I3N9D7
Q6UB99	1638	P	A	I3N9D7
Q6UB99	1638	P	A	I3N9D7
Q6UB99	1638	P	A	I3N9D7
Q6UB99	1638	P	A	I3N9D7
Q6UB99	1696	D	E	I3N9D7
Q6UB99	1696	D	E	I3N9D7
Q6UB99	1696	D	E	I3N9D7
Q6UB99	1696	D	E	I3N9D7
Q6UB99	1707	T	M	I3N9D7
Q6UB99	1733	A	V	I3N9D7
Q6UB99	1733	A	V	I3N9D7
Q6UB99	1733	A	V	I3N9D7
Q6UB99	1733	A	V	I3N9D7
Q6UB99	1733	A	V	I3N9D7
Q6UB99	1739	C	Y	I3N9D7
Q6UB99	1746	T	M	I3N9D7
Q6UB99	1746	T	M	I3N9D7
Q6UB99	1746	T	M	I3N9D7
Q6UB99	1746	T	K	I3N9D7
Q6UB99	1780	A	T	I3N9D7
Q6UB99	1780	A	T	I3N9D7
Q6UB99	1780	A	T	I3N9D7
Q6UB99	1780	A	T	I3N9D7
Q6UB99	1801	E	K	I3N9D7
Q6UB99	1805	V	I	I3N9D7
Q6UB99	1805	V	I	I3N9D7
Q6UB99	1805	V	I	I3N9D7
Q6UB99	1806	G	R	I3N9D7
Q6UB99	1837	P	S	I3N9D7
Q6UB99	1837	P	S	I3N9D7
Q6UB99	1837	P	S	I3N9D7
Q6UB99	1837	P	S	I3N9D7
Q6UB99	1837	P	S	I3N9D7
Q6UB99	1840	A	T	I3N9D7
Q6UB99	1840	A	T	I3N9D7
Q6UB99	1860	P	S	I3N9D7
Q6UB99	1860	P	S	I3N9D7
Q6UB99	1860	P	S	I3N9D7
Q6UB99	1860	P	S	I3N9D7
Q6UB99	1877	P	S	I3N9D7
Q6UB99	1877	P	S	I3N9D7
Q6UB99	1877	P	S	I3N9D7
Q6UB99	1877	P	S	I3N9D7
Q6UB99	1878	S	P	I3N9D7
Q6UB99	1878	S	P	I3N9D7
Q6UB99	1878	S	P	I3N9D7
Q6UB99	1878	S	P	I3N9D7
Q6UB99	1878	S	P	I3N9D7
Q6UB99	1885	S	N	I3N9D7
Q6UB99	1889	K	E	I3N9D7
Q6UB99	1889	K	E	I3N9D7
Q6UB99	1889	K	E	I3N9D7
Q6UB99	1889	K	E	I3N9D7
Q6UB99	1913	T	N	I3N9D7
Q6UB99	1913	T	N	I3N9D7
Q6UB99	1913	T	N	I3N9D7
Q6UB99	1913	T	N	I3N9D7
Q6UB99	1925	P	T	I3N9D7
Q6UB99	1925	P	T	I3N9D7
Q6UB99	1996	P	L	I3N9D7
Q6UB99	2000	L	F	I3N9D7
Q6UB99	2000	L	F	I3N9D7
Q6UB99	2000	L	F	I3N9D7
Q6UB99	2000	L	F	I3N9D7
Q6UB99	2007	P	L	I3N9D7
Q6UB99	2007	P	L	I3N9D7
Q6UB99	2007	P	L	I3N9D7
Q6UB99	2007	P	L	I3N9D7
Q6UB99	2022	P	L	I3N9D7
Q6UB99	2022	P	L	I3N9D7
Q6UB99	2022	P	L	I3N9D7
Q6UB99	2022	P	L	I3N9D7
Q6UB99	2022	P	L	I3N9D7
Q6UB99	2023	A	P	I3N9D7
Q6UB99	2023	A	P	I3N9D7
Q6UB99	2023	A	P	I3N9D7
Q6UB99	2023	A	P	I3N9D7
Q6UB99	2029	V	I	I3N9D7
Q6UB99	2029	V	I	I3N9D7
Q6UB99	2029	V	I	I3N9D7
Q6UB99	2029	V	I	I3N9D7
Q6UB99	2032	P	L	I3N9D7
Q6UB99	2032	P	L	I3N9D7
Q6UB99	2036	D	N	I3N9D7
Q6UB99	2036	D	N	I3N9D7
Q6UB99	2036	D	N	I3N9D7
Q6UB99	2036	D	N	I3N9D7
Q6UB99	2036	D	N	I3N9D7
Q6UB99	2038	K	E	I3N9D7
Q6UB99	2038	K	E	I3N9D7
Q6UB99	2038	K	E	I3N9D7
Q6UB99	2038	K	T	I3N9D7
Q6UB99	2038	K	E	I3N9D7
Q6UB99	2042	D	G	I3N9D7
Q6UB99	2042	D	G	I3N9D7
Q6UB99	2042	D	G	I3N9D7
Q6UB99	2042	D	G	I3N9D7
Q6UB99	2047	A	G	I3N9D7
Q6UB99	2047	A	G	I3N9D7
Q6UB99	2047	A	G	I3N9D7
Q6UB99	2047	A	G	I3N9D7
Q6UB99	2059	P	H	I3N9D7
Q6UB99	2059	P	H	I3N9D7
Q6UB99	2059	P	H	I3N9D7
Q6UB99	2059	P	H	I3N9D7
Q6UB99	2065	F	L	I3N9D7
Q6UB99	2065	F	L	I3N9D7
Q6UB99	2073	P	L	I3N9D7
Q6UB99	2074	E	A	I3N9D7
Q6UB99	2074	E	A	I3N9D7
Q6UB99	2074	E	A	I3N9D7
Q6UB99	2074	E	A	I3N9D7
Q6UB99	2085	C	S	I3N9D7
Q6UB99	2088	A	T	I3N9D7
Q6UB99	2095	L	V	I3N9D7
Q6UB99	2095	L	V	I3N9D7
Q6UB99	2108	G	D	I3N9D7
Q6UB99	2108	G	D	I3N9D7
Q6UB99	2108	G	D	I3N9D7
Q6UB99	2108	G	D	I3N9D7
Q6UB99	2108	G	D	I3N9D7
Q6UB99	2121	A	V	I3N9D7
Q6UB99	2121	A	V	I3N9D7
Q6UB99	2145	T	I	I3N9D7
Q6UB99	2166	M	R	I3N9D7
Q6UB99	2166	M	R	I3N9D7
Q6UB99	2166	M	R	I3N9D7
Q6UB99	2166	M	R	I3N9D7
Q6UB99	2187	P	L	I3N9D7
Q6UB99	2187	P	L	I3N9D7
Q6UB99	2208	S	A	I3N9D7
Q6UB99	2210	E	Q	I3N9D7
Q6UB99	2210	E	Q	I3N9D7
Q6UB99	2233	G	E	I3N9D7
Q6UB99	2233	G	E	I3N9D7
Q6UB99	2233	G	E	I3N9D7
Q6UB99	2233	G	E	I3N9D7
Q6UB99	2238	S	G	I3N9D7
Q6UB99	2238	S	G	I3N9D7
Q6UB99	2238	S	G	I3N9D7
Q6UB99	2238	S	G	I3N9D7
Q6UB99	2242	A	V	I3N9D7
Q6UB99	2242	A	V	I3N9D7
Q6UB99	2242	A	V	I3N9D7
Q6UB99	2242	A	V	I3N9D7
Q6UB99	2244	V	I	I3N9D7
Q6UB99	2244	V	I	I3N9D7
Q6UB99	2244	V	I	I3N9D7
Q6UB99	2244	V	I	I3N9D7
Q6UB99	2249	R	C	I3N9D7
Q6UB99	2249	R	C	I3N9D7
Q6UB99	2249	R	C	I3N9D7
Q6UB99	2249	R	H	I3N9D7
Q6UB99	2249	R	C	I3N9D7
Q6UB99	2249	R	H	I3N9D7
Q6UB99	2249	R	H	I3N9D7
Q6UB99	2249	R	H	I3N9D7
Q6UB99	2249	R	C	I3N9D7
Q6UB99	2254	G	R	I3N9D7
Q6UB99	2254	G	R	I3N9D7
Q6UB99	2261	E	K	I3N9D7
Q6UB99	2261	E	K	I3N9D7
Q6UB99	2261	E	K	I3N9D7
Q6UB99	2261	E	K	I3N9D7
Q6UB99	2263	P	S	I3N9D7
Q6UB99	2263	P	S	I3N9D7
Q6UB99	2263	P	S	I3N9D7
Q6UB99	2263	P	S	I3N9D7
Q6UB99	2263	P	S	I3N9D7
Q6UB99	2264	P	L	I3N9D7
Q6UB99	2266	A	V	I3N9D7
Q6UB99	2266	A	V	I3N9D7
Q6UB99	2266	A	V	I3N9D7
Q6UB99	2266	A	V	I3N9D7
Q6UB99	2266	A	V	I3N9D7
Q6UB99	2276	P	S	I3N9D7
Q6UB99	2276	P	L	I3N9D7
Q6UB99	2276	P	S	I3N9D7
Q6UB99	2276	P	L	I3N9D7
Q6UB99	2276	P	L	I3N9D7
Q6UB99	2276	P	S	I3N9D7
Q6UB99	2276	P	S	I3N9D7
Q6UB99	2276	P	L	I3N9D7
Q6UB99	2290	P	S	I3N9D7
Q6UB99	2290	P	S	I3N9D7
Q6UB99	2290	P	S	I3N9D7
Q6UB99	2290	P	S	I3N9D7
Q6UB99	2299	A	V	I3N9D7
Q6UB99	2300	A	V	I3N9D7
Q6UB99	2304	E	K	I3N9D7
Q6UB99	2325	K	R	I3N9D7
Q6UB99	2326	A	G	I3N9D7
Q6UB99	2326	A	V	I3N9D7
Q6UB99	2326	A	G	I3N9D7
Q6UB99	2354	P	H	I3N9D7
Q6UB99	2364	A	T	I3N9D7
Q6UB99	2364	A	T	I3N9D7
Q6UB99	2376	D	E	I3N9D7
Q6UB99	2376	D	E	I3N9D7
Q6UB99	2376	D	E	I3N9D7
Q6UB99	2376	D	E	I3N9D7
Q6UB99	2507	Q	K	I3N9D7
Q6UB99	2507	Q	K	I3N9D7
Q6UB99	2507	Q	K	I3N9D7
Q6UB99	2601	M	L	I3N9D7
Q6UB99	2601	M	L	I3N9D7
Q6UB99	2601	M	L	I3N9D7
Q6UB99	46	D	N	I3N9D7
Q6UB99	46	D	N	I3N9D7
Q6UB99	46	D	N	I3N9D7
Q6UB99	46	D	N	I3N9D7
Q6UB99	46	D	N	I3N9D7
Q6UB99	92	R	Q	I3N9D7
Q6UB99	92	R	Q	I3N9D7
Q6UB99	92	R	Q	I3N9D7
Q6UB99	94	A	P	I3N9D7
Q6UB99	94	A	P	I3N9D7
Q6UB99	94	A	P	I3N9D7
Q6UB99	94	A	P	I3N9D7
Q6UB99	101	G	R	I3N9D7
Q6UB99	130	N	S	I3N9D7
Q6UB99	130	N	S	I3N9D7
Q6UB99	181	A	T	I3N9D7
Q6UB99	181	A	T	I3N9D7
Q6UB99	181	A	T	I3N9D7
Q6UB99	216	V	I	I3N9D7
Q6UB99	216	V	I	I3N9D7
Q6UB99	275	N	S	I3N9D7
Q6UB99	280	V	L	I3N9D7
Q6UB99	290	T	A	I3N9D7
Q6UB99	290	T	A	I3N9D7
Q6UB99	290	T	A	I3N9D7
Q6UB99	297	T	M	I3N9D7
Q6UB99	297	T	M	I3N9D7
Q6UB99	297	T	M	I3N9D7
Q6UB99	297	T	M	I3N9D7
Q6UB99	343	V	I	I3N9D7
Q6UB99	343	V	I	I3N9D7
Q6UB99	343	V	I	I3N9D7
Q6UB99	343	V	I	I3N9D7
Q6UB99	375	T	M	I3N9D7
Q6UB99	420	V	M	I3N9D7
Q6UB99	468	R	H	I3N9D7
Q6UB99	477	C	S	I3N9D7
Q6UB99	477	C	S	I3N9D7
Q6UB99	477	C	S	I3N9D7
Q6UB99	526	H	L	I3N9D7
Q6UB99	613	S	C	I3N9D7
Q6UB99	613	S	C	I3N9D7
Q6UB99	615	A	V	I3N9D7
Q6UB99	615	A	G	I3N9D7
Q6UB99	615	A	G	I3N9D7
Q6UB99	615	A	G	I3N9D7
Q6UB99	615	A	G	I3N9D7
Q6UB99	618	A	T	I3N9D7
Q6UB99	618	A	T	I3N9D7
Q6UB99	618	A	T	I3N9D7
Q6UB99	618	A	T	I3N9D7
Q6UB99	676	N	K	I3N9D7
Q6UB99	680	T	S	I3N9D7
Q6UB99	680	T	S	I3N9D7
Q6UB99	680	T	S	I3N9D7
Q6UB99	680	T	S	I3N9D7
Q6UB99	728	I	M	I3N9D7
Q6UB99	728	I	M	I3N9D7
Q6UB99	728	I	M	I3N9D7
Q6UB99	739	S	L	I3N9D7
Q6UB99	739	S	L	I3N9D7
Q6UB99	739	S	L	I3N9D7
Q6UB99	739	S	L	I3N9D7
Q6UB99	747	S	L	I3N9D7
Q6UB99	747	S	L	I3N9D7
Q6UB99	747	S	L	I3N9D7
Q6UB99	747	S	P	I3N9D7
Q6UB99	747	S	L	I3N9D7
Q6UB99	747	S	L	I3N9D7
Q6UB99	772	R	G	I3N9D7
Q6UB99	840	R	Q	I3N9D7
Q6UB99	840	R	Q	I3N9D7
Q6UB99	840	R	Q	I3N9D7
Q6UB99	840	R	Q	I3N9D7
Q6UB99	840	R	Q	I3N9D7
Q6UB99	860	S	L	I3N9D7
Q6UB99	893	R	Q	I3N9D7
Q6UB99	899	D	N	I3N9D7
Q6UB99	899	D	N	I3N9D7
Q6UB99	945	A	T	I3N9D7
Q6UB99	960	E	D	I3N9D7
Q6UB99	964	G	S	I3N9D7
Q6UB99	971	A	V	I3N9D7
Q6UB99	971	A	V	I3N9D7
Q6UB99	971	A	V	I3N9D7
Q6UB99	971	A	V	I3N9D7
Q6UB99	971	A	V	I3N9D7
Q6UB99	996	G	V	I3N9D7
Q6UB99	1033	S	C	I3N9D7
Q6UB99	1033	S	C	I3N9D7
Q6UB99	1052	F	S	I3N9D7
Q6UB99	1066	H	R	I3N9D7
Q6UB99	1066	H	R	I3N9D7
Q6UB99	1094	I	M	I3N9D7
Q6UB99	1094	I	M	I3N9D7
Q6UB99	1094	I	M	I3N9D7
Q6UB99	1094	I	M	I3N9D7
Q6UB99	1134	G	R	I3N9D7
Q6UB99	1136	K	T	I3N9D7
Q6UB99	1136	K	T	I3N9D7
Q6UB99	1142	D	N	I3N9D7
Q6UB99	1142	D	N	I3N9D7
Q6UB99	1144	P	L	I3N9D7
Q6UB99	1144	P	L	I3N9D7
Q6UB99	1144	P	L	I3N9D7
Q6UB99	1144	P	L	I3N9D7
Q6UB99	1146	T	M	I3N9D7
Q6UB99	1146	T	M	I3N9D7
Q6UB99	1146	T	M	I3N9D7
Q6UB99	1146	T	M	I3N9D7
Q6UB99	1156	R	Q	I3N9D7
Q6UB99	1156	R	Q	I3N9D7
Q6UB99	1193	A	V	I3N9D7
Q6UB99	1193	A	V	I3N9D7
Q6UB99	1193	A	V	I3N9D7
Q6UB99	1193	A	V	I3N9D7
Q6UB99	1229	T	M	I3N9D7
Q6UB99	1248	A	V	I3N9D7
Q6UB99	1248	A	V	I3N9D7
Q6UB99	1271	S	L	I3N9D7
Q6UB99	1276	A	T	I3N9D7
Q6UB99	1276	A	T	I3N9D7
Q6UB99	1276	A	T	I3N9D7
Q6UB99	1276	A	T	I3N9D7
Q6UB99	1290	H	R	I3N9D7
Q6UB99	1290	H	R	I3N9D7
Q6UB99	1291	E	G	I3N9D7
Q6UB99	1291	E	G	I3N9D7
Q6UB99	1310	D	E	I3N9D7
Q6UB99	1311	R	Q	I3N9D7
Q6UB99	1311	R	Q	I3N9D7
Q6UB99	1325	F	L	I3N9D7
Q6UB99	1325	F	L	I3N9D7
Q6UB99	1325	F	L	I3N9D7
Q6UB99	1326	T	M	I3N9D7
Q6UB99	1326	T	M	I3N9D7
Q6UB99	1326	T	M	I3N9D7
Q6UB99	1326	T	M	I3N9D7
Q6UB99	1371	A	S	I3N9D7
Q6UB99	1390	G	S	I3N9D7
Q6UB99	1412	I	T	I3N9D7
Q6UB99	1412	I	T	I3N9D7
Q6UB99	1412	I	T	I3N9D7
Q6UB99	1413	E	K	I3N9D7
Q6UB99	1413	E	K	I3N9D7
Q6UB99	1413	E	K	I3N9D7
Q6UB99	1413	E	K	I3N9D7
Q6UB99	1415	E	G	I3N9D7
Q6UB99	1433	S	P	I3N9D7
Q6UB99	1433	S	P	I3N9D7
Q6UB99	1461	K	R	I3N9D7
Q6UB99	1461	K	R	I3N9D7
Q6UB99	1461	K	R	I3N9D7
Q6UB99	1464	K	R	I3N9D7
Q6UB99	1464	K	R	I3N9D7
Q6UB99	1464	K	R	I3N9D7
Q6UB99	1465	H	N	I3N9D7
Q6UB99	1465	H	N	I3N9D7
Q6UB99	1472	E	K	I3N9D7
Q6UB99	1478	D	E	I3N9D7
Q6UB99	1478	D	E	I3N9D7
Q6UB99	1512	R	C	I3N9D7
Q6UB99	1513	V	M	I3N9D7
Q6UB99	1513	V	M	I3N9D7
Q6UB99	1523	P	L	I3N9D7
Q6UB99	1523	P	L	I3N9D7
Q6UB99	1527	D	N	I3N9D7
Q6UB99	1540	K	R	I3N9D7
Q6UB99	1540	K	R	I3N9D7
Q6UB99	1540	K	R	I3N9D7
Q6UB99	1638	P	A	I3N9D7
Q6UB99	1638	P	A	I3N9D7
Q6UB99	1638	P	A	I3N9D7
Q6UB99	1638	P	A	I3N9D7
Q6UB99	1638	P	A	I3N9D7
Q6UB99	1696	D	E	I3N9D7
Q6UB99	1696	D	E	I3N9D7
Q6UB99	1696	D	E	I3N9D7
Q6UB99	1696	D	E	I3N9D7
Q6UB99	1707	T	M	I3N9D7
Q6UB99	1733	A	V	I3N9D7
Q6UB99	1733	A	V	I3N9D7
Q6UB99	1733	A	V	I3N9D7
Q6UB99	1733	A	V	I3N9D7
Q6UB99	1733	A	V	I3N9D7
Q6UB99	1739	C	Y	I3N9D7
Q6UB99	1746	T	K	I3N9D7
Q6UB99	1746	T	M	I3N9D7
Q6UB99	1746	T	M	I3N9D7
Q6UB99	1746	T	M	I3N9D7
Q6UB99	1780	A	T	I3N9D7
Q6UB99	1780	A	T	I3N9D7
Q6UB99	1780	A	T	I3N9D7
Q6UB99	1780	A	T	I3N9D7
Q6UB99	1801	E	K	I3N9D7
Q6UB99	1805	V	I	I3N9D7
Q6UB99	1805	V	I	I3N9D7
Q6UB99	1805	V	I	I3N9D7
Q6UB99	1806	G	R	I3N9D7
Q6UB99	1837	P	S	I3N9D7
Q6UB99	1837	P	S	I3N9D7
Q6UB99	1837	P	S	I3N9D7
Q6UB99	1837	P	S	I3N9D7
Q6UB99	1837	P	S	I3N9D7
Q6UB99	1840	A	T	I3N9D7
Q6UB99	1840	A	T	I3N9D7
Q6UB99	1860	P	S	I3N9D7
Q6UB99	1860	P	S	I3N9D7
Q6UB99	1860	P	S	I3N9D7
Q6UB99	1860	P	S	I3N9D7
Q6UB99	1877	P	S	I3N9D7
Q6UB99	1877	P	S	I3N9D7
Q6UB99	1877	P	S	I3N9D7
Q6UB99	1877	P	S	I3N9D7
Q6UB99	1878	S	P	I3N9D7
Q6UB99	1878	S	P	I3N9D7
Q6UB99	1878	S	P	I3N9D7
Q6UB99	1878	S	P	I3N9D7
Q6UB99	1878	S	P	I3N9D7
Q6UB99	1885	S	N	I3N9D7
Q6UB99	1889	K	E	I3N9D7
Q6UB99	1889	K	E	I3N9D7
Q6UB99	1889	K	E	I3N9D7
Q6UB99	1889	K	E	I3N9D7
Q6UB99	1913	T	N	I3N9D7
Q6UB99	1913	T	N	I3N9D7
Q6UB99	1913	T	N	I3N9D7
Q6UB99	1913	T	N	I3N9D7
Q6UB99	1925	P	T	I3N9D7
Q6UB99	1925	P	T	I3N9D7
Q6UB99	1996	P	L	I3N9D7
Q6UB99	2000	L	F	I3N9D7
Q6UB99	2000	L	F	I3N9D7
Q6UB99	2000	L	F	I3N9D7
Q6UB99	2000	L	F	I3N9D7
Q6UB99	2007	P	L	I3N9D7
Q6UB99	2007	P	L	I3N9D7
Q6UB99	2007	P	L	I3N9D7
Q6UB99	2007	P	L	I3N9D7
Q6UB99	2022	P	L	I3N9D7
Q6UB99	2022	P	L	I3N9D7
Q6UB99	2022	P	L	I3N9D7
Q6UB99	2022	P	L	I3N9D7
Q6UB99	2022	P	L	I3N9D7
Q6UB99	2023	A	P	I3N9D7
Q6UB99	2023	A	P	I3N9D7
Q6UB99	2023	A	P	I3N9D7
Q6UB99	2023	A	P	I3N9D7
Q6UB99	2029	V	I	I3N9D7
Q6UB99	2029	V	I	I3N9D7
Q6UB99	2029	V	I	I3N9D7
Q6UB99	2029	V	I	I3N9D7
Q6UB99	2032	P	L	I3N9D7
Q6UB99	2032	P	L	I3N9D7
Q6UB99	2036	D	N	I3N9D7
Q6UB99	2036	D	N	I3N9D7
Q6UB99	2036	D	N	I3N9D7
Q6UB99	2036	D	N	I3N9D7
Q6UB99	2036	D	N	I3N9D7
Q6UB99	2038	K	T	I3N9D7
Q6UB99	2038	K	E	I3N9D7
Q6UB99	2038	K	E	I3N9D7
Q6UB99	2038	K	E	I3N9D7
Q6UB99	2038	K	E	I3N9D7
Q6UB99	2042	D	G	I3N9D7
Q6UB99	2042	D	G	I3N9D7
Q6UB99	2042	D	G	I3N9D7
Q6UB99	2042	D	G	I3N9D7
Q6UB99	2047	A	G	I3N9D7
Q6UB99	2047	A	G	I3N9D7
Q6UB99	2047	A	G	I3N9D7
Q6UB99	2047	A	G	I3N9D7
Q6UB99	2059	P	H	I3N9D7
Q6UB99	2059	P	H	I3N9D7
Q6UB99	2059	P	H	I3N9D7
Q6UB99	2059	P	H	I3N9D7
Q6UB99	2065	F	L	I3N9D7
Q6UB99	2065	F	L	I3N9D7
Q6UB99	2073	P	L	I3N9D7
Q6UB99	2074	E	A	I3N9D7
Q6UB99	2074	E	A	I3N9D7
Q6UB99	2074	E	A	I3N9D7
Q6UB99	2074	E	A	I3N9D7
Q6UB99	2085	C	S	I3N9D7
Q6UB99	2088	A	T	I3N9D7
Q6UB99	2095	L	V	I3N9D7
Q6UB99	2095	L	V	I3N9D7
Q6UB99	2108	G	D	I3N9D7
Q6UB99	2108	G	D	I3N9D7
Q6UB99	2108	G	D	I3N9D7
Q6UB99	2108	G	D	I3N9D7
Q6UB99	2108	G	D	I3N9D7
Q6UB99	2121	A	V	I3N9D7
Q6UB99	2121	A	V	I3N9D7
Q6UB99	2145	T	I	I3N9D7
Q6UB99	2166	M	R	I3N9D7
Q6UB99	2166	M	R	I3N9D7
Q6UB99	2166	M	R	I3N9D7
Q6UB99	2166	M	R	I3N9D7
Q6UB99	2187	P	L	I3N9D7
Q6UB99	2187	P	L	I3N9D7
Q6UB99	2208	S	A	I3N9D7
Q6UB99	2210	E	Q	I3N9D7
Q6UB99	2210	E	Q	I3N9D7
Q6UB99	2233	G	E	I3N9D7
Q6UB99	2233	G	E	I3N9D7
Q6UB99	2233	G	E	I3N9D7
Q6UB99	2233	G	E	I3N9D7
Q6UB99	2238	S	G	I3N9D7
Q6UB99	2238	S	G	I3N9D7
Q6UB99	2238	S	G	I3N9D7
Q6UB99	2238	S	G	I3N9D7
Q6UB99	2242	A	V	I3N9D7
Q6UB99	2242	A	V	I3N9D7
Q6UB99	2242	A	V	I3N9D7
Q6UB99	2242	A	V	I3N9D7
Q6UB99	2244	V	I	I3N9D7
Q6UB99	2244	V	I	I3N9D7
Q6UB99	2244	V	I	I3N9D7
Q6UB99	2244	V	I	I3N9D7
Q6UB99	2249	R	C	I3N9D7
Q6UB99	2249	R	H	I3N9D7
Q6UB99	2249	R	C	I3N9D7
Q6UB99	2249	R	C	I3N9D7
Q6UB99	2249	R	C	I3N9D7
Q6UB99	2249	R	H	I3N9D7
Q6UB99	2249	R	C	I3N9D7
Q6UB99	2249	R	H	I3N9D7
Q6UB99	2249	R	H	I3N9D7
Q6UB99	2254	G	R	I3N9D7
Q6UB99	2254	G	R	I3N9D7
Q6UB99	2261	E	K	I3N9D7
Q6UB99	2261	E	K	I3N9D7
Q6UB99	2261	E	K	I3N9D7
Q6UB99	2261	E	K	I3N9D7
Q6UB99	2263	P	S	I3N9D7
Q6UB99	2263	P	S	I3N9D7
Q6UB99	2263	P	S	I3N9D7
Q6UB99	2263	P	S	I3N9D7
Q6UB99	2263	P	S	I3N9D7
Q6UB99	2264	P	L	I3N9D7
Q6UB99	2266	A	V	I3N9D7
Q6UB99	2266	A	V	I3N9D7
Q6UB99	2266	A	V	I3N9D7
Q6UB99	2266	A	V	I3N9D7
Q6UB99	2266	A	V	I3N9D7
Q6UB99	2276	P	L	I3N9D7
Q6UB99	2276	P	S	I3N9D7
Q6UB99	2276	P	L	I3N9D7
Q6UB99	2276	P	S	I3N9D7
Q6UB99	2276	P	L	I3N9D7
Q6UB99	2276	P	S	I3N9D7
Q6UB99	2276	P	S	I3N9D7
Q6UB99	2276	P	L	I3N9D7
Q6UB99	2290	P	S	I3N9D7
Q6UB99	2290	P	S	I3N9D7
Q6UB99	2290	P	S	I3N9D7
Q6UB99	2290	P	S	I3N9D7
Q6UB99	2299	A	V	I3N9D7
Q6UB99	2300	A	V	I3N9D7
Q6UB99	2304	E	K	I3N9D7
Q6UB99	2325	K	R	I3N9D7
Q6UB99	2326	A	G	I3N9D7
Q6UB99	2326	A	V	I3N9D7
Q6UB99	2326	A	G	I3N9D7
Q6UB99	2354	P	H	I3N9D7
Q6UB99	2364	A	T	I3N9D7
Q6UB99	2364	A	T	I3N9D7
Q6UB99	2376	D	E	I3N9D7
Q6UB99	2376	D	E	I3N9D7
Q6UB99	2376	D	E	I3N9D7
Q6UB99	2376	D	E	I3N9D7
Q6UB99	2507	Q	K	I3N9D7
Q6UB99	2507	Q	K	I3N9D7
Q6UB99	2507	Q	K	I3N9D7
Q6UB99	2601	M	L	I3N9D7
Q6UB99	2601	M	L	I3N9D7
Q6UB99	2601	M	L	I3N9D7
Q6UW56	5	D	G	H9FVG6
Q6UW56	161	D	H	H9FVG6
Q6UW56	209	A	S	H9FVG6
Q6UW60	21	P	S	A0A2K6B4W1
Q6UW60	90	R	H	A0A2K6B4W1
Q6UW60	267	T	M	A0A2K6B4W1
Q6UW60	456	A	V	A0A2K6B4W1
Q6UW60	641	T	A	A0A2K6B4W1
Q6UW60	703	H	Y	A0A2K6B4W1
Q6UW78	69	T	I	A0A212DG39
Q6UW78	69	T	I	A0A212DG39
Q6UW78	76	W	G	A0A212DG39
Q6UW78	76	W	G	A0A212DG39
Q6UW78	76	W	G	A0A212DG39
Q6UW78	84	G	R	A0A212DG39
Q6UW78	84	G	R	A0A212DG39
Q6UW78	84	G	R	A0A212DG39
Q6UW78	86	G	S	A0A212DG39
Q6UW78	86	G	S	A0A212DG39
Q6UW78	89	G	S	A0A212DG39
Q6UW78	89	G	S	A0A212DG39
Q6UW78	89	G	S	A0A212DG39
Q6UW78	89	G	S	A0A212DG39
Q6UW78	69	T	I	A0A212DG39
Q6UW78	69	T	I	A0A212DG39
Q6UW78	76	W	G	A0A212DG39
Q6UW78	76	W	G	A0A212DG39
Q6UW78	76	W	G	A0A212DG39
Q6UW78	84	G	R	A0A212DG39
Q6UW78	84	G	R	A0A212DG39
Q6UW78	84	G	R	A0A212DG39
Q6UW78	86	G	S	A0A212DG39
Q6UW78	86	G	S	A0A212DG39
Q6UW78	89	G	S	A0A212DG39
Q6UW78	89	G	S	A0A212DG39
Q6UW78	89	G	S	A0A212DG39
Q6UW78	89	G	S	A0A212DG39
Q6UWL6	19	R	S	A0A2U3VNH4
Q6UWL6	170	A	T	A0A2U3VNH4
Q6UWL6	205	R	Q	A0A2U3VNH4
Q6UWL6	205	R	Q	A0A2U3VNH4
Q6UWL6	353	V	M	A0A2U3VNH4
Q6UWL6	556	S	N	A0A2U3VNH4
Q6UWP8	172	Q	K	A0A2K5LX46
Q6UWP8	179	G	A	A0A2K5LX46
Q6UWP8	228	I	V	A0A2K5LX46
Q6UWP8	250	A	V	A0A2K5LX46
Q6UWP8	285	T	A	A0A2K5LX46
Q6UWP8	419	A	G	A0A2K5LX46
Q6UWP8	529	N	S	A0A2K5LX46
Q6UX06	36	S	P	A0A093PKB5
Q6UX06	506	L	M	A0A093PKB5
Q6UX41	143	T	A	F7GSG8
Q6UX41	229	E	K	F7GSG8
Q6UX41	299	P	L	F7GSG8
Q6UX41	311	H	Q	F7GSG8
Q6UX41	311	H	D	F7GSG8
Q6UX41	326	T	K	F7GSG8
Q6UX41	477	A	T	F7GSG8
Q6UXE8	11	F	L	F7GSG8
Q6UXE8	11	F	L	F7GSG8
Q6UXE8	130	R	W	F7GSG8
Q6UXE8	130	R	W	F7GSG8
Q6UXE8	203	S	T	F7GSG8
Q6UXE8	203	S	T	F7GSG8
Q6UXE8	365	G	W	F7GSG8
Q6UXE8	397	S	R	F7GSG8
Q6UXE8	399	P	A	F7GSG8
Q6UXE8	426	Q	E	F7GSG8
Q6UXH0	5	A	T	A0A1U7SXI1
Q6UXH0	59	R	W	A0A1U7SXI1
Q6UXH0	5	A	T	A0A1U7SXI1
Q6UXH0	59	R	W	A0A1U7SXI1
Q6UXK2	137	S	F	G3PY59
Q6UXK2	137	S	F	G3PY59
Q6UXK2	137	S	F	G3PY59
Q6UXK2	137	S	F	G3PY59
Q6UXK2	137	S	F	G3PY59
Q6UXM1	378	M	V	G1T9T3
Q6UXM1	378	M	V	G1T9T3
Q6UXM1	898	S	R	G1T9T3
Q6UXM1	898	S	R	G1T9T3
Q6XZB0	118	T	A	A0A1V4J2X0
Q6XZB0	174	G	D	A0A1V4J2X0
Q6XZB0	276	R	L	A0A1V4J2X0
Q6XZB0	286	C	R	A0A1V4J2X0
Q6XZB0	286	C	R	A0A1V4J2X0
Q6XZB0	364	G	E	A0A1V4J2X0
Q6XZB0	431	E	K	A0A1V4J2X0
Q6XZB0	444	D	E	A0A1V4J2X0
Q6ZMI0	402	I	V	A0A2K6T4L8
Q6ZMI0	402	I	V	A0A2K6T4L8
Q6ZMI0	500	Y	C	A0A2K6T4L8
Q6ZMI0	500	Y	C	A0A2K6T4L8
Q6ZMI0	560	G	V	A0A2K6T4L8
Q6ZMI0	560	G	V	A0A2K6T4L8
Q6ZMJ4	16	G	A	A0A2Y9E7F5
Q6ZMJ4	16	G	A	A0A2Y9E7F5
Q6ZMJ4	123	E	Q	A0A2Y9E7F5
Q6ZMJ4	195	S	T	A0A2Y9E7F5
Q6ZMJ4	16	G	A	A0A2Y9E7F5
Q6ZMJ4	16	G	A	A0A2Y9E7F5
Q6ZMJ4	123	E	Q	A0A2Y9E7F5
Q6ZMJ4	195	S	T	A0A2Y9E7F5
Q6ZMU5	192	R	C	G3VHF8
Q6ZMU5	192	R	C	G3VHF8
Q6ZMY6	171	A	G	A0A2Y9DBY9
Q6ZMY6	310	C	R	A0A2Y9DBY9
Q6ZMY6	429	T	N	A0A2Y9DBY9
Q6ZN16	192	A	T	H2SSQ5
Q6ZN16	199	S	N	H2SSQ5
Q6ZN16	199	S	N	H2SSQ5
Q6ZN16	455	V	I	H2SSQ5
Q6ZN16	455	V	I	H2SSQ5
Q6ZN16	786	G	R	H2SSQ5
Q6ZN16	935	P	S	H2SSQ5
Q6ZN16	935	P	S	H2SSQ5
Q6ZN16	993	S	L	H2SSQ5
Q6ZN16	1232	P	A	H2SSQ5
Q6ZN16	1232	P	A	H2SSQ5
Q6ZN16	1251	Q	E	H2SSQ5
Q6ZN16	1251	Q	E	H2SSQ5
Q6ZN16	1251	Q	E	H2SSQ5
Q6ZN28	31	L	V	V8N9W5
Q6ZN28	50	P	L	V8N9W5
Q6ZN28	151	A	V	V8N9W5
Q6ZN28	515	S	L	V8N9W5
Q6ZN28	804	R	T	V8N9W5
Q6ZN28	31	L	V	V8N9W5
Q6ZN28	50	P	L	V8N9W5
Q6ZN28	151	A	V	V8N9W5
Q6ZN28	515	S	L	V8N9W5
Q6ZN28	804	R	T	V8N9W5
Q6ZN28	31	L	V	V8N9W5
Q6ZN28	50	P	L	V8N9W5
Q6ZN28	151	A	V	V8N9W5
Q6ZN28	515	S	L	V8N9W5
Q6ZN28	804	R	T	V8N9W5
Q6ZNB7	8	Q	E	M3YRG9
Q6ZNB7	8	Q	E	M3YRG9
Q6ZNB7	9	D	V	M3YRG9
Q6ZNB7	9	D	V	M3YRG9
Q6ZNB7	31	Q	R	M3YRG9
Q6ZNB7	31	Q	R	M3YRG9
Q6ZNB7	200	I	F	M3YRG9
Q6ZNB7	279	F	L	M3YRG9
Q6ZNB7	280	S	Y	M3YRG9
Q6ZNB7	337	I	M	M3YRG9
Q6ZNB7	405	R	Q	M3YRG9
Q6ZR37	29	K	R	A0A151LYU8
Q6ZR37	29	K	R	A0A151LYU8
Q6ZR37	163	L	Q	A0A151LYU8
Q6ZR37	282	D	A	A0A151LYU8
Q6ZR37	411	D	G	A0A151LYU8
Q6ZR37	524	M	T	A0A151LYU8
Q6ZRQ5	564	T	M	A0A091DY43
Q6ZRQ5	875	V	A	A0A091DY43
Q6ZRQ5	1015	P	L	A0A091DY43
Q6ZRQ5	1152	P	L	A0A091DY43
Q6ZRQ5	564	T	M	A0A091DY43
Q6ZRQ5	875	V	A	A0A091DY43
Q6ZRQ5	1015	P	L	A0A091DY43
Q6ZRQ5	1152	P	L	A0A091DY43
Q6ZRV2	201	Q	H	A0A2G9SLH4
Q6ZRV2	429	V	L	A0A2G9SLH4
Q6ZRV2	437	H	Y	A0A2G9SLH4
Q6ZRV2	484	A	T	A0A2G9SLH4
Q6ZRV2	484	A	T	A0A2G9SLH4
Q6ZRV2	498	P	L	A0A2G9SLH4
Q6ZRV2	498	P	L	A0A2G9SLH4
Q6ZRV2	498	P	L	A0A2G9SLH4
Q6ZRV2	498	P	L	A0A2G9SLH4
Q6ZRV2	535	E	D	A0A2G9SLH4
Q6ZRV2	535	E	D	A0A2G9SLH4
Q6ZRV2	615	A	P	A0A2G9SLH4
Q6ZRV2	615	A	P	A0A2G9SLH4
Q6ZRV2	637	P	L	A0A2G9SLH4
Q6ZRV2	637	P	L	A0A2G9SLH4
Q6ZRV2	637	P	L	A0A2G9SLH4
Q6ZRV2	694	E	V	A0A2G9SLH4
Q6ZRV2	694	E	V	A0A2G9SLH4
Q6ZRV2	720	G	R	A0A2G9SLH4
Q6ZRV2	720	G	R	A0A2G9SLH4
Q6ZRV2	746	R	C	A0A2G9SLH4
Q6ZRV2	746	R	C	A0A2G9SLH4
Q6ZRV2	788	S	N	A0A2G9SLH4
Q6ZRV2	830	R	H	A0A2G9SLH4
Q6ZRV2	830	R	H	A0A2G9SLH4
Q6ZRV2	893	P	Q	A0A2G9SLH4
Q6ZRV2	893	P	Q	A0A2G9SLH4
Q6ZRV2	902	G	E	A0A2G9SLH4
Q6ZRV2	1020	R	Q	A0A2G9SLH4
Q6ZRV2	1020	R	Q	A0A2G9SLH4
Q6ZRV2	1020	R	Q	A0A2G9SLH4
Q6ZRV2	1113	A	V	A0A2G9SLH4
Q6ZRV2	1113	A	V	A0A2G9SLH4
Q6ZRV2	437	H	Y	A0A2G9SLH4
Q6ZRV2	484	A	T	A0A2G9SLH4
Q6ZRV2	484	A	T	A0A2G9SLH4
Q6ZRV2	498	P	L	A0A2G9SLH4
Q6ZRV2	498	P	L	A0A2G9SLH4
Q6ZRV2	498	P	L	A0A2G9SLH4
Q6ZRV2	498	P	L	A0A2G9SLH4
Q6ZRV2	535	E	D	A0A2G9SLH4
Q6ZRV2	535	E	D	A0A2G9SLH4
Q6ZRV2	615	A	P	A0A2G9SLH4
Q6ZRV2	615	A	P	A0A2G9SLH4
Q6ZRV2	637	P	L	A0A2G9SLH4
Q6ZRV2	637	P	L	A0A2G9SLH4
Q6ZRV2	637	P	L	A0A2G9SLH4
Q6ZRV2	694	E	V	A0A2G9SLH4
Q6ZRV2	694	E	V	A0A2G9SLH4
Q6ZRV2	720	G	R	A0A2G9SLH4
Q6ZRV2	720	G	R	A0A2G9SLH4
Q6ZRV2	746	R	C	A0A2G9SLH4
Q6ZRV2	746	R	C	A0A2G9SLH4
Q6ZRV2	788	S	N	A0A2G9SLH4
Q6ZRV2	830	R	H	A0A2G9SLH4
Q6ZRV2	830	R	H	A0A2G9SLH4
Q6ZRV2	893	P	Q	A0A2G9SLH4
Q6ZRV2	893	P	Q	A0A2G9SLH4
Q6ZRV2	902	G	E	A0A2G9SLH4
Q6ZRV2	1020	R	Q	A0A2G9SLH4
Q6ZRV2	1020	R	Q	A0A2G9SLH4
Q6ZRV2	1020	R	Q	A0A2G9SLH4
Q6ZRV2	1113	A	V	A0A2G9SLH4
Q6ZRV2	1113	A	V	A0A2G9SLH4
Q6ZSM3	17	W	G	F7ADU8
Q6ZSM3	17	W	G	F7ADU8
Q6ZSM3	406	S	C	F7ADU8
Q6ZTI6	131	V	I	A0A250YCH8
Q6ZTQ4	55	V	M	A0A2K5JUR1
Q6ZTQ4	61	Q	H	A0A2K5JUR1
Q6ZTQ4	529	C	Y	A0A2K5JUR1
Q6ZTQ4	532	T	S	A0A2K5JUR1
Q6ZTQ4	603	R	C	A0A2K5JUR1
Q6ZTQ4	603	R	C	A0A2K5JUR1
Q6ZTQ4	732	V	I	A0A2K5JUR1
Q6ZTQ4	732	V	I	A0A2K5JUR1
Q6ZU15	2	A	T	H3C5A2
Q6ZU15	2	A	T	H3C5A2
Q6ZU15	4	R	G	H3C5A2
Q6ZU15	4	R	G	H3C5A2
Q6ZU15	140	L	I	H3C5A2
Q6ZU15	140	L	I	H3C5A2
Q6ZU15	203	D	G	H3C5A2
Q6ZU64	66	M	L	A0A1S3JQ72
Q6ZU64	342	A	S	A0A1S3JQ72
Q6ZU64	653	V	I	A0A1S3JQ72
Q6ZU64	653	V	I	A0A1S3JQ72
Q6ZU64	672	V	I	A0A1S3JQ72
Q6ZU64	760	R	Q	A0A1S3JQ72
Q6ZU64	760	R	Q	A0A1S3JQ72
Q6ZU64	806	K	M	A0A1S3JQ72
Q6ZU64	1205	L	F	A0A1S3JQ72
Q6ZU64	1545	R	Q	A0A1S3JQ72
Q6ZU64	1545	R	Q	A0A1S3JQ72
Q6ZU64	1656	S	P	A0A1S3JQ72
Q6ZU64	1656	S	P	A0A1S3JQ72
Q6ZU64	1729	P	R	A0A1S3JQ72
Q6ZU64	1729	P	R	A0A1S3JQ72
Q6ZU64	1858	N	S	A0A1S3JQ72
Q6ZU64	66	M	L	A0A1S3JQ72
Q6ZU64	342	A	S	A0A1S3JQ72
Q6ZU64	653	V	I	A0A1S3JQ72
Q6ZU64	653	V	I	A0A1S3JQ72
Q6ZU64	672	V	I	A0A1S3JQ72
Q6ZU64	760	R	Q	A0A1S3JQ72
Q6ZU64	760	R	Q	A0A1S3JQ72
Q6ZU64	806	K	M	A0A1S3JQ72
Q6ZU64	1205	L	F	A0A1S3JQ72
Q6ZU64	1545	R	Q	A0A1S3JQ72
Q6ZU64	1545	R	Q	A0A1S3JQ72
Q6ZU64	1656	S	P	A0A1S3JQ72
Q6ZU64	1656	S	P	A0A1S3JQ72
Q6ZU64	1729	P	R	A0A1S3JQ72
Q6ZU64	1729	P	R	A0A1S3JQ72
Q6ZU64	1858	N	S	A0A1S3JQ72
Q6ZV65	263	K	Q	A0A2Y9RG86
Q6ZV65	273	E	K	A0A2Y9RG86
Q6ZV65	366	T	M	A0A2Y9RG86
Q6ZV65	381	R	C	A0A2Y9RG86
Q6ZW61	119	G	S	F7E5E6
Q6ZW61	119	G	S	F7E5E6
Q6ZW61	126	E	D	F7E5E6
Q6ZW61	126	E	D	F7E5E6
Q6ZW61	126	E	D	F7E5E6
Q6ZW61	126	E	D	F7E5E6
Q6ZW61	126	E	D	F7E5E6
Q6ZW61	194	L	I	F7E5E6
Q6ZW61	194	L	I	F7E5E6
Q6ZW61	368	R	H	F7E5E6
Q6ZW61	368	R	H	F7E5E6
Q6ZW61	368	R	H	F7E5E6
Q6ZW61	368	R	H	F7E5E6
Q6ZW61	368	R	H	F7E5E6
Q6ZW61	386	R	Q	F7E5E6
Q6ZW61	386	R	Q	F7E5E6
Q6ZW61	386	R	Q	F7E5E6
Q6ZW61	386	R	Q	F7E5E6
Q6ZW61	386	R	Q	F7E5E6
Q6ZW61	386	R	Q	F7E5E6
Q6ZW61	403	V	M	F7E5E6
Q6ZW61	403	V	M	F7E5E6
Q6ZW61	403	V	M	F7E5E6
Q6ZW61	429	S	T	F7E5E6
Q6ZW61	429	S	T	F7E5E6
Q6ZW61	429	S	T	F7E5E6
Q6ZW61	429	S	T	F7E5E6
Q6ZW61	429	S	T	F7E5E6
Q6ZW61	429	S	T	F7E5E6
Q6ZW61	461	N	H	F7E5E6
Q6ZW61	461	N	H	F7E5E6
Q6ZW61	461	N	H	F7E5E6
Q6ZW61	461	N	H	F7E5E6
Q6ZW61	461	N	H	F7E5E6
Q6ZW61	461	N	H	F7E5E6
Q6ZW61	467	D	N	F7E5E6
Q6ZW61	467	D	N	F7E5E6
Q6ZW61	467	D	N	F7E5E6
Q6ZW61	467	D	N	F7E5E6
Q6ZW61	467	D	N	F7E5E6
Q6ZW61	467	D	N	F7E5E6
Q6ZW61	484	R	K	F7E5E6
Q6ZW61	484	R	K	F7E5E6
Q6ZW61	484	R	K	F7E5E6
Q6ZW61	484	R	K	F7E5E6
Q6ZW61	484	R	K	F7E5E6
Q6ZW61	616	S	N	F7E5E6
Q6ZW61	616	S	N	F7E5E6
Q6ZW61	616	S	N	F7E5E6
Q6ZW61	616	S	N	F7E5E6
Q6ZW61	616	S	N	F7E5E6
Q6ZW61	616	S	N	F7E5E6
Q6ZW61	119	G	S	F7E5E6
Q6ZW61	119	G	S	F7E5E6
Q6ZW61	126	E	D	F7E5E6
Q6ZW61	126	E	D	F7E5E6
Q6ZW61	126	E	D	F7E5E6
Q6ZW61	126	E	D	F7E5E6
Q6ZW61	126	E	D	F7E5E6
Q6ZW61	194	L	I	F7E5E6
Q6ZW61	194	L	I	F7E5E6
Q6ZW61	368	R	H	F7E5E6
Q6ZW61	368	R	H	F7E5E6
Q6ZW61	368	R	H	F7E5E6
Q6ZW61	368	R	H	F7E5E6
Q6ZW61	368	R	H	F7E5E6
Q6ZW61	386	R	Q	F7E5E6
Q6ZW61	386	R	Q	F7E5E6
Q6ZW61	386	R	Q	F7E5E6
Q6ZW61	386	R	Q	F7E5E6
Q6ZW61	386	R	Q	F7E5E6
Q6ZW61	386	R	Q	F7E5E6
Q6ZW61	403	V	M	F7E5E6
Q6ZW61	403	V	M	F7E5E6
Q6ZW61	403	V	M	F7E5E6
Q6ZW61	429	S	T	F7E5E6
Q6ZW61	429	S	T	F7E5E6
Q6ZW61	429	S	T	F7E5E6
Q6ZW61	429	S	T	F7E5E6
Q6ZW61	429	S	T	F7E5E6
Q6ZW61	429	S	T	F7E5E6
Q6ZW61	461	N	H	F7E5E6
Q6ZW61	461	N	H	F7E5E6
Q6ZW61	461	N	H	F7E5E6
Q6ZW61	461	N	H	F7E5E6
Q6ZW61	461	N	H	F7E5E6
Q6ZW61	461	N	H	F7E5E6
Q6ZW61	467	D	N	F7E5E6
Q6ZW61	467	D	N	F7E5E6
Q6ZW61	467	D	N	F7E5E6
Q6ZW61	467	D	N	F7E5E6
Q6ZW61	467	D	N	F7E5E6
Q6ZW61	467	D	N	F7E5E6
Q6ZW61	484	R	K	F7E5E6
Q6ZW61	484	R	K	F7E5E6
Q6ZW61	484	R	K	F7E5E6
Q6ZW61	484	R	K	F7E5E6
Q6ZW61	484	R	K	F7E5E6
Q6ZW61	616	S	N	F7E5E6
Q6ZW61	616	S	N	F7E5E6
Q6ZW61	616	S	N	F7E5E6
Q6ZW61	616	S	N	F7E5E6
Q6ZW61	616	S	N	F7E5E6
Q6ZW61	616	S	N	F7E5E6
Q6ZW76	25	G	E	F6QU63
Q6ZW76	25	G	E	F6QU63
Q6ZW76	168	C	G	F6QU63
Q6ZW76	168	C	G	F6QU63
Q6ZW76	215	M	R	F6QU63
Q6ZW76	286	R	W	F6QU63
Q6ZW76	404	A	T	F6QU63
Q6ZW76	593	A	T	F6QU63
Q6ZW76	25	G	E	F6QU63
Q6ZW76	25	G	E	F6QU63
Q6ZW76	168	C	G	F6QU63
Q6ZW76	168	C	G	F6QU63
Q6ZW76	215	M	R	F6QU63
Q6ZW76	286	R	W	F6QU63
Q6ZW76	404	A	T	F6QU63
Q6ZW76	593	A	T	F6QU63
Q6ZWJ1	92	G	R	G1P945
Q6ZWJ1	120	C	R	G1P945
Q6ZWL3	15	L	P	A0A2Y9NBX2
Q6ZWL3	15	L	P	A0A2Y9NBX2
Q6ZWL3	22	L	V	A0A2Y9NBX2
Q6ZWL3	22	L	V	A0A2Y9NBX2
Q6ZWL3	22	L	V	A0A2Y9NBX2
Q6ZWL3	22	L	V	A0A2Y9NBX2
Q6ZWL3	22	L	V	A0A2Y9NBX2
Q6ZWL3	213	S	N	A0A2Y9NBX2
Q6ZWL3	213	S	N	A0A2Y9NBX2
Q6ZWL3	213	S	N	A0A2Y9NBX2
Q6ZWL3	213	S	N	A0A2Y9NBX2
Q6ZWL3	259	Q	K	A0A2Y9NBX2
Q6ZWL3	259	Q	K	A0A2Y9NBX2
Q6ZWL3	259	Q	K	A0A2Y9NBX2
Q6ZWL3	259	Q	K	A0A2Y9NBX2
Q6ZWL3	259	Q	K	A0A2Y9NBX2
Q6ZWL3	275	E	K	A0A2Y9NBX2
Q6ZWL3	275	E	K	A0A2Y9NBX2
Q6ZWL3	275	E	K	A0A2Y9NBX2
Q6ZWL3	275	E	K	A0A2Y9NBX2
Q6ZWL3	275	E	K	A0A2Y9NBX2
Q6ZWL3	372	V	I	A0A2Y9NBX2
Q6ZWL3	372	V	I	A0A2Y9NBX2
Q70SY1	130	V	I	A0A093FYD8
Q70Z53	16	R	H	H2LKE3
Q70Z53	78	T	R	H2LKE3
Q70Z53	251	S	F	H2LKE3
Q70Z53	283	S	R	H2LKE3
Q75V66	202	E	K	G1SCV2
Q75V66	202	E	K	G1SCV2
Q75V66	202	E	K	G1SCV2
Q75V66	206	T	A	G1SCV2
Q75V66	206	T	A	G1SCV2
Q75V66	244	N	S	G1SCV2
Q75V66	267	T	S	G1SCV2
Q75V66	267	T	S	G1SCV2
Q75V66	267	T	S	G1SCV2
Q75V66	322	L	F	G1SCV2
Q75V66	322	L	F	G1SCV2
Q75V66	322	L	F	G1SCV2
Q75V66	322	L	F	G1SCV2
Q75V66	322	L	F	G1SCV2
Q75V66	322	L	F	G1SCV2
Q75V66	322	L	F	G1SCV2
Q75V66	322	L	F	G1SCV2
Q75V66	322	L	F	G1SCV2
Q75V66	322	L	F	G1SCV2
Q75V66	454	T	M	G1SCV2
Q75V66	785	L	R	G1SCV2
Q75V66	785	L	R	G1SCV2
Q75V66	785	L	R	G1SCV2
Q75V66	785	L	R	G1SCV2
Q75V66	785	L	R	G1SCV2
Q75V66	785	L	R	G1SCV2
Q75V66	785	L	R	G1SCV2
Q75V66	796	S	L	G1SCV2
Q75V66	796	S	L	G1SCV2
Q75V66	796	S	L	G1SCV2
Q75V66	882	N	K	G1SCV2
Q75V66	882	N	K	G1SCV2
Q75V66	882	N	K	G1SCV2
Q76EJ3	102	V	F	V4A0B0
Q76KX8	57	T	N	A0A2K5MGU9
Q76KX8	76	I	V	A0A2K5MGU9
Q76KX8	90	T	A	A0A2K5MGU9
Q76KX8	153	F	S	A0A2K5MGU9
Q76KX8	208	H	Y	A0A2K5MGU9
Q76KX8	276	G	E	A0A2K5MGU9
Q76KX8	302	E	A	A0A2K5MGU9
Q76KX8	578	H	Y	A0A2K5MGU9
Q76KX8	608	C	G	A0A2K5MGU9
Q7L1V2	20	D	Y	I3NAH9
Q7L2R6	5	Q	E	H9KXD2
Q7L2R6	78	E	G	H9KXD2
Q7L2R6	389	S	G	H9KXD2
Q7L4E1	100	V	A	A0A1S3WGQ2
Q7L4E1	100	V	A	A0A1S3WGQ2
Q7L592	7	S	T	S9Y8W4
Q7L592	7	S	T	S9Y8W4
Q7L592	8	G	D	S9Y8W4
Q7L592	8	G	D	S9Y8W4
Q7L592	17	R	H	S9Y8W4
Q7L592	17	R	H	S9Y8W4
Q7L592	17	R	H	S9Y8W4
Q7L592	39	P	A	S9Y8W4
Q7L592	39	P	A	S9Y8W4
Q7L592	39	P	A	S9Y8W4
Q7L592	197	S	Y	S9Y8W4
Q7L592	264	Q	K	S9Y8W4
Q7L592	264	Q	K	S9Y8W4
Q7L592	264	Q	K	S9Y8W4
Q7L7V1	6	L	V	A0A0D9QNZ7
Q7L7V1	16	R	C	A0A0D9QNZ7
Q7L7V1	36	E	D	A0A0D9QNZ7
Q7L7V1	112	G	S	A0A0D9QNZ7
Q7L7V1	301	D	A	A0A0D9QNZ7
Q7L7V1	301	D	A	A0A0D9QNZ7
Q7L7V1	529	A	P	A0A0D9QNZ7
Q7L7V1	529	A	P	A0A0D9QNZ7
Q7RTR0	42	I	M	F6WD23
Q7RTR0	588	C	R	F6WD23
Q7RTR0	588	C	R	F6WD23
Q7RTR0	774	E	K	F6WD23
Q7RTR0	774	E	K	F6WD23
Q7RTR0	822	A	V	F6WD23
Q7RTR0	822	A	V	F6WD23
Q7RTR0	899	R	C	F6WD23
Q7RTR0	899	R	C	F6WD23
Q7RTV2	55	V	I	A0A2P4T471
Q7RTX7	50	H	R	A0A2Y9K9Z0
Q7RTX7	77	Q	R	A0A2Y9K9Z0
Q7RTX7	124	L	F	A0A2Y9K9Z0
Q7RTX7	293	I	V	A0A2Y9K9Z0
Q7RTX7	436	D	N	A0A2Y9K9Z0
Q7Z2G1	38	R	C	E2RH15
Q7Z2G1	59	R	W	E2RH15
Q7Z2G1	59	R	W	E2RH15
Q7Z2G1	59	R	W	E2RH15
Q7Z2G1	95	H	R	E2RH15
Q7Z2G1	95	H	R	E2RH15
Q7Z2G1	95	H	R	E2RH15
Q7Z2W9	25	S	L	H2NCK6
Q7Z2Y5	358	V	M	S7PNP0
Q7Z2Y5	438	R	Q	S7PNP0
Q7Z2Y5	438	R	Q	S7PNP0
Q7Z2Y5	727	R	H	S7PNP0
Q7Z2Y5	789	P	S	S7PNP0
Q7Z2Y5	789	P	S	S7PNP0
Q7Z2Y5	993	A	E	S7PNP0
Q7Z2Y5	1131	N	S	S7PNP0
Q7Z2Y5	1131	N	S	S7PNP0
Q7Z2Y5	1385	V	A	S7PNP0
Q7Z2Y5	1385	V	A	S7PNP0
Q7Z2Z1	287	R	C	U3J6J4
Q7Z2Z1	301	R	Q	U3J6J4
Q7Z2Z1	301	R	Q	U3J6J4
Q7Z2Z1	402	R	W	U3J6J4
Q7Z2Z1	1885	R	C	U3J6J4
Q7Z2Z1	1885	R	C	U3J6J4
Q7Z2Z1	747	V	A	U3J6J4
Q7Z2Z1	923	S	C	U3J6J4
Q7Z2Z1	923	S	C	U3J6J4
Q7Z2Z1	1200	G	S	U3J6J4
Q7Z2Z1	1200	G	S	U3J6J4
Q7Z2Z1	1373	V	I	U3J6J4
Q7Z2Z1	1523	R	C	U3J6J4
Q7Z2Z1	1718	S	T	U3J6J4
Q7Z2Z1	1885	R	C	U3J6J4
Q7Z340	4	P	R	A0A2Y9MFH9
Q7Z340	218	N	S	A0A2Y9MFH9
Q7Z340	550	R	W	A0A2Y9MFH9
Q7Z3E5	4	I	V	A0A2T7PPE1
Q7Z3E5	4	I	V	A0A2T7PPE1
Q7Z3E5	170	S	A	A0A2T7PPE1
Q7Z3E5	180	I	E	A0A2T7PPE1
Q7Z3E5	180	I	V	A0A2T7PPE1
Q7Z3E5	180	I	V	A0A2T7PPE1
Q7Z3E5	180	I	V	A0A2T7PPE1
Q7Z3E5	180	I	K	A0A2T7PPE1
Q7Z3E5	198	I	M	A0A2T7PPE1
Q7Z3E5	200	K	R	A0A2T7PPE1
Q7Z3E5	209	I	T	A0A2T7PPE1
Q7Z3E5	209	I	T	A0A2T7PPE1
Q7Z3E5	222	R	H	A0A2T7PPE1
Q7Z3E5	222	R	H	A0A2T7PPE1
Q7Z3E5	383	T	M	A0A2T7PPE1
Q7Z3E5	385	D	N	A0A2T7PPE1
Q7Z3E5	475	T	M	A0A2T7PPE1
Q7Z3E5	475	T	M	A0A2T7PPE1
Q7Z3E5	497	A	V	A0A2T7PPE1
Q7Z3E5	497	A	V	A0A2T7PPE1
Q7Z3E5	549	R	C	A0A2T7PPE1
Q7Z3E5	636	R	W	A0A2T7PPE1
Q7Z3E5	636	R	W	A0A2T7PPE1
Q7Z3E5	657	G	S	A0A2T7PPE1
Q7Z3E5	657	G	S	A0A2T7PPE1
Q7Z3E5	660	R	K	A0A2T7PPE1
Q7Z3E5	660	R	K	A0A2T7PPE1
Q7Z3E5	696	R	G	A0A2T7PPE1
Q7Z3E5	696	R	G	A0A2T7PPE1
Q7Z3E5	743	A	V	A0A2T7PPE1
Q7Z3E5	744	P	A	A0A2T7PPE1
Q7Z3E5	804	A	T	A0A2T7PPE1
Q7Z3E5	804	A	T	A0A2T7PPE1
Q7Z3U7	548	A	T	D6W829
Q7Z3U7	1385	I	V	D6W829
Q7Z417	15	S	N	A0A2D0SWZ6
Q7Z417	15	S	N	A0A2D0SWZ6
Q7Z417	108	L	S	A0A2D0SWZ6
Q7Z417	108	L	S	A0A2D0SWZ6
Q7Z417	204	G	S	A0A2D0SWZ6
Q7Z417	204	G	S	A0A2D0SWZ6
Q7Z417	265	Y	C	A0A2D0SWZ6
Q7Z417	265	Y	C	A0A2D0SWZ6
Q7Z417	276	S	P	A0A2D0SWZ6
Q7Z417	276	S	P	A0A2D0SWZ6
Q7Z417	392	T	A	A0A2D0SWZ6
Q7Z417	392	T	A	A0A2D0SWZ6
Q7Z4H8	144	P	L	V9KSZ0
Q7Z4Q2	302	R	S	A0A1S3GZM8
Q7Z5L7	444	T	M	Q6QI48
Q7Z5L7	472	V	A	Q6QI48
Q7Z6B7	512	V	I	I3J8M0
Q7Z6B7	569	S	G	I3J8M0
Q7Z6B7	569	S	G	I3J8M0
Q7Z6B7	875	H	R	I3J8M0
Q7Z6B7	875	H	R	I3J8M0
Q7Z6B7	953	L	V	I3J8M0
Q7Z6B7	953	L	V	I3J8M0
Q7Z6I5	127	P	S	A0A2K6V5X5
Q7Z6J8	379	V	M	H3AB66
Q7Z769	61	C	S	A0A146NMT3
Q7Z7B0	282	L	F	I3NH23
Q7Z7B0	308	S	L	I3NH23
Q7Z7B0	308	S	L	I3NH23
Q7Z7B0	377	M	V	I3NH23
Q7Z7B0	377	M	V	I3NH23
Q7Z7B0	495	K	E	I3NH23
Q7Z7B0	495	K	E	I3NH23
Q7Z7B0	1003	P	S	I3NH23
Q7Z7B0	1003	P	S	I3NH23
Q7Z7B0	1106	G	R	I3NH23
Q7Z7B0	1106	G	R	I3NH23
Q7Z7B0	1126	T	M	I3NH23
Q7Z7B0	1126	T	M	I3NH23
Q7Z7B1	85	G	S	A0A2K6TNM4
Q7Z7B1	85	G	S	A0A2K6TNM4
Q7Z7B1	126	N	D	A0A2K6TNM4
Q7Z7B1	235	H	Q	A0A2K6TNM4
Q7Z7B1	235	H	Q	A0A2K6TNM4
Q7Z7B1	235	H	Q	A0A2K6TNM4
Q7Z7B1	327	H	R	A0A2K6TNM4
Q7Z7B1	327	H	R	A0A2K6TNM4
Q7Z7B1	378	V	L	A0A2K6TNM4
Q7Z7B1	78	F	L	A0A2K6TNM4
Q7Z7B1	85	G	S	A0A2K6TNM4
Q7Z7B1	85	G	S	A0A2K6TNM4
Q7Z7B1	126	N	D	A0A2K6TNM4
Q7Z7B1	126	N	Y	A0A2K6TNM4
Q7Z7B1	235	H	Q	A0A2K6TNM4
Q7Z7B1	235	H	Q	A0A2K6TNM4
Q7Z7B1	235	H	Q	A0A2K6TNM4
Q7Z7B1	327	H	R	A0A2K6TNM4
Q7Z7B1	327	H	R	A0A2K6TNM4
Q7Z7B1	378	V	L	A0A2K6TNM4
Q7Z7B1	85	G	S	A0A2K6TNM4
Q7Z7B1	85	G	S	A0A2K6TNM4
Q7Z7B1	126	N	D	A0A2K6TNM4
Q7Z7B1	235	H	Q	A0A2K6TNM4
Q7Z7B1	235	H	Q	A0A2K6TNM4
Q7Z7B1	235	H	Q	A0A2K6TNM4
Q7Z7B1	327	H	R	A0A2K6TNM4
Q7Z7B1	327	H	R	A0A2K6TNM4
Q7Z7B1	378	V	L	A0A2K6TNM4
Q7Z7B1	78	F	L	A0A2K6TNM4
Q7Z7B1	85	G	S	A0A2K6TNM4
Q7Z7B1	85	G	S	A0A2K6TNM4
Q7Z7B1	126	N	Y	A0A2K6TNM4
Q7Z7B1	126	N	D	A0A2K6TNM4
Q7Z7B1	235	H	Q	A0A2K6TNM4
Q7Z7B1	235	H	Q	A0A2K6TNM4
Q7Z7B1	235	H	Q	A0A2K6TNM4
Q7Z7B1	327	H	R	A0A2K6TNM4
Q7Z7B1	327	H	R	A0A2K6TNM4
Q7Z7B1	378	V	L	A0A2K6TNM4
Q7Z7F7	24	R	C	A0A2K6AF69
Q7Z7F7	24	R	C	A0A2K6AF69
Q7Z7F7	24	R	C	A0A2K6AF69
Q7Z7F7	24	R	C	A0A2K6AF69
Q7Z7F7	24	R	C	A0A2K6AF69
Q7Z7F7	24	R	C	A0A2K6AF69
Q7Z7F7	24	R	C	A0A2K6AF69
Q7Z7F7	24	R	C	A0A2K6AF69
Q7Z7F7	24	R	C	A0A2K6AF69
Q7Z7F7	24	R	C	A0A2K6AF69
Q7Z7F7	24	R	C	A0A2K6AF69
Q7Z7F7	24	R	C	A0A2K6AF69
Q7Z7F7	24	R	C	A0A2K6AF69
Q7Z7F7	24	R	C	A0A2K6AF69
Q7Z7F7	24	R	C	A0A2K6AF69
Q7Z7F7	24	R	C	A0A2K6AF69
Q7Z7H8	125	V	I	M3WBA1
Q86SG6	129	L	F	A0A2I4CHT9
Q86SG6	413	M	L	A0A2I4CHT9
Q86SG6	497	A	P	A0A2I4CHT9
Q86SQ4	29	M	V	F6VSG8
Q86SQ4	29	M	V	F6VSG8
Q86SQ4	68	M	V	F6VSG8
Q86SQ4	68	M	V	F6VSG8
Q86SQ4	70	T	M	F6VSG8
Q86SQ4	70	T	M	F6VSG8
Q86SQ4	123	S	G	F6VSG8
Q86SQ4	147	I	N	F6VSG8
Q86SQ4	147	I	N	F6VSG8
Q86SQ4	194	H	Q	F6VSG8
Q86SQ4	194	H	Q	F6VSG8
Q86SQ4	230	K	Q	F6VSG8
Q86SQ4	265	G	A	F6VSG8
Q86SQ4	265	G	A	F6VSG8
Q86SQ4	306	D	Y	F6VSG8
Q86SQ4	306	D	Y	F6VSG8
Q86SQ4	338	N	I	F6VSG8
Q86SQ4	338	N	I	F6VSG8
Q86SQ4	451	V	I	F6VSG8
Q86SQ4	451	V	I	F6VSG8
Q86SQ4	597	D	V	F6VSG8
Q86SQ4	597	D	V	F6VSG8
Q86SQ4	653	A	T	F6VSG8
Q86SQ4	653	A	T	F6VSG8
Q86SQ4	929	L	F	F6VSG8
Q86SQ4	929	L	F	F6VSG8
Q86SQ4	1127	Q	R	F6VSG8
Q86SQ4	1127	Q	R	F6VSG8
Q86SQ4	1201	S	P	F6VSG8
Q86SQ4	1201	S	P	F6VSG8
Q86SQ9	253	V	M	F6Y1P6
Q86SQ9	253	V	M	F6Y1P6
Q86SQ9	253	V	M	F6Y1P6
Q86SQ9	253	V	M	F6Y1P6
Q86SQ9	253	V	M	F6Y1P6
Q86SQ9	253	V	M	F6Y1P6
Q86SQ9	253	V	M	F6Y1P6
Q86SQ9	253	V	M	F6Y1P6
Q86SQ9	253	V	M	F6Y1P6
Q86SQ9	253	V	M	F6Y1P6
Q86TH1	30	T	A	H2ZWM1
Q86TH1	30	T	A	H2ZWM1
Q86TH1	364	V	I	H2ZWM1
Q86TH1	364	V	I	H2ZWM1
Q86TH1	364	V	I	H2ZWM1
Q86TH1	364	V	I	H2ZWM1
Q86TH1	30	T	A	H2ZWM1
Q86TH1	30	T	A	H2ZWM1
Q86TH1	364	V	I	H2ZWM1
Q86TH1	364	V	I	H2ZWM1
Q86TH1	364	V	I	H2ZWM1
Q86TH1	364	V	I	H2ZWM1
Q86TH1	30	T	A	H2ZWM1
Q86TH1	30	T	A	H2ZWM1
Q86TH1	364	V	I	H2ZWM1
Q86TH1	364	V	I	H2ZWM1
Q86TH1	364	V	I	H2ZWM1
Q86TH1	364	V	I	H2ZWM1
Q86TJ5	190	E	G	A0A2U3ZM65
Q86TJ5	211	V	I	A0A2U3ZM65
Q86TJ5	237	G	E	A0A2U3ZM65
Q86TP1	135	C	Y	A0A093HF75
Q86TP1	135	C	Y	A0A093HF75
Q86TP1	397	G	S	A0A093HF75
Q86TP1	397	G	S	A0A093HF75
Q86TP1	397	G	S	A0A093HF75
Q86TP1	448	A	V	A0A093HF75
Q86TX2	131	P	L	A0A2R8Z7Z6
Q86TX2	189	A	T	A0A2R8Z7Z6
Q86TX2	275	V	A	A0A2R8Z7Z6
Q86TX2	275	V	A	A0A2R8Z7Z6
Q86TX2	276	G	A	A0A2R8Z7Z6
Q86TX2	276	G	A	A0A2R8Z7Z6
Q86TX2	413	H	R	A0A2R8Z7Z6
Q86TX2	413	H	R	A0A2R8Z7Z6
Q86TY3	96	T	I	H0X8R4
Q86TY3	335	E	D	H0X8R4
Q86TY3	345	T	I	H0X8R4
Q86TY3	613	Q	E	H0X8R4
Q86UB2	82	I	V	H0ZKQ6
Q86UB2	477	S	L	H0ZKQ6
Q86UB2	82	I	V	H0ZKQ6
Q86UB2	477	S	L	H0ZKQ6
Q86UE4	54	V	M	G1KRW1
Q86UE4	54	V	M	G1KRW1
Q86UE4	78	A	S	G1KRW1
Q86UE4	317	T	A	G1KRW1
Q86UT6	14	S	P	H2RXZ7
Q86UT6	26	R	H	H2RXZ7
Q86UT6	26	R	H	H2RXZ7
Q86UT6	63	P	S	H2RXZ7
Q86UT6	330	Y	D	H2RXZ7
Q86UT6	726	A	T	H2RXZ7
Q86UT6	751	R	H	H2RXZ7
Q86UT6	751	R	H	H2RXZ7
Q86UT6	793	A	E	H2RXZ7
Q86UT6	14	S	P	H2RXZ7
Q86UT6	26	R	H	H2RXZ7
Q86UT6	26	R	H	H2RXZ7
Q86UT6	63	P	S	H2RXZ7
Q86UT6	330	Y	D	H2RXZ7
Q86UT6	726	A	T	H2RXZ7
Q86UT6	751	R	H	H2RXZ7
Q86UT6	751	R	H	H2RXZ7
Q86UT6	793	A	E	H2RXZ7
Q86UT6	14	S	P	H2RXZ7
Q86UT6	26	R	H	H2RXZ7
Q86UT6	26	R	H	H2RXZ7
Q86UT6	63	P	S	H2RXZ7
Q86UT6	330	Y	D	H2RXZ7
Q86UT6	726	A	T	H2RXZ7
Q86UT6	751	R	H	H2RXZ7
Q86UT6	751	R	H	H2RXZ7
Q86UT6	793	A	E	H2RXZ7
Q86UT6	14	S	P	H2RXZ7
Q86UT6	26	R	H	H2RXZ7
Q86UT6	26	R	H	H2RXZ7
Q86UT6	63	P	S	H2RXZ7
Q86UT6	330	Y	D	H2RXZ7
Q86UT6	726	A	T	H2RXZ7
Q86UT6	751	R	H	H2RXZ7
Q86UT6	751	R	H	H2RXZ7
Q86UT6	793	A	E	H2RXZ7
Q86UW6	101	S	I	L8Y213
Q86UW6	118	E	K	L8Y213
Q86UW6	196	M	V	L8Y213
Q86UW6	196	M	V	L8Y213
Q86UW6	611	D	N	L8Y213
Q86UW6	861	E	V	L8Y213
Q86UW6	882	M	I	L8Y213
Q86UW6	882	M	I	L8Y213
Q86UW6	1353	S	R	L8Y213
Q86UW6	1587	T	A	L8Y213
Q86UW6	1737	G	R	L8Y213
Q86V48	317	S	A	M7BCR2
Q86V48	458	G	S	M7BCR2
Q86V48	461	Q	K	M7BCR2
Q86V48	491	T	I	M7BCR2
Q86V48	651	S	C	M7BCR2
Q86V48	651	S	C	M7BCR2
Q86V48	727	T	A	M7BCR2
Q86V48	727	T	A	M7BCR2
Q86V48	868	D	N	M7BCR2
Q86V48	896	A	V	M7BCR2
Q86V48	1034	S	N	M7BCR2
Q86VD7	131	P	A	M3YVK6
Q86VI1	225	R	H	W5NXR3
Q86VI1	242	R	G	W5NXR3
Q86VI1	561	Q	E	W5NXR3
Q86VI1	634	S	G	W5NXR3
Q86VQ3	66	D	V	A0A2J8J0H5
Q86VQ3	104	P	L	A0A2J8J0H5
Q86VQ3	158	A	P	A0A2J8J0H5
Q86VQ3	164	P	A	A0A2J8J0H5
Q86VQ3	191	S	P	A0A2J8J0H5
Q86VQ3	218	S	P	A0A2J8J0H5
Q86VQ3	251	P	L	A0A2J8J0H5
Q86VQ3	274	E	K	A0A2J8J0H5
Q86VQ3	290	G	D	A0A2J8J0H5
Q86VQ3	394	A	T	A0A2J8J0H5
Q86VQ3	420	R	T	A0A2J8J0H5
Q86VZ1	125	V	I	A0A2U4C4I0
Q86W24	48	N	T	F6WD23
Q86W24	55	R	Q	F6WD23
Q86W24	86	D	V	F6WD23
Q86W24	86	D	V	F6WD23
Q86W24	92	K	R	F6WD23
Q86W24	98	S	L	F6WD23
Q86W24	432	A	S	F6WD23
Q86W24	432	A	S	F6WD23
Q86W24	808	E	K	F6WD23
Q86W24	951	S	T	F6WD23
Q86W24	954	L	S	F6WD23
Q86W24	1010	L	F	F6WD23
Q86W26	6	A	S	G1SZD8
Q86W26	243	R	W	G1SZD8
Q86W26	633	G	E	G1SZD8
Q86W26	6	A	S	G1SZD8
Q86W26	243	R	W	G1SZD8
Q86W26	633	G	E	G1SZD8
Q86WV6	71	R	H	A0A1A6FWE1
Q86WV6	114	G	S	A0A1A6FWE1
Q86WV6	114	G	S	A0A1A6FWE1
Q86WV6	114	G	S	A0A1A6FWE1
Q86WV6	126	L	I	A0A1A6FWE1
Q86WV6	126	L	I	A0A1A6FWE1
Q86WV6	126	L	I	A0A1A6FWE1
Q86WV6	127	S	L	A0A1A6FWE1
Q86WV6	127	S	L	A0A1A6FWE1
Q86WV6	191	R	W	A0A1A6FWE1
Q86WV6	194	V	L	A0A1A6FWE1
Q86WV6	194	V	L	A0A1A6FWE1
Q86WV6	194	V	L	A0A1A6FWE1
Q86WV6	220	R	H	A0A1A6FWE1
Q86WV6	220	R	H	A0A1A6FWE1
Q86WV6	220	R	H	A0A1A6FWE1
Q86WV6	230	G	A	A0A1A6FWE1
Q86WV6	232	H	R	A0A1A6FWE1
Q86WV6	232	H	R	A0A1A6FWE1
Q86WV6	232	H	R	A0A1A6FWE1
Q86WV6	232	H	R	A0A1A6FWE1
Q86WV6	255	G	S	A0A1A6FWE1
Q86WV6	293	R	Q	A0A1A6FWE1
Q86WV6	293	R	W	A0A1A6FWE1
Q86WV6	313	A	T	A0A1A6FWE1
Q86WV6	313	A	T	A0A1A6FWE1
Q86WV6	313	A	T	A0A1A6FWE1
Q86WV6	324	S	L	A0A1A6FWE1
Q86WV6	375	R	L	A0A1A6FWE1
Q86WV6	375	R	L	A0A1A6FWE1
Q86WV6	71	R	H	A0A1A6FWE1
Q86WV6	114	G	S	A0A1A6FWE1
Q86WV6	114	G	S	A0A1A6FWE1
Q86WV6	114	G	S	A0A1A6FWE1
Q86WV6	126	L	I	A0A1A6FWE1
Q86WV6	126	L	I	A0A1A6FWE1
Q86WV6	126	L	I	A0A1A6FWE1
Q86WV6	127	S	L	A0A1A6FWE1
Q86WV6	127	S	L	A0A1A6FWE1
Q86WV6	191	R	W	A0A1A6FWE1
Q86WV6	194	V	L	A0A1A6FWE1
Q86WV6	194	V	L	A0A1A6FWE1
Q86WV6	194	V	L	A0A1A6FWE1
Q86WV6	220	R	H	A0A1A6FWE1
Q86WV6	220	R	H	A0A1A6FWE1
Q86WV6	220	R	H	A0A1A6FWE1
Q86WV6	230	G	A	A0A1A6FWE1
Q86WV6	232	H	R	A0A1A6FWE1
Q86WV6	232	H	R	A0A1A6FWE1
Q86WV6	232	H	R	A0A1A6FWE1
Q86WV6	232	H	R	A0A1A6FWE1
Q86WV6	255	G	S	A0A1A6FWE1
Q86WV6	293	R	W	A0A1A6FWE1
Q86WV6	293	R	Q	A0A1A6FWE1
Q86WV6	313	A	T	A0A1A6FWE1
Q86WV6	313	A	T	A0A1A6FWE1
Q86WV6	313	A	T	A0A1A6FWE1
Q86WV6	324	S	L	A0A1A6FWE1
Q86WV6	375	R	L	A0A1A6FWE1
Q86WV6	375	R	L	A0A1A6FWE1
Q86WV6	71	R	H	A0A1A6FWE1
Q86WV6	114	G	S	A0A1A6FWE1
Q86WV6	114	G	S	A0A1A6FWE1
Q86WV6	114	G	S	A0A1A6FWE1
Q86WV6	126	L	I	A0A1A6FWE1
Q86WV6	126	L	I	A0A1A6FWE1
Q86WV6	126	L	I	A0A1A6FWE1
Q86WV6	127	S	L	A0A1A6FWE1
Q86WV6	127	S	L	A0A1A6FWE1
Q86WV6	191	R	W	A0A1A6FWE1
Q86WV6	194	V	L	A0A1A6FWE1
Q86WV6	194	V	L	A0A1A6FWE1
Q86WV6	194	V	L	A0A1A6FWE1
Q86WV6	220	R	H	A0A1A6FWE1
Q86WV6	220	R	H	A0A1A6FWE1
Q86WV6	220	R	H	A0A1A6FWE1
Q86WV6	230	G	A	A0A1A6FWE1
Q86WV6	232	H	R	A0A1A6FWE1
Q86WV6	232	H	R	A0A1A6FWE1
Q86WV6	232	H	R	A0A1A6FWE1
Q86WV6	232	H	R	A0A1A6FWE1
Q86WV6	255	G	S	A0A1A6FWE1
Q86WV6	293	R	W	A0A1A6FWE1
Q86WV6	293	R	Q	A0A1A6FWE1
Q86WV6	313	A	T	A0A1A6FWE1
Q86WV6	313	A	T	A0A1A6FWE1
Q86WV6	313	A	T	A0A1A6FWE1
Q86WV6	324	S	L	A0A1A6FWE1
Q86WV6	375	R	L	A0A1A6FWE1
Q86WV6	375	R	L	A0A1A6FWE1
Q86WV6	114	G	S	A0A1A6FWE1
Q86WV6	114	G	S	A0A1A6FWE1
Q86WV6	126	L	I	A0A1A6FWE1
Q86WV6	126	L	I	A0A1A6FWE1
Q86WV6	127	S	L	A0A1A6FWE1
Q86WV6	194	V	L	A0A1A6FWE1
Q86WV6	194	V	L	A0A1A6FWE1
Q86WV6	220	R	H	A0A1A6FWE1
Q86WV6	220	R	H	A0A1A6FWE1
Q86WV6	232	H	R	A0A1A6FWE1
Q86WV6	232	H	R	A0A1A6FWE1
Q86WV6	232	H	R	A0A1A6FWE1
Q86WV6	313	A	T	A0A1A6FWE1
Q86WV6	313	A	T	A0A1A6FWE1
Q86WV6	375	R	L	A0A1A6FWE1
Q86WV6	114	G	S	A0A1A6FWE1
Q86WV6	114	G	S	A0A1A6FWE1
Q86WV6	126	L	I	A0A1A6FWE1
Q86WV6	126	L	I	A0A1A6FWE1
Q86WV6	127	S	L	A0A1A6FWE1
Q86WV6	194	V	L	A0A1A6FWE1
Q86WV6	194	V	L	A0A1A6FWE1
Q86WV6	220	R	H	A0A1A6FWE1
Q86WV6	220	R	H	A0A1A6FWE1
Q86WV6	232	H	R	A0A1A6FWE1
Q86WV6	232	H	R	A0A1A6FWE1
Q86WV6	232	H	R	A0A1A6FWE1
Q86WV6	313	A	T	A0A1A6FWE1
Q86WV6	313	A	T	A0A1A6FWE1
Q86WV6	375	R	L	A0A1A6FWE1
Q86WV6	114	G	S	A0A1A6FWE1
Q86WV6	114	G	S	A0A1A6FWE1
Q86WV6	126	L	I	A0A1A6FWE1
Q86WV6	126	L	I	A0A1A6FWE1
Q86WV6	127	S	L	A0A1A6FWE1
Q86WV6	194	V	L	A0A1A6FWE1
Q86WV6	194	V	L	A0A1A6FWE1
Q86WV6	220	R	H	A0A1A6FWE1
Q86WV6	220	R	H	A0A1A6FWE1
Q86WV6	232	H	R	A0A1A6FWE1
Q86WV6	232	H	R	A0A1A6FWE1
Q86WV6	232	H	R	A0A1A6FWE1
Q86WV6	313	A	T	A0A1A6FWE1
Q86WV6	313	A	T	A0A1A6FWE1
Q86WV6	375	R	L	A0A1A6FWE1
Q86X19	22	S	T	A0A2Y9EQ02
Q86X19	26	G	S	A0A2Y9EQ02
Q86X76	4	F	V	W5PIE9
Q86XI2	44	R	G	A0A091S9Z0
Q86XI2	44	R	G	A0A091S9Z0
Q86XI2	389	Y	H	A0A091S9Z0
Q86XI2	389	Y	H	A0A091S9Z0
Q86XI2	600	E	Q	A0A091S9Z0
Q86XI2	600	E	Q	A0A091S9Z0
Q86XI2	614	N	D	A0A091S9Z0
Q86XI2	614	N	D	A0A091S9Z0
Q86XI2	794	T	M	A0A091S9Z0
Q86XI2	794	T	M	A0A091S9Z0
Q86XI2	952	D	E	A0A091S9Z0
Q86XI2	952	D	E	A0A091S9Z0
Q86XI2	44	R	G	A0A091S9Z0
Q86XI2	44	R	G	A0A091S9Z0
Q86XI2	389	Y	H	A0A091S9Z0
Q86XI2	389	Y	H	A0A091S9Z0
Q86XI2	600	E	Q	A0A091S9Z0
Q86XI2	600	E	Q	A0A091S9Z0
Q86XI2	614	N	D	A0A091S9Z0
Q86XI2	614	N	D	A0A091S9Z0
Q86XI2	794	T	M	A0A091S9Z0
Q86XI2	794	T	M	A0A091S9Z0
Q86XI2	952	D	E	A0A091S9Z0
Q86XI2	952	D	E	A0A091S9Z0
Q86XI6	41	S	R	A0A212CQB3
Q86XI6	48	G	E	A0A212CQB3
Q86XI6	41	S	R	A0A212CQB3
Q86XI6	48	G	E	A0A212CQB3
Q86XI6	48	G	E	A0A212CQB3
Q86XI6	48	G	E	A0A212CQB3
Q86XI6	48	G	E	A0A212CQB3
Q86XI6	48	G	E	A0A212CQB3
Q86XR8	22	S	L	A0A060XYA9
Q86XR8	22	S	L	A0A060XYA9
Q86XR8	111	Q	H	A0A060XYA9
Q86XR8	111	Q	H	A0A060XYA9
Q86XR8	111	Q	H	A0A060XYA9
Q86XR8	309	L	F	A0A060XYA9
Q86XR8	309	L	F	A0A060XYA9
Q86XR8	327	I	V	A0A060XYA9
Q86XR8	327	I	V	A0A060XYA9
Q86XR8	329	S	G	A0A060XYA9
Q86XR8	329	S	G	A0A060XYA9
Q86XR8	448	R	G	A0A060XYA9
Q86XR8	448	R	G	A0A060XYA9
Q86XS5	98	L	P	F7B2G0
Q86XS5	98	L	P	F7B2G0
Q86XS5	192	R	W	F7B2G0
Q86XS5	268	T	M	F7B2G0
Q86Y07	167	I	V	G1NX01
Q86Y07	502	F	L	G1NX01
Q86Y07	502	F	L	G1NX01
Q86Y07	502	F	L	G1NX01
Q86Y07	167	I	V	G1NX01
Q86Y07	502	F	L	G1NX01
Q86Y07	502	F	L	G1NX01
Q86Y07	502	F	L	G1NX01
Q86YC2	9	L	H	G3VMC4
Q86YC2	9	L	H	G3VMC4
Q86YC2	16	K	E	G3VMC4
Q86YC2	241	N	D	G3VMC4
Q86YC2	241	N	D	G3VMC4
Q86YC2	241	N	D	G3VMC4
Q86YC2	241	N	D	G3VMC4
Q86YC2	309	I	V	G3VMC4
Q86YC2	309	I	V	G3VMC4
Q86YC2	309	I	V	G3VMC4
Q86YC2	309	I	V	G3VMC4
Q86YC2	309	I	V	G3VMC4
Q86YC2	309	I	V	G3VMC4
Q86YC2	309	I	V	G3VMC4
Q86YC2	309	I	V	G3VMC4
Q86YC2	446	D	E	G3VMC4
Q86YC2	446	D	E	G3VMC4
Q86YC2	559	Q	R	G3VMC4
Q86YC2	559	Q	R	G3VMC4
Q86YC2	559	Q	R	G3VMC4
Q86YC2	559	Q	R	G3VMC4
Q86YC2	559	Q	R	G3VMC4
Q86YC2	559	Q	R	G3VMC4
Q86YC2	559	Q	R	G3VMC4
Q86YC2	559	Q	R	G3VMC4
Q86YC2	672	E	Q	G3VMC4
Q86YC2	672	E	Q	G3VMC4
Q86YC2	672	E	Q	G3VMC4
Q86YC2	672	E	Q	G3VMC4
Q86YC2	676	I	T	G3VMC4
Q86YC2	676	I	T	G3VMC4
Q86YC2	676	I	T	G3VMC4
Q86YC2	676	I	T	G3VMC4
Q86YC2	676	I	T	G3VMC4
Q86YC2	698	L	P	G3VMC4
Q86YC2	712	A	V	G3VMC4
Q86YC2	712	A	V	G3VMC4
Q86YC2	712	A	V	G3VMC4
Q86YC2	712	A	V	G3VMC4
Q86YC2	712	A	V	G3VMC4
Q86YC2	712	A	V	G3VMC4
Q86YC2	712	A	V	G3VMC4
Q86YC2	712	A	V	G3VMC4
Q86YC2	759	Q	K	G3VMC4
Q86YC2	759	Q	K	G3VMC4
Q86YC2	932	V	M	G3VMC4
Q86YC2	932	V	M	G3VMC4
Q86YC2	932	V	M	G3VMC4
Q86YC2	932	V	M	G3VMC4
Q86YC2	998	G	E	G3VMC4
Q86YC2	998	G	E	G3VMC4
Q86YC2	998	G	E	G3VMC4
Q86YC2	998	G	E	G3VMC4
Q86YC2	1031	I	V	G3VMC4
Q86YC2	1031	I	V	G3VMC4
Q86YC2	1154	V	I	G3VMC4
Q86YC2	1154	V	I	G3VMC4
Q86YD1	212	K	M	A0A2J8J0W3
Q86YD1	212	K	M	A0A2J8J0W3
Q86YD1	252	I	V	A0A2J8J0W3
Q86YD1	212	K	M	A0A2J8J0W3
Q86YD1	212	K	M	A0A2J8J0W3
Q86YD1	252	I	V	A0A2J8J0W3
Q86YD1	212	K	M	A0A2J8J0W3
Q86YD1	212	K	M	A0A2J8J0W3
Q86YD1	252	I	V	A0A2J8J0W3
Q86YL5	120	S	A	A0A250XVP9
Q86YV6	50	G	R	G5BKF4
Q86YV6	126	T	M	G5BKF4
Q86YV6	151	E	K	G5BKF4
Q86YV6	151	E	K	G5BKF4
Q86Z14	9	S	Y	G1SWI1
Q86Z14	44	L	F	G1SWI1
Q86Z14	44	L	F	G1SWI1
Q86Z14	65	P	A	G1SWI1
Q86Z14	65	P	A	G1SWI1
Q86Z14	166	V	A	G1SWI1
Q86Z14	166	V	A	G1SWI1
Q86Z14	728	R	Q	G1SWI1
Q86Z14	747	A	V	G1SWI1
Q86Z14	847	I	N	G1SWI1
Q86Z14	906	Y	H	G1SWI1
Q86Z14	906	Y	H	G1SWI1
Q86Z14	983	T	A	G1SWI1
Q86Z14	983	T	A	G1SWI1
Q86Z14	1020	Q	K	G1SWI1
Q86Z14	1042	V	I	G1SWI1
Q86Z14	1042	V	I	G1SWI1
Q8IU99	86	L	P	A0A2D0Q6C0
Q8IU99	153	A	T	A0A2D0Q6C0
Q8IU99	153	A	T	A0A2D0Q6C0
Q8IU99	282	G	C	A0A2D0Q6C0
Q8IU99	323	M	I	A0A2D0Q6C0
Q8IUA7	92	N	K	D3ZCF8
Q8IUA7	262	R	Q	D3ZCF8
Q8IUA7	353	R	H	D3ZCF8
Q8IUA7	785	N	S	D3ZCF8
Q8IUA7	995	L	F	D3ZCF8
Q8IUA7	1306	K	T	D3ZCF8
Q8IUA7	1356	G	S	D3ZCF8
Q8IUD2	50	S	G	H2U2Q5
Q8IUD2	1032	T	A	H2U2Q5
Q8IUD2	50	S	G	H2U2Q5
Q8IUD2	1032	T	A	H2U2Q5
Q8IUD2	50	S	G	H2U2Q5
Q8IUD2	1032	T	A	H2U2Q5
Q8IUW5	17	F	L	A0A2I0MN99
Q8IUW5	17	F	L	A0A2I0MN99
Q8IUW5	267	R	H	A0A2I0MN99
Q8IUW5	17	F	L	A0A2I0MN99
Q8IUW5	17	F	L	A0A2I0MN99
Q8IUW5	267	R	H	A0A2I0MN99
Q8IUX8	66	E	K	A0A2K5VVY6
Q8IUX8	66	E	K	A0A2K5VVY6
Q8IUX8	75	V	M	A0A2K5VVY6
Q8IUX8	75	V	M	A0A2K5VVY6
Q8IUX8	103	R	W	A0A2K5VVY6
Q8IUX8	103	R	W	A0A2K5VVY6
Q8IUX8	164	R	C	A0A2K5VVY6
Q8IUX8	164	R	C	A0A2K5VVY6
Q8IUX8	508	L	F	A0A2K5VVY6
Q8IUX8	508	L	F	A0A2K5VVY6
Q8IUX8	535	D	N	A0A2K5VVY6
Q8IV20	38	K	E	A0A226MU63
Q8IV20	38	K	E	A0A226MU63
Q8IV20	254	I	V	A0A226MU63
Q8IV20	340	P	S	A0A226MU63
Q8IV20	340	P	S	A0A226MU63
Q8IV20	38	K	E	A0A226MU63
Q8IV20	38	K	E	A0A226MU63
Q8IV20	254	I	V	A0A226MU63
Q8IV20	340	P	S	A0A226MU63
Q8IV20	340	P	S	A0A226MU63
Q8IV53	23	A	T	G1SZP2
Q8IV53	489	R	C	G1SZP2
Q8IV53	569	M	V	G1SZP2
Q8IV53	671	K	E	G1SZP2
Q8IV53	778	T	P	G1SZP2
Q8IVA1	19	G	V	A0A2K5MPK3
Q8IVA1	19	G	V	A0A2K5MPK3
Q8IVA1	76	R	H	A0A2K5MPK3
Q8IVA1	103	R	Q	A0A2K5MPK3
Q8IVE3	481	P	T	H0XE04
Q8IVE3	1069	R	K	H0XE04
Q8IVE3	1217	N	S	H0XE04
Q8IVE3	1385	S	C	H0XE04
Q8IVG5	70	R	C	G3W7T3
Q8IVG5	96	S	P	G3W7T3
Q8IVG5	96	S	P	G3W7T3
Q8IVG5	96	S	P	G3W7T3
Q8IVG5	123	P	L	G3W7T3
Q8IVG5	170	Q	R	G3W7T3
Q8IVG5	232	R	H	G3W7T3
Q8IVG5	232	R	H	G3W7T3
Q8IVG5	266	V	I	G3W7T3
Q8IVG5	289	F	S	G3W7T3
Q8IVG5	327	I	V	G3W7T3
Q8IVG5	327	I	V	G3W7T3
Q8IVG5	327	I	V	G3W7T3
Q8IVG5	339	L	I	G3W7T3
Q8IVG5	339	L	I	G3W7T3
Q8IVG5	339	L	I	G3W7T3
Q8IVG5	383	E	K	G3W7T3
Q8IVG5	406	R	Q	G3W7T3
Q8IVG5	406	R	Q	G3W7T3
Q8IVG5	458	A	S	G3W7T3
Q8IVG5	522	A	V	G3W7T3
Q8IVG5	566	A	T	G3W7T3
Q8IVG5	566	A	T	G3W7T3
Q8IVG5	566	A	T	G3W7T3
Q8IVG5	638	R	H	G3W7T3
Q8IVG5	638	R	H	G3W7T3
Q8IVG5	638	R	H	G3W7T3
Q8IVG5	1010	Q	E	G3W7T3
Q8IVG5	1010	Q	E	G3W7T3
Q8IVG5	1010	Q	E	G3W7T3
Q8IVG5	1137	G	A	G3W7T3
Q8IVG5	1175	Y	C	G3W7T3
Q8IVG5	1465	R	H	G3W7T3
Q8IVG5	1465	R	H	G3W7T3
Q8IVG5	1465	R	H	G3W7T3
Q8IVG5	1488	V	I	G3W7T3
Q8IVG5	1488	V	I	G3W7T3
Q8IVG5	1488	V	I	G3W7T3
Q8IVG5	1516	N	T	G3W7T3
Q8IVG5	70	R	C	G3W7T3
Q8IVG5	96	S	P	G3W7T3
Q8IVG5	96	S	P	G3W7T3
Q8IVG5	96	S	P	G3W7T3
Q8IVG5	123	P	L	G3W7T3
Q8IVG5	170	Q	R	G3W7T3
Q8IVG5	232	R	H	G3W7T3
Q8IVG5	232	R	H	G3W7T3
Q8IVG5	266	V	I	G3W7T3
Q8IVG5	289	F	S	G3W7T3
Q8IVG5	327	I	V	G3W7T3
Q8IVG5	327	I	V	G3W7T3
Q8IVG5	327	I	V	G3W7T3
Q8IVG5	339	L	I	G3W7T3
Q8IVG5	339	L	I	G3W7T3
Q8IVG5	339	L	I	G3W7T3
Q8IVG5	383	E	K	G3W7T3
Q8IVG5	406	R	Q	G3W7T3
Q8IVG5	406	R	Q	G3W7T3
Q8IVG5	458	A	S	G3W7T3
Q8IVG5	522	A	V	G3W7T3
Q8IVG5	566	A	T	G3W7T3
Q8IVG5	566	A	T	G3W7T3
Q8IVG5	566	A	T	G3W7T3
Q8IVG5	638	R	H	G3W7T3
Q8IVG5	638	R	H	G3W7T3
Q8IVG5	638	R	H	G3W7T3
Q8IVG5	1010	Q	E	G3W7T3
Q8IVG5	1010	Q	E	G3W7T3
Q8IVG5	1010	Q	E	G3W7T3
Q8IVG5	1137	G	A	G3W7T3
Q8IVG5	1175	Y	C	G3W7T3
Q8IVG5	1465	R	H	G3W7T3
Q8IVG5	1465	R	H	G3W7T3
Q8IVG5	1465	R	H	G3W7T3
Q8IVG5	1488	V	I	G3W7T3
Q8IVG5	1488	V	I	G3W7T3
Q8IVG5	1488	V	I	G3W7T3
Q8IVG5	1516	N	T	G3W7T3
Q8IVG5	70	R	C	G3W7T3
Q8IVG5	96	S	P	G3W7T3
Q8IVG5	96	S	P	G3W7T3
Q8IVG5	96	S	P	G3W7T3
Q8IVG5	123	P	L	G3W7T3
Q8IVG5	170	Q	R	G3W7T3
Q8IVG5	232	R	H	G3W7T3
Q8IVG5	232	R	H	G3W7T3
Q8IVG5	266	V	I	G3W7T3
Q8IVG5	289	F	S	G3W7T3
Q8IVG5	327	I	V	G3W7T3
Q8IVG5	327	I	V	G3W7T3
Q8IVG5	327	I	V	G3W7T3
Q8IVG5	339	L	I	G3W7T3
Q8IVG5	339	L	I	G3W7T3
Q8IVG5	339	L	I	G3W7T3
Q8IVG5	383	E	K	G3W7T3
Q8IVG5	406	R	Q	G3W7T3
Q8IVG5	406	R	Q	G3W7T3
Q8IVG5	458	A	S	G3W7T3
Q8IVG5	522	A	V	G3W7T3
Q8IVG5	566	A	T	G3W7T3
Q8IVG5	566	A	T	G3W7T3
Q8IVG5	566	A	T	G3W7T3
Q8IVG5	638	R	H	G3W7T3
Q8IVG5	638	R	H	G3W7T3
Q8IVG5	638	R	H	G3W7T3
Q8IVG5	1010	Q	E	G3W7T3
Q8IVG5	1010	Q	E	G3W7T3
Q8IVG5	1010	Q	E	G3W7T3
Q8IVG5	1137	G	A	G3W7T3
Q8IVG5	1175	Y	C	G3W7T3
Q8IVG5	1465	R	H	G3W7T3
Q8IVG5	1465	R	H	G3W7T3
Q8IVG5	1465	R	H	G3W7T3
Q8IVG5	1488	V	I	G3W7T3
Q8IVG5	1488	V	I	G3W7T3
Q8IVG5	1488	V	I	G3W7T3
Q8IVG5	1516	N	T	G3W7T3
Q8IVG5	70	R	C	G3W7T3
Q8IVG5	96	S	P	G3W7T3
Q8IVG5	96	S	P	G3W7T3
Q8IVG5	96	S	P	G3W7T3
Q8IVG5	123	P	L	G3W7T3
Q8IVG5	170	Q	R	G3W7T3
Q8IVG5	232	R	H	G3W7T3
Q8IVG5	232	R	H	G3W7T3
Q8IVG5	266	V	I	G3W7T3
Q8IVG5	289	F	S	G3W7T3
Q8IVG5	327	I	V	G3W7T3
Q8IVG5	327	I	V	G3W7T3
Q8IVG5	327	I	V	G3W7T3
Q8IVG5	339	L	I	G3W7T3
Q8IVG5	339	L	I	G3W7T3
Q8IVG5	339	L	I	G3W7T3
Q8IVG5	383	E	K	G3W7T3
Q8IVG5	406	R	Q	G3W7T3
Q8IVG5	406	R	Q	G3W7T3
Q8IVG5	458	A	S	G3W7T3
Q8IVG5	522	A	V	G3W7T3
Q8IVG5	566	A	T	G3W7T3
Q8IVG5	566	A	T	G3W7T3
Q8IVG5	566	A	T	G3W7T3
Q8IVG5	638	R	H	G3W7T3
Q8IVG5	638	R	H	G3W7T3
Q8IVG5	638	R	H	G3W7T3
Q8IVG5	1010	Q	E	G3W7T3
Q8IVG5	1010	Q	E	G3W7T3
Q8IVG5	1010	Q	E	G3W7T3
Q8IVG5	1137	G	A	G3W7T3
Q8IVG5	1175	Y	C	G3W7T3
Q8IVG5	1465	R	H	G3W7T3
Q8IVG5	1465	R	H	G3W7T3
Q8IVG5	1465	R	H	G3W7T3
Q8IVG5	1488	V	I	G3W7T3
Q8IVG5	1488	V	I	G3W7T3
Q8IVG5	1488	V	I	G3W7T3
Q8IVG5	1516	N	T	G3W7T3
Q8IVG5	70	R	C	G3W7T3
Q8IVG5	96	S	P	G3W7T3
Q8IVG5	96	S	P	G3W7T3
Q8IVG5	96	S	P	G3W7T3
Q8IVG5	123	P	L	G3W7T3
Q8IVG5	170	Q	R	G3W7T3
Q8IVG5	232	R	H	G3W7T3
Q8IVG5	232	R	H	G3W7T3
Q8IVG5	266	V	I	G3W7T3
Q8IVG5	289	F	S	G3W7T3
Q8IVG5	327	I	V	G3W7T3
Q8IVG5	327	I	V	G3W7T3
Q8IVG5	327	I	V	G3W7T3
Q8IVG5	339	L	I	G3W7T3
Q8IVG5	339	L	I	G3W7T3
Q8IVG5	339	L	I	G3W7T3
Q8IVG5	383	E	K	G3W7T3
Q8IVG5	406	R	Q	G3W7T3
Q8IVG5	406	R	Q	G3W7T3
Q8IVG5	458	A	S	G3W7T3
Q8IVG5	522	A	V	G3W7T3
Q8IVG5	566	A	T	G3W7T3
Q8IVG5	566	A	T	G3W7T3
Q8IVG5	566	A	T	G3W7T3
Q8IVG5	638	R	H	G3W7T3
Q8IVG5	638	R	H	G3W7T3
Q8IVG5	638	R	H	G3W7T3
Q8IVG5	1010	Q	E	G3W7T3
Q8IVG5	1010	Q	E	G3W7T3
Q8IVG5	1010	Q	E	G3W7T3
Q8IVG5	1137	G	A	G3W7T3
Q8IVG5	1175	Y	C	G3W7T3
Q8IVG5	1465	R	H	G3W7T3
Q8IVG5	1465	R	H	G3W7T3
Q8IVG5	1465	R	H	G3W7T3
Q8IVG5	1488	V	I	G3W7T3
Q8IVG5	1488	V	I	G3W7T3
Q8IVG5	1488	V	I	G3W7T3
Q8IVG5	1516	N	T	G3W7T3
Q8IVG5	70	R	C	G3W7T3
Q8IVG5	96	S	P	G3W7T3
Q8IVG5	96	S	P	G3W7T3
Q8IVG5	96	S	P	G3W7T3
Q8IVG5	123	P	L	G3W7T3
Q8IVG5	170	Q	R	G3W7T3
Q8IVG5	232	R	H	G3W7T3
Q8IVG5	232	R	H	G3W7T3
Q8IVG5	266	V	I	G3W7T3
Q8IVG5	289	F	S	G3W7T3
Q8IVG5	327	I	V	G3W7T3
Q8IVG5	327	I	V	G3W7T3
Q8IVG5	327	I	V	G3W7T3
Q8IVG5	339	L	I	G3W7T3
Q8IVG5	339	L	I	G3W7T3
Q8IVG5	339	L	I	G3W7T3
Q8IVG5	383	E	K	G3W7T3
Q8IVG5	406	R	Q	G3W7T3
Q8IVG5	406	R	Q	G3W7T3
Q8IVG5	458	A	S	G3W7T3
Q8IVG5	522	A	V	G3W7T3
Q8IVG5	566	A	T	G3W7T3
Q8IVG5	566	A	T	G3W7T3
Q8IVG5	566	A	T	G3W7T3
Q8IVG5	638	R	H	G3W7T3
Q8IVG5	638	R	H	G3W7T3
Q8IVG5	638	R	H	G3W7T3
Q8IVG5	1010	Q	E	G3W7T3
Q8IVG5	1010	Q	E	G3W7T3
Q8IVG5	1010	Q	E	G3W7T3
Q8IVG5	1137	G	A	G3W7T3
Q8IVG5	1175	Y	C	G3W7T3
Q8IVG5	1465	R	H	G3W7T3
Q8IVG5	1465	R	H	G3W7T3
Q8IVG5	1465	R	H	G3W7T3
Q8IVG5	1488	V	I	G3W7T3
Q8IVG5	1488	V	I	G3W7T3
Q8IVG5	1488	V	I	G3W7T3
Q8IVG5	1516	N	T	G3W7T3
Q8IVG5	70	R	C	G3W7T3
Q8IVG5	96	S	P	G3W7T3
Q8IVG5	96	S	P	G3W7T3
Q8IVG5	96	S	P	G3W7T3
Q8IVG5	123	P	L	G3W7T3
Q8IVG5	170	Q	R	G3W7T3
Q8IVG5	232	R	H	G3W7T3
Q8IVG5	232	R	H	G3W7T3
Q8IVG5	266	V	I	G3W7T3
Q8IVG5	289	F	S	G3W7T3
Q8IVG5	327	I	V	G3W7T3
Q8IVG5	327	I	V	G3W7T3
Q8IVG5	327	I	V	G3W7T3
Q8IVG5	339	L	I	G3W7T3
Q8IVG5	339	L	I	G3W7T3
Q8IVG5	339	L	I	G3W7T3
Q8IVG5	383	E	K	G3W7T3
Q8IVG5	406	R	Q	G3W7T3
Q8IVG5	406	R	Q	G3W7T3
Q8IVG5	458	A	S	G3W7T3
Q8IVG5	522	A	V	G3W7T3
Q8IVG5	566	A	T	G3W7T3
Q8IVG5	566	A	T	G3W7T3
Q8IVG5	566	A	T	G3W7T3
Q8IVG5	638	R	H	G3W7T3
Q8IVG5	638	R	H	G3W7T3
Q8IVG5	638	R	H	G3W7T3
Q8IVG5	1010	Q	E	G3W7T3
Q8IVG5	1010	Q	E	G3W7T3
Q8IVG5	1010	Q	E	G3W7T3
Q8IVG5	1137	G	A	G3W7T3
Q8IVG5	1175	Y	C	G3W7T3
Q8IVG5	1465	R	H	G3W7T3
Q8IVG5	1465	R	H	G3W7T3
Q8IVG5	1465	R	H	G3W7T3
Q8IVG5	1488	V	I	G3W7T3
Q8IVG5	1488	V	I	G3W7T3
Q8IVG5	1488	V	I	G3W7T3
Q8IVG5	1516	N	T	G3W7T3
Q8IVG5	70	R	C	G3W7T3
Q8IVG5	96	S	P	G3W7T3
Q8IVG5	96	S	P	G3W7T3
Q8IVG5	96	S	P	G3W7T3
Q8IVG5	123	P	L	G3W7T3
Q8IVG5	170	Q	R	G3W7T3
Q8IVG5	232	R	H	G3W7T3
Q8IVG5	232	R	H	G3W7T3
Q8IVG5	266	V	I	G3W7T3
Q8IVG5	289	F	S	G3W7T3
Q8IVG5	327	I	V	G3W7T3
Q8IVG5	327	I	V	G3W7T3
Q8IVG5	327	I	V	G3W7T3
Q8IVG5	339	L	I	G3W7T3
Q8IVG5	339	L	I	G3W7T3
Q8IVG5	339	L	I	G3W7T3
Q8IVG5	383	E	K	G3W7T3
Q8IVG5	406	R	Q	G3W7T3
Q8IVG5	406	R	Q	G3W7T3
Q8IVG5	458	A	S	G3W7T3
Q8IVG5	522	A	V	G3W7T3
Q8IVG5	566	A	T	G3W7T3
Q8IVG5	566	A	T	G3W7T3
Q8IVG5	566	A	T	G3W7T3
Q8IVG5	638	R	H	G3W7T3
Q8IVG5	638	R	H	G3W7T3
Q8IVG5	638	R	H	G3W7T3
Q8IVG5	1010	Q	E	G3W7T3
Q8IVG5	1010	Q	E	G3W7T3
Q8IVG5	1010	Q	E	G3W7T3
Q8IVG5	1137	G	A	G3W7T3
Q8IVG5	1175	Y	C	G3W7T3
Q8IVG5	1465	R	H	G3W7T3
Q8IVG5	1465	R	H	G3W7T3
Q8IVG5	1465	R	H	G3W7T3
Q8IVG5	1488	V	I	G3W7T3
Q8IVG5	1488	V	I	G3W7T3
Q8IVG5	1488	V	I	G3W7T3
Q8IVG5	1516	N	T	G3W7T3
Q8IVH8	200	V	L	U3I8E0
Q8IVH8	200	V	L	U3I8E0
Q8IVV7	44	R	P	A0A2U3WA74
Q8IVV7	46	H	P	A0A2U3WA74
Q8IVV8	91	K	Q	Q6DEX3
Q8IVV8	131	A	D	Q6DEX3
Q8IVV8	151	C	G	Q6DEX3
Q8IWE2	84	G	R	A0A250YK06
Q8IWE2	116	L	P	A0A250YK06
Q8IWE2	367	R	H	A0A250YK06
Q8IWE2	443	V	I	A0A250YK06
Q8IWE2	446	S	L	A0A250YK06
Q8IWF9	49	T	A	A0A1U7SK55
Q8IWF9	367	P	L	A0A1U7SK55
Q8IWL1	9	T	N	A0A2K6MA48
Q8IWL1	9	T	N	A0A2K6MA48
Q8IWL1	9	T	N	A0A2K6MA48
Q8IWL1	50	V	L	A0A2K6MA48
Q8IWL1	50	V	L	A0A2K6MA48
Q8IWL1	66	T	I	A0A2K6MA48
Q8IWL1	66	T	I	A0A2K6MA48
Q8IWL1	85	R	H	A0A2K6MA48
Q8IWL1	85	R	H	A0A2K6MA48
Q8IWL1	91	A	P	A0A2K6MA48
Q8IWL1	91	A	P	A0A2K6MA48
Q8IWL1	91	A	P	A0A2K6MA48
Q8IWL1	105	E	A	A0A2K6MA48
Q8IWL1	105	E	A	A0A2K6MA48
Q8IWL1	223	Q	K	A0A2K6MA48
Q8IWL1	223	Q	K	A0A2K6MA48
Q8IWL1	223	Q	K	A0A2K6MA48
Q8IWL1	223	Q	K	A0A2K6MA48
Q8IWL1	9	T	N	A0A2K6MA48
Q8IWL1	9	T	N	A0A2K6MA48
Q8IWL1	9	T	N	A0A2K6MA48
Q8IWL1	50	V	L	A0A2K6MA48
Q8IWL1	50	V	L	A0A2K6MA48
Q8IWL1	66	T	I	A0A2K6MA48
Q8IWL1	66	T	I	A0A2K6MA48
Q8IWL1	85	R	H	A0A2K6MA48
Q8IWL1	85	R	H	A0A2K6MA48
Q8IWL1	91	A	P	A0A2K6MA48
Q8IWL1	91	A	P	A0A2K6MA48
Q8IWL1	91	A	P	A0A2K6MA48
Q8IWL1	105	E	A	A0A2K6MA48
Q8IWL1	105	E	A	A0A2K6MA48
Q8IWL1	223	Q	K	A0A2K6MA48
Q8IWL1	223	Q	K	A0A2K6MA48
Q8IWL1	223	Q	K	A0A2K6MA48
Q8IWL1	223	Q	K	A0A2K6MA48
Q8IWL2	9	N	T	A0A2K6MA48
Q8IWL2	9	N	T	A0A2K6MA48
Q8IWL2	19	V	A	A0A2K6MA48
Q8IWL2	19	V	A	A0A2K6MA48
Q8IWL2	19	V	A	A0A2K6MA48
Q8IWL2	19	V	A	A0A2K6MA48
Q8IWL2	50	L	V	A0A2K6MA48
Q8IWL2	50	L	V	A0A2K6MA48
Q8IWL2	50	L	V	A0A2K6MA48
Q8IWL2	62	P	L	A0A2K6MA48
Q8IWL2	62	P	L	A0A2K6MA48
Q8IWL2	91	P	A	A0A2K6MA48
Q8IWL2	91	P	A	A0A2K6MA48
Q8IWL2	91	P	A	A0A2K6MA48
Q8IWL2	210	N	K	A0A2K6MA48
Q8IWL2	210	N	K	A0A2K6MA48
Q8IWL2	210	N	K	A0A2K6MA48
Q8IWL2	9	N	T	A0A2K6MA48
Q8IWL2	9	N	T	A0A2K6MA48
Q8IWL2	19	V	A	A0A2K6MA48
Q8IWL2	19	V	A	A0A2K6MA48
Q8IWL2	19	V	A	A0A2K6MA48
Q8IWL2	19	V	A	A0A2K6MA48
Q8IWL2	50	L	V	A0A2K6MA48
Q8IWL2	50	L	V	A0A2K6MA48
Q8IWL2	50	L	V	A0A2K6MA48
Q8IWL2	62	P	L	A0A2K6MA48
Q8IWL2	62	P	L	A0A2K6MA48
Q8IWL2	91	P	A	A0A2K6MA48
Q8IWL2	91	P	A	A0A2K6MA48
Q8IWL2	91	P	A	A0A2K6MA48
Q8IWL2	210	N	K	A0A2K6MA48
Q8IWL2	210	N	K	A0A2K6MA48
Q8IWL2	210	N	K	A0A2K6MA48
Q8IWL3	5	R	G	A0A287D973
Q8IWL3	5	R	G	A0A287D973
Q8IWL3	163	I	M	A0A287D973
Q8IWT1	25	L	F	A0A1S3EL59
Q8IWT1	25	L	F	A0A1S3EL59
Q8IWT1	160	N	K	A0A1S3EL59
Q8IWT1	214	G	S	A0A1S3EL59
Q8IWT1	214	G	S	A0A1S3EL59
Q8IWT1	214	G	S	A0A1S3EL59
Q8IWT3	282	G	E	L9KU90
Q8IWT3	559	T	I	L9KU90
Q8IWT3	559	T	S	L9KU90
Q8IWT3	560	L	F	L9KU90
Q8IWT3	564	L	P	L9KU90
Q8IWT3	567	Q	E	L9KU90
Q8IWT3	617	E	K	L9KU90
Q8IWT3	617	E	K	L9KU90
Q8IWT3	2058	H	P	L9KU90
Q8IWT3	2180	T	I	L9KU90
Q8IWY9	63	R	H	F7DMB3
Q8IWY9	63	R	H	F7DMB3
Q8IWY9	107	Q	L	F7DMB3
Q8IWY9	107	Q	L	F7DMB3
Q8IWY9	107	Q	L	F7DMB3
Q8IWY9	107	Q	L	F7DMB3
Q8IWY9	107	Q	L	F7DMB3
Q8IWY9	129	R	H	F7DMB3
Q8IWY9	129	R	H	F7DMB3
Q8IWY9	129	R	H	F7DMB3
Q8IWY9	129	R	H	F7DMB3
Q8IWY9	148	A	V	F7DMB3
Q8IWY9	148	A	V	F7DMB3
Q8IWY9	148	A	V	F7DMB3
Q8IWY9	148	A	V	F7DMB3
Q8IWY9	148	A	V	F7DMB3
Q8IWY9	356	E	K	F7DMB3
Q8IWY9	356	E	K	F7DMB3
Q8IWY9	356	E	K	F7DMB3
Q8IWY9	596	Q	R	F7DMB3
Q8IWY9	596	Q	R	F7DMB3
Q8IWY9	596	Q	R	F7DMB3
Q8IWY9	596	Q	R	F7DMB3
Q8IWY9	596	Q	R	F7DMB3
Q8IWY9	656	T	S	F7DMB3
Q8IWY9	656	T	S	F7DMB3
Q8IWY9	656	T	S	F7DMB3
Q8IWY9	656	T	S	F7DMB3
Q8IWY9	657	G	S	F7DMB3
Q8IWY9	657	G	S	F7DMB3
Q8IWY9	657	G	S	F7DMB3
Q8IWY9	657	G	S	F7DMB3
Q8IWY9	657	G	S	F7DMB3
Q8IWY9	687	R	C	F7DMB3
Q8IWY9	687	R	C	F7DMB3
Q8IWY9	687	R	C	F7DMB3
Q8IWY9	787	A	V	F7DMB3
Q8IWY9	787	A	V	F7DMB3
Q8IWY9	891	R	C	F7DMB3
Q8IWY9	891	R	C	F7DMB3
Q8IWY9	891	R	C	F7DMB3
Q8IWY9	891	R	C	F7DMB3
Q8IWY9	891	R	C	F7DMB3
Q8IWY9	913	Q	L	F7DMB3
Q8IWY9	913	Q	L	F7DMB3
Q8IWY9	913	Q	L	F7DMB3
Q8IWY9	917	I	S	F7DMB3
Q8IWY9	917	I	S	F7DMB3
Q8IWY9	917	I	S	F7DMB3
Q8IWY9	946	R	W	F7DMB3
Q8IWY9	946	R	W	F7DMB3
Q8IWY9	946	R	W	F7DMB3
Q8IWY9	946	R	W	F7DMB3
Q8IWY9	946	R	W	F7DMB3
Q8IWY9	1016	A	T	F7DMB3
Q8IWY9	1065	R	Q	F7DMB3
Q8IWY9	1065	R	Q	F7DMB3
Q8IWY9	1065	R	Q	F7DMB3
Q8IWY9	1065	R	Q	F7DMB3
Q8IWY9	1065	R	Q	F7DMB3
Q8IWZ8	290	R	H	G7NNG9
Q8IX03	250	R	C	A0A2K6FBW7
Q8IX03	280	V	M	A0A2K6FBW7
Q8IX03	280	V	M	A0A2K6FBW7
Q8IX03	491	G	S	A0A2K6FBW7
Q8IX03	491	G	S	A0A2K6FBW7
Q8IX03	606	N	S	A0A2K6FBW7
Q8IX03	734	M	I	A0A2K6FBW7
Q8IX03	735	S	A	A0A2K6FBW7
Q8IX05	200	R	S	A0A091CW92
Q8IX19	154	I	V	A0A2Y9M1L7
Q8IX19	162	L	V	A0A2Y9M1L7
Q8IX19	154	I	V	A0A2Y9M1L7
Q8IX19	154	I	V	A0A2Y9M1L7
Q8IX19	162	L	V	A0A2Y9M1L7
Q8IX19	162	L	V	A0A2Y9M1L7
Q8IXK2	46	G	R	A0A1A6H2L4
Q8IXK2	46	G	R	A0A1A6H2L4
Q8IXK2	46	G	R	A0A1A6H2L4
Q8IXK2	46	G	R	A0A1A6H2L4
Q8IXK2	46	G	R	A0A1A6H2L4
Q8IXK2	46	G	R	A0A1A6H2L4
Q8IXK2	65	M	L	A0A1A6H2L4
Q8IXK2	65	M	L	A0A1A6H2L4
Q8IXK2	119	E	V	A0A1A6H2L4
Q8IXK2	119	E	V	A0A1A6H2L4
Q8IXK2	119	E	V	A0A1A6H2L4
Q8IXK2	120	R	P	A0A1A6H2L4
Q8IXK2	120	R	P	A0A1A6H2L4
Q8IXK2	120	R	P	A0A1A6H2L4
Q8IXK2	120	R	P	A0A1A6H2L4
Q8IXK2	240	P	L	A0A1A6H2L4
Q8IXK2	240	P	L	A0A1A6H2L4
Q8IXK2	240	P	L	A0A1A6H2L4
Q8IXK2	240	P	L	A0A1A6H2L4
Q8IXK2	261	D	N	A0A1A6H2L4
Q8IXK2	261	D	N	A0A1A6H2L4
Q8IXK2	261	D	N	A0A1A6H2L4
Q8IXK2	302	V	I	A0A1A6H2L4
Q8IXK2	302	V	I	A0A1A6H2L4
Q8IXK2	302	V	I	A0A1A6H2L4
Q8IXK2	465	D	N	A0A1A6H2L4
Q8IXK2	465	D	N	A0A1A6H2L4
Q8IXM7	41	P	L	L9L6Y1
Q8IXM7	171	T	S	L9L6Y1
Q8IXS0	45	G	V	A0A2K5ZU09
Q8IXS0	258	A	T	A0A2K5ZU09
Q8IXS0	350	Q	E	A0A2K5ZU09
Q8IXS0	360	C	S	A0A2K5ZU09
Q8IXS0	369	R	Q	A0A2K5ZU09
Q8IXS0	431	V	I	A0A2K5ZU09
Q8IXS0	442	M	V	A0A2K5ZU09
Q8IYG6	12	R	Q	F6SQV1
Q8IYG6	19	R	Q	F6SQV1
Q8IYG6	64	R	P	F6SQV1
Q8IYG6	69	R	Q	F6SQV1
Q8IYG6	81	R	P	F6SQV1
Q8IYG6	124	A	V	F6SQV1
Q8IYG6	128	L	V	F6SQV1
Q8IYG6	182	Q	K	F6SQV1
Q8IYG6	219	V	M	F6SQV1
Q8IYG6	233	P	L	F6SQV1
Q8IYG6	258	K	Q	F6SQV1
Q8IYG6	272	P	R	F6SQV1
Q8IYG6	296	S	F	F6SQV1
Q8IYG6	300	R	H	F6SQV1
Q8IYG6	362	P	L	F6SQV1
Q8IYG6	368	T	P	F6SQV1
Q8IYG6	431	S	T	F6SQV1
Q8IYG6	442	G	R	F6SQV1
Q8IYG6	467	R	Q	F6SQV1
Q8IYG6	507	R	G	F6SQV1
Q8IYG6	523	D	H	F6SQV1
Q8IYK4	22	R	L	A0A2U9C391
Q8IYM1	213	Q	R	U3I255
Q8IYN0	8	M	V	A0A2K6KB75
Q8IYN0	22	R	S	A0A2K6KB75
Q8IYN0	22	R	S	A0A2K6KB75
Q8IYN0	389	T	I	A0A2K6KB75
Q8IYN0	8	M	V	A0A2K6KB75
Q8IYN0	8	M	V	A0A2K6KB75
Q8IYN0	22	R	S	A0A2K6KB75
Q8IYN0	22	R	S	A0A2K6KB75
Q8IYN0	389	T	I	A0A2K6KB75
Q8IYN0	389	T	I	A0A2K6KB75
Q8IYU4	92	D	V	A0A2K5VB56
Q8IYU4	143	Q	K	A0A2K5VB56
Q8IYU4	171	C	R	A0A2K5VB56
Q8IYU4	259	G	D	A0A2K5VB56
Q8IYU4	274	Y	H	A0A2K5VB56
Q8IYU4	275	A	V	A0A2K5VB56
Q8IYU4	375	R	Q	A0A2K5VB56
Q8IYU4	375	R	Q	A0A2K5VB56
Q8IYU4	379	W	G	A0A2K5VB56
Q8IYU4	429	M	T	A0A2K5VB56
Q8IYU4	455	Q	E	A0A2K5VB56
Q8IYX8	10	V	L	A0A060XYA9
Q8IYX8	10	V	L	A0A060XYA9
Q8IYX8	194	D	E	A0A060XYA9
Q8IYX8	305	W	R	A0A060XYA9
Q8IYX8	10	V	L	A0A060XYA9
Q8IYX8	10	V	L	A0A060XYA9
Q8IYX8	194	D	E	A0A060XYA9
Q8IYX8	305	W	R	A0A060XYA9
Q8IZ40	514	T	A	A0A087X6L8
Q8IZM9	70	L	M	A0A2J8R8R5
Q8IZP6	92	V	M	G3W479
Q8IZP6	200	K	R	G3W479
Q8IZU1	80	D	N	Q8IZU1
Q8IZU1	80	D	N	Q8IZU1
Q8N0V3	122	V	M	K9J073
Q8N0V3	245	N	H	K9J073
Q8N0V3	276	K	Q	K9J073
Q8N130	67	R	H	H0WT46
Q8N130	67	R	H	H0WT46
Q8N130	67	R	H	H0WT46
Q8N130	81	G	D	H0WT46
Q8N130	165	V	I	H0WT46
Q8N130	165	V	I	H0WT46
Q8N130	180	G	A	H0WT46
Q8N130	180	G	A	H0WT46
Q8N130	180	G	A	H0WT46
Q8N130	180	G	A	H0WT46
Q8N130	213	T	M	H0WT46
Q8N130	227	A	T	H0WT46
Q8N130	227	A	T	H0WT46
Q8N130	237	D	N	H0WT46
Q8N130	237	D	N	H0WT46
Q8N130	237	D	N	H0WT46
Q8N130	237	D	N	H0WT46
Q8N130	260	S	N	H0WT46
Q8N130	260	S	N	H0WT46
Q8N130	260	S	N	H0WT46
Q8N130	264	G	S	H0WT46
Q8N130	264	G	S	H0WT46
Q8N130	264	G	S	H0WT46
Q8N130	279	T	M	H0WT46
Q8N130	279	T	M	H0WT46
Q8N130	310	R	H	H0WT46
Q8N130	310	R	H	H0WT46
Q8N130	310	R	H	H0WT46
Q8N130	337	G	S	H0WT46
Q8N130	337	G	S	H0WT46
Q8N130	337	G	S	H0WT46
Q8N130	375	G	S	H0WT46
Q8N130	375	G	S	H0WT46
Q8N130	388	A	T	H0WT46
Q8N130	388	A	T	H0WT46
Q8N130	485	R	H	H0WT46
Q8N130	485	R	H	H0WT46
Q8N130	485	R	H	H0WT46
Q8N130	485	R	H	H0WT46
Q8N130	512	M	T	H0WT46
Q8N130	513	E	V	H0WT46
Q8N130	513	E	V	H0WT46
Q8N130	513	E	V	H0WT46
Q8N130	513	E	V	H0WT46
Q8N130	529	I	F	H0WT46
Q8N130	529	I	F	H0WT46
Q8N130	529	I	F	H0WT46
Q8N130	529	I	F	H0WT46
Q8N130	537	R	H	H0WT46
Q8N130	537	R	H	H0WT46
Q8N130	537	R	H	H0WT46
Q8N130	593	I	M	H0WT46
Q8N130	67	R	H	H0WT46
Q8N130	67	R	H	H0WT46
Q8N130	67	R	H	H0WT46
Q8N130	81	G	D	H0WT46
Q8N130	165	V	I	H0WT46
Q8N130	165	V	I	H0WT46
Q8N130	180	G	A	H0WT46
Q8N130	180	G	A	H0WT46
Q8N130	180	G	A	H0WT46
Q8N130	180	G	A	H0WT46
Q8N130	213	T	M	H0WT46
Q8N130	227	A	T	H0WT46
Q8N130	227	A	T	H0WT46
Q8N130	237	D	N	H0WT46
Q8N130	237	D	N	H0WT46
Q8N130	237	D	N	H0WT46
Q8N130	237	D	N	H0WT46
Q8N130	260	S	N	H0WT46
Q8N130	260	S	N	H0WT46
Q8N130	260	S	N	H0WT46
Q8N130	264	G	S	H0WT46
Q8N130	264	G	S	H0WT46
Q8N130	264	G	S	H0WT46
Q8N130	279	T	M	H0WT46
Q8N130	279	T	M	H0WT46
Q8N130	310	R	H	H0WT46
Q8N130	310	R	H	H0WT46
Q8N130	310	R	H	H0WT46
Q8N130	337	G	S	H0WT46
Q8N130	337	G	S	H0WT46
Q8N130	337	G	S	H0WT46
Q8N130	375	G	S	H0WT46
Q8N130	375	G	S	H0WT46
Q8N130	388	A	T	H0WT46
Q8N130	388	A	T	H0WT46
Q8N130	485	R	H	H0WT46
Q8N130	485	R	H	H0WT46
Q8N130	485	R	H	H0WT46
Q8N130	485	R	H	H0WT46
Q8N130	512	M	T	H0WT46
Q8N130	513	E	V	H0WT46
Q8N130	513	E	V	H0WT46
Q8N130	513	E	V	H0WT46
Q8N130	513	E	V	H0WT46
Q8N130	529	I	F	H0WT46
Q8N130	529	I	F	H0WT46
Q8N130	529	I	F	H0WT46
Q8N130	529	I	F	H0WT46
Q8N130	537	R	H	H0WT46
Q8N130	537	R	H	H0WT46
Q8N130	537	R	H	H0WT46
Q8N130	593	I	M	H0WT46
Q8N130	67	R	H	H0WT46
Q8N130	67	R	H	H0WT46
Q8N130	67	R	H	H0WT46
Q8N130	81	G	D	H0WT46
Q8N130	165	V	I	H0WT46
Q8N130	165	V	I	H0WT46
Q8N130	180	G	A	H0WT46
Q8N130	180	G	A	H0WT46
Q8N130	180	G	A	H0WT46
Q8N130	180	G	A	H0WT46
Q8N130	213	T	M	H0WT46
Q8N130	227	A	T	H0WT46
Q8N130	227	A	T	H0WT46
Q8N130	237	D	N	H0WT46
Q8N130	237	D	N	H0WT46
Q8N130	237	D	N	H0WT46
Q8N130	237	D	N	H0WT46
Q8N130	260	S	N	H0WT46
Q8N130	260	S	N	H0WT46
Q8N130	260	S	N	H0WT46
Q8N130	264	G	S	H0WT46
Q8N130	264	G	S	H0WT46
Q8N130	264	G	S	H0WT46
Q8N130	279	T	M	H0WT46
Q8N130	279	T	M	H0WT46
Q8N130	310	R	H	H0WT46
Q8N130	310	R	H	H0WT46
Q8N130	310	R	H	H0WT46
Q8N130	337	G	S	H0WT46
Q8N130	337	G	S	H0WT46
Q8N130	337	G	S	H0WT46
Q8N130	375	G	S	H0WT46
Q8N130	375	G	S	H0WT46
Q8N130	388	A	T	H0WT46
Q8N130	388	A	T	H0WT46
Q8N130	485	R	H	H0WT46
Q8N130	485	R	H	H0WT46
Q8N130	485	R	H	H0WT46
Q8N130	485	R	H	H0WT46
Q8N130	512	M	T	H0WT46
Q8N130	513	E	V	H0WT46
Q8N130	513	E	V	H0WT46
Q8N130	513	E	V	H0WT46
Q8N130	513	E	V	H0WT46
Q8N130	529	I	F	H0WT46
Q8N130	529	I	F	H0WT46
Q8N130	529	I	F	H0WT46
Q8N130	529	I	F	H0WT46
Q8N130	537	R	H	H0WT46
Q8N130	537	R	H	H0WT46
Q8N130	537	R	H	H0WT46
Q8N130	593	I	M	H0WT46
Q8N139	282	V	I	D3ZCF8
Q8N139	610	N	Y	D3ZCF8
Q8N139	698	M	I	D3ZCF8
Q8N139	875	M	I	D3ZCF8
Q8N139	1322	N	S	D3ZCF8
Q8N139	1359	C	R	D3ZCF8
Q8N142	124	W	C	U3JJY4
Q8N142	292	G	S	U3JJY4
Q8N142	292	G	S	U3JJY4
Q8N142	329	W	S	U3JJY4
Q8N142	329	W	S	U3JJY4
Q8N142	358	A	V	U3JJY4
Q8N163	298	I	V	A0A1A6H3Y4
Q8N163	469	D	Y	A0A1A6H3Y4
Q8N163	469	D	Y	A0A1A6H3Y4
Q8N163	785	P	A	A0A1A6H3Y4
Q8N163	785	P	A	A0A1A6H3Y4
Q8N163	298	I	V	A0A1A6H3Y4
Q8N163	469	D	Y	A0A1A6H3Y4
Q8N163	469	D	Y	A0A1A6H3Y4
Q8N163	785	P	A	A0A1A6H3Y4
Q8N163	785	P	A	A0A1A6H3Y4
Q8N1E2	172	Q	E	A0A287A3K4
Q8N1E2	172	Q	E	A0A287A3K4
Q8N1K5	36	M	T	A0A2I0MVN8
Q8N1K5	36	M	T	A0A2I0MVN8
Q8N1K5	584	S	F	A0A2I0MVN8
Q8N1K5	584	S	F	A0A2I0MVN8
Q8N1K5	630	I	V	A0A2I0MVN8
Q8N1K5	36	M	T	A0A2I0MVN8
Q8N1K5	36	M	T	A0A2I0MVN8
Q8N1K5	584	S	F	A0A2I0MVN8
Q8N1K5	584	S	F	A0A2I0MVN8
Q8N1K5	630	I	V	A0A2I0MVN8
Q8N1K5	36	M	T	A0A2I0MVN8
Q8N1K5	36	M	T	A0A2I0MVN8
Q8N1K5	584	S	F	A0A2I0MVN8
Q8N1K5	584	S	F	A0A2I0MVN8
Q8N1K5	630	I	V	A0A2I0MVN8
Q8N1K5	630	I	V	A0A2I0MVN8
Q8N1K5	36	M	T	A0A2I0MVN8
Q8N1K5	36	M	T	A0A2I0MVN8
Q8N1K5	584	S	F	A0A2I0MVN8
Q8N1K5	584	S	F	A0A2I0MVN8
Q8N1K5	630	I	V	A0A2I0MVN8
Q8N1K5	630	I	V	A0A2I0MVN8
Q8N1N4	7	R	Q	A0A2Y9DGC1
Q8N1N4	7	R	Q	A0A2Y9DGC1
Q8N1N4	25	R	H	A0A2Y9DGC1
Q8N1N4	46	G	R	A0A2Y9DGC1
Q8N1N4	92	L	P	A0A2Y9DGC1
Q8N1N4	109	T	M	A0A2Y9DGC1
Q8N1N4	109	T	M	A0A2Y9DGC1
Q8N1N4	224	G	A	A0A2Y9DGC1
Q8N1N4	224	G	A	A0A2Y9DGC1
Q8N1N4	238	A	T	A0A2Y9DGC1
Q8N1N4	293	A	T	A0A2Y9DGC1
Q8N1N4	306	T	I	A0A2Y9DGC1
Q8N1N4	363	R	H	A0A2Y9DGC1
Q8N1N4	363	R	H	A0A2Y9DGC1
Q8N1W2	56	M	V	F6VD56
Q8N1W2	189	P	A	F6VD56
Q8N201	370	K	R	A0A2A3EK45
Q8N201	370	K	R	A0A2A3EK45
Q8N201	1317	D	G	A0A2A3EK45
Q8N201	1317	D	G	A0A2A3EK45
Q8N201	1321	A	G	A0A2A3EK45
Q8N201	1321	A	G	A0A2A3EK45
Q8N201	1322	P	S	A0A2A3EK45
Q8N201	1322	P	S	A0A2A3EK45
Q8N201	1818	P	S	A0A2A3EK45
Q8N201	1818	P	S	A0A2A3EK45
Q8N201	1847	A	V	A0A2A3EK45
Q8N201	1847	A	V	A0A2A3EK45
Q8N201	2083	F	C	A0A2A3EK45
Q8N201	2083	F	C	A0A2A3EK45
Q8N2R8	249	K	N	A0A2U3ZCG7
Q8N2R8	249	K	N	A0A2U3ZCG7
Q8N2R8	297	E	K	A0A2U3ZCG7
Q8N2R8	297	E	K	A0A2U3ZCG7
Q8N307	3	C	S	A0A2J8R0W2
Q8N307	40	D	E	A0A2J8R0W2
Q8N307	47	T	A	A0A2J8R0W2
Q8N307	75	I	V	A0A2J8R0W2
Q8N307	123	G	R	A0A2J8R0W2
Q8N307	136	R	K	A0A2J8R0W2
Q8N307	136	R	G	A0A2J8R0W2
Q8N307	144	C	Y	A0A2J8R0W2
Q8N307	182	S	G	A0A2J8R0W2
Q8N307	211	A	V	A0A2J8R0W2
Q8N307	221	P	L	A0A2J8R0W2
Q8N307	343	R	W	A0A2J8R0W2
Q8N307	391	G	S	A0A2J8R0W2
Q8N307	392	P	L	A0A2J8R0W2
Q8N307	429	I	V	A0A2J8R0W2
Q8N307	437	P	S	A0A2J8R0W2
Q8N307	442	T	I	A0A2J8R0W2
Q8N307	444	L	P	A0A2J8R0W2
Q8N307	447	T	M	A0A2J8R0W2
Q8N307	466	E	D	A0A2J8R0W2
Q8N307	466	E	K	A0A2J8R0W2
Q8N307	467	A	T	A0A2J8R0W2
Q8N307	493	D	H	A0A2J8R0W2
Q8N307	496	V	I	A0A2J8R0W2
Q8N307	505	A	T	A0A2J8R0W2
Q8N307	506	T	I	A0A2J8R0W2
Q8N307	514	G	R	A0A2J8R0W2
Q8N307	523	V	A	A0A2J8R0W2
Q8N307	580	A	T	A0A2J8R0W2
Q8N307	590	P	L	A0A2J8R0W2
Q8N307	592	M	T	A0A2J8R0W2
Q8N307	595	A	T	A0A2J8R0W2
Q8N307	605	D	A	A0A2J8R0W2
Q8N307	624	T	I	A0A2J8R0W2
Q8N307	628	I	T	A0A2J8R0W2
Q8N307	648	T	M	A0A2J8R0W2
Q8N307	650	P	L	A0A2J8R0W2
Q8N307	654	V	M	A0A2J8R0W2
Q8N307	666	R	W	A0A2J8R0W2
Q8N307	671	S	C	A0A2J8R0W2
Q8N307	672	P	L	A0A2J8R0W2
Q8N307	3	C	S	A0A2J8R0W2
Q8N307	3	C	S	A0A2J8R0W2
Q8N307	442	T	I	A0A2J8R0W2
Q8N307	442	T	I	A0A2J8R0W2
Q8N307	514	G	R	A0A2J8R0W2
Q8N307	514	G	R	A0A2J8R0W2
Q8N307	590	P	L	A0A2J8R0W2
Q8N307	590	P	L	A0A2J8R0W2
Q8N307	666	R	W	A0A2J8R0W2
Q8N307	666	R	W	A0A2J8R0W2
Q8N307	671	S	C	A0A2J8R0W2
Q8N307	671	S	C	A0A2J8R0W2
Q8N307	3	C	S	A0A2J8R0W2
Q8N307	3	C	S	A0A2J8R0W2
Q8N307	442	T	I	A0A2J8R0W2
Q8N307	442	T	I	A0A2J8R0W2
Q8N307	514	G	R	A0A2J8R0W2
Q8N307	514	G	R	A0A2J8R0W2
Q8N307	590	P	L	A0A2J8R0W2
Q8N307	590	P	L	A0A2J8R0W2
Q8N307	666	R	W	A0A2J8R0W2
Q8N307	666	R	W	A0A2J8R0W2
Q8N307	671	S	C	A0A2J8R0W2
Q8N307	671	S	C	A0A2J8R0W2
Q8N307	3	C	S	A0A2J8R0W2
Q8N307	3	C	S	A0A2J8R0W2
Q8N307	442	T	I	A0A2J8R0W2
Q8N307	442	T	I	A0A2J8R0W2
Q8N307	514	G	R	A0A2J8R0W2
Q8N307	514	G	R	A0A2J8R0W2
Q8N307	590	P	L	A0A2J8R0W2
Q8N307	590	P	L	A0A2J8R0W2
Q8N307	666	R	W	A0A2J8R0W2
Q8N307	666	R	W	A0A2J8R0W2
Q8N307	671	S	C	A0A2J8R0W2
Q8N307	671	S	C	A0A2J8R0W2
Q8N323	40	L	S	A0A2U3XIH3
Q8N323	318	G	S	A0A2U3XIH3
Q8N323	318	G	S	A0A2U3XIH3
Q8N323	353	G	R	A0A2U3XIH3
Q8N323	423	I	T	A0A2U3XIH3
Q8N323	40	L	S	A0A2U3XIH3
Q8N323	318	G	S	A0A2U3XIH3
Q8N323	318	G	S	A0A2U3XIH3
Q8N323	353	G	R	A0A2U3XIH3
Q8N323	423	I	T	A0A2U3XIH3
Q8N371	97	I	V	H2KP05
Q8N371	97	I	V	H2KP05
Q8N386	234	P	T	A0A2U3V792
Q8N386	234	P	T	A0A2U3V792
Q8N386	285	C	Y	A0A2U3V792
Q8N386	294	P	S	A0A2U3V792
Q8N386	234	P	T	A0A2U3V792
Q8N386	234	P	T	A0A2U3V792
Q8N386	285	C	Y	A0A2U3V792
Q8N386	294	P	S	A0A2U3V792
Q8N3C0	59	E	A	G3T7C8
Q8N3C0	59	E	A	G3T7C8
Q8N3C0	146	L	F	G3T7C8
Q8N3C0	300	D	G	G3T7C8
Q8N3C0	300	D	G	G3T7C8
Q8N3C0	710	K	R	G3T7C8
Q8N3C0	710	K	R	G3T7C8
Q8N3C0	1050	V	I	G3T7C8
Q8N3C0	1050	V	I	G3T7C8
Q8N3C0	1203	Y	C	G3T7C8
Q8N3C0	1203	Y	C	G3T7C8
Q8N3C0	1930	V	M	G3T7C8
Q8N3C0	1995	S	C	G3T7C8
Q8N3C0	2094	H	Y	G3T7C8
Q8N3C0	2094	H	Y	G3T7C8
Q8N3C0	2176	Y	C	G3T7C8
Q8N3J2	163	L	F	E2RJ25
Q8N3J2	230	E	D	E2RJ25
Q8N3J2	310	Q	K	E2RJ25
Q8N3J2	468	V	L	E2RJ25
Q8N3P4	83	I	V	K1R9K0
Q8N3P4	583	V	I	K1R9K0
Q8N3P4	583	V	I	K1R9K0
Q8N3P4	953	E	K	K1R9K0
Q8N3P4	953	E	K	K1R9K0
Q8N3P4	1165	H	Y	K1R9K0
Q8N3P4	1319	S	N	K1R9K0
Q8N3P4	1364	I	T	K1R9K0
Q8N3P4	1372	R	H	K1R9K0
Q8N3P4	1372	R	H	K1R9K0
Q8N3R9	60	R	W	S9WU72
Q8N3R9	60	R	W	S9WU72
Q8N3R9	141	S	Y	S9WU72
Q8N3R9	60	R	W	S9WU72
Q8N3R9	60	R	W	S9WU72
Q8N3R9	141	S	Y	S9WU72
Q8N3R9	60	R	W	S9WU72
Q8N3R9	60	R	W	S9WU72
Q8N3R9	141	S	Y	S9WU72
Q8N3R9	60	R	W	S9WU72
Q8N3R9	60	R	W	S9WU72
Q8N3R9	141	S	Y	S9WU72
Q8N3R9	60	R	W	S9WU72
Q8N3R9	60	R	W	S9WU72
Q8N3R9	141	S	Y	S9WU72
Q8N3V7	67	D	N	A0A1S2ZAP3
Q8N3V7	272	P	S	A0A1S2ZAP3
Q8N3V7	272	P	S	A0A1S2ZAP3
Q8N3V7	581	A	V	A0A1S2ZAP3
Q8N3V7	581	A	V	A0A1S2ZAP3
Q8N3V7	637	V	M	A0A1S2ZAP3
Q8N3V7	637	V	M	A0A1S2ZAP3
Q8N3V7	67	D	N	A0A1S2ZAP3
Q8N3V7	272	P	S	A0A1S2ZAP3
Q8N3V7	272	P	S	A0A1S2ZAP3
Q8N3V7	581	A	V	A0A1S2ZAP3
Q8N3V7	581	A	V	A0A1S2ZAP3
Q8N3V7	637	V	M	A0A1S2ZAP3
Q8N3V7	637	V	M	A0A1S2ZAP3
Q8N3Y1	58	R	G	H2L5P8
Q8N3Y1	192	R	Q	H2L5P8
Q8N3Y1	211	T	A	H2L5P8
Q8N3Y1	211	T	A	H2L5P8
Q8N3Y1	523	S	G	H2L5P8
Q8N3Y1	523	S	G	H2L5P8
Q8N3Y1	536	T	M	H2L5P8
Q8N3Y1	536	T	M	H2L5P8
Q8N442	30	P	S	A0A0P5D6E5
Q8N442	30	P	S	A0A0P5D6E5
Q8N442	58	L	P	A0A0P5D6E5
Q8N442	95	I	V	A0A0P5D6E5
Q8N442	95	I	V	A0A0P5D6E5
Q8N442	148	S	I	A0A0P5D6E5
Q8N442	148	S	I	A0A0P5D6E5
Q8N442	172	Q	E	A0A0P5D6E5
Q8N442	172	Q	E	A0A0P5D6E5
Q8N442	219	D	Y	A0A0P5D6E5
Q8N442	219	D	Y	A0A0P5D6E5
Q8N442	221	C	S	A0A0P5D6E5
Q8N442	221	C	S	A0A0P5D6E5
Q8N442	277	D	N	A0A0P5D6E5
Q8N442	287	V	I	A0A0P5D6E5
Q8N442	371	N	S	A0A0P5D6E5
Q8N442	371	N	S	A0A0P5D6E5
Q8N442	390	R	Q	A0A0P5D6E5
Q8N442	406	G	R	A0A0P5D6E5
Q8N442	503	I	V	A0A0P5D6E5
Q8N442	503	I	V	A0A0P5D6E5
Q8N442	576	H	Y	A0A0P5D6E5
Q8N448	198	S	P	H3DJW3
Q8N448	198	S	P	H3DJW3
Q8N4A0	262	N	K	A0A1A6H2L4
Q8N4A0	262	N	K	A0A1A6H2L4
Q8N4A0	270	I	T	A0A1A6H2L4
Q8N4A0	506	V	I	A0A1A6H2L4
Q8N4A0	516	Q	K	A0A1A6H2L4
Q8N4A0	516	Q	K	A0A1A6H2L4
Q8N4C8	705	I	L	A0A2D0Q537
Q8N4C8	705	I	L	A0A2D0Q537
Q8N4C8	771	V	A	A0A2D0Q537
Q8N4C8	775	P	L	A0A2D0Q537
Q8N4C8	863	V	I	A0A2D0Q537
Q8N4C8	967	D	N	A0A2D0Q537
Q8N4S0	108	T	A	M7BK87
Q8N4S0	108	T	A	M7BK87
Q8N4S0	327	Q	R	M7BK87
Q8N4S0	108	T	A	M7BK87
Q8N4S0	108	T	A	M7BK87
Q8N4S0	327	Q	R	M7BK87
Q8N4S0	108	T	A	M7BK87
Q8N4S0	108	T	A	M7BK87
Q8N4S0	327	Q	R	M7BK87
Q8N4S0	108	T	A	M7BK87
Q8N4S0	108	T	A	M7BK87
Q8N4S0	327	Q	R	M7BK87
Q8N4S0	108	T	A	M7BK87
Q8N4S0	108	T	A	M7BK87
Q8N4S0	327	Q	R	M7BK87
Q8N4S0	108	T	A	M7BK87
Q8N4S0	108	T	A	M7BK87
Q8N4S0	327	Q	R	M7BK87
Q8N4S0	108	T	A	M7BK87
Q8N4S0	108	T	A	M7BK87
Q8N4S0	327	Q	R	M7BK87
Q8N4S0	108	T	A	M7BK87
Q8N4S0	108	T	A	M7BK87
Q8N4S0	327	Q	R	M7BK87
Q8N4S0	108	T	A	M7BK87
Q8N4S0	108	T	A	M7BK87
Q8N4S0	327	Q	R	M7BK87
Q8N4S0	108	T	A	M7BK87
Q8N4S0	108	T	A	M7BK87
Q8N4S0	327	Q	R	M7BK87
Q8N4S0	108	T	A	M7BK87
Q8N4S0	108	T	A	M7BK87
Q8N4S0	327	Q	R	M7BK87
Q8N4S0	108	T	A	M7BK87
Q8N4S0	108	T	A	M7BK87
Q8N4S0	327	Q	R	M7BK87
Q8N4S0	108	T	A	M7BK87
Q8N4S0	108	T	A	M7BK87
Q8N4S0	327	Q	R	M7BK87
Q8N4S0	108	T	A	M7BK87
Q8N4S0	108	T	A	M7BK87
Q8N4S0	327	Q	R	M7BK87
Q8N4S0	108	T	A	M7BK87
Q8N4S0	108	T	A	M7BK87
Q8N4S0	327	Q	R	M7BK87
Q8N4S0	108	T	A	M7BK87
Q8N4S0	108	T	A	M7BK87
Q8N4S0	327	Q	R	M7BK87
Q8N4S0	108	T	A	M7BK87
Q8N4S0	108	T	A	M7BK87
Q8N4S0	327	Q	R	M7BK87
Q8N4T0	45	F	L	W5MLT5
Q8N4T0	45	F	L	W5MLT5
Q8N4T0	45	F	L	W5MLT5
Q8N4T0	45	F	L	W5MLT5
Q8N4T0	45	F	L	W5MLT5
Q8N4T0	173	S	C	W5MLT5
Q8N4T0	173	S	C	W5MLT5
Q8N4T0	173	S	C	W5MLT5
Q8N4T0	173	S	C	W5MLT5
Q8N4T0	217	Y	H	W5MLT5
Q8N4T0	249	N	S	W5MLT5
Q8N4T0	249	N	S	W5MLT5
Q8N4T0	249	N	S	W5MLT5
Q8N4T0	249	N	S	W5MLT5
Q8N4T0	249	N	S	W5MLT5
Q8N4T0	413	L	F	W5MLT5
Q8N4T0	413	L	F	W5MLT5
Q8N4T0	413	L	F	W5MLT5
Q8N4T0	413	L	F	W5MLT5
Q8N4T4	5	C	F	A0A1U7SBG8
Q8N4T4	306	H	R	A0A1U7SBG8
Q8N5J2	41	R	S	F1PUK8
Q8N5J2	385	T	K	F1PUK8
Q8N5J2	41	R	S	F1PUK8
Q8N5J2	385	T	K	F1PUK8
Q8N5J2	41	R	S	F1PUK8
Q8N5J2	385	T	K	F1PUK8
Q8N5W8	2	P	L	A0A1S3FMW8
Q8N5W8	2	P	L	A0A1S3FMW8
Q8N5W9	39	L	S	A0A250YCH8
Q8N5Z5	19	A	T	A0A2K5MDF3
Q8N5Z5	167	G	S	A0A2K5MDF3
Q8N5Z5	264	R	H	A0A2K5MDF3
Q8N5Z5	306	H	D	A0A2K5MDF3
Q8N5Z5	19	A	T	A0A2K5MDF3
Q8N5Z5	167	G	S	A0A2K5MDF3
Q8N5Z5	264	R	H	A0A2K5MDF3
Q8N5Z5	306	H	D	A0A2K5MDF3
Q8N668	120	R	W	F7HEJ4
Q8N697	239	V	A	A0A1S3ART7
Q8N699	119	G	S	A0A2R8M4T5
Q8N6C5	166	E	D	A0A2U3Z0X7
Q8N6C5	381	N	H	A0A2U3Z0X7
Q8N6C5	381	N	H	A0A2U3Z0X7
Q8N6C5	381	N	H	A0A2U3Z0X7
Q8N6C5	395	L	R	A0A2U3Z0X7
Q8N6C5	395	L	R	A0A2U3Z0X7
Q8N6C5	395	L	R	A0A2U3Z0X7
Q8N6C5	599	N	T	A0A2U3Z0X7
Q8N6C5	599	N	T	A0A2U3Z0X7
Q8N6C5	599	N	T	A0A2U3Z0X7
Q8N6C5	711	G	A	A0A2U3Z0X7
Q8N6C5	980	V	A	A0A2U3Z0X7
Q8N6C5	980	V	A	A0A2U3Z0X7
Q8N6C5	1076	M	I	A0A2U3Z0X7
Q8N6C5	1076	M	I	A0A2U3Z0X7
Q8N6C5	1076	M	I	A0A2U3Z0X7
Q8N6C5	1126	G	S	A0A2U3Z0X7
Q8N6C5	1126	G	S	A0A2U3Z0X7
Q8N6C5	166	E	D	A0A2U3Z0X7
Q8N6C5	381	N	H	A0A2U3Z0X7
Q8N6C5	381	N	H	A0A2U3Z0X7
Q8N6C5	381	N	H	A0A2U3Z0X7
Q8N6C5	395	L	R	A0A2U3Z0X7
Q8N6C5	395	L	R	A0A2U3Z0X7
Q8N6C5	395	L	R	A0A2U3Z0X7
Q8N6C5	599	N	T	A0A2U3Z0X7
Q8N6C5	599	N	T	A0A2U3Z0X7
Q8N6C5	599	N	T	A0A2U3Z0X7
Q8N6C5	711	G	A	A0A2U3Z0X7
Q8N6C5	980	V	A	A0A2U3Z0X7
Q8N6C5	980	V	A	A0A2U3Z0X7
Q8N6C5	1076	M	I	A0A2U3Z0X7
Q8N6C5	1076	M	I	A0A2U3Z0X7
Q8N6C5	1076	M	I	A0A2U3Z0X7
Q8N6C5	1126	G	S	A0A2U3Z0X7
Q8N6C5	1126	G	S	A0A2U3Z0X7
Q8N6G6	131	V	F	F7G6E2
Q8N6G6	131	V	F	F7G6E2
Q8N6G6	242	S	N	F7G6E2
Q8N6G6	823	L	I	F7G6E2
Q8N6G6	853	G	R	F7G6E2
Q8N6G6	990	E	A	F7G6E2
Q8N6G6	1014	A	V	F7G6E2
Q8N6G6	1026	S	F	F7G6E2
Q8N6G6	1125	R	H	F7G6E2
Q8N6G6	1125	R	H	F7G6E2
Q8N6G6	1409	D	G	F7G6E2
Q8N6M6	103	S	N	A0A099ZK94
Q8N6M6	103	S	N	A0A099ZK94
Q8N6M6	179	V	I	A0A099ZK94
Q8N6M6	179	V	I	A0A099ZK94
Q8N6M6	179	V	I	A0A099ZK94
Q8N6M6	255	R	Q	A0A099ZK94
Q8N6M6	696	R	L	A0A099ZK94
Q8N7B9	338	Y	C	A0A1U7QB67
Q8N7B9	370	S	F	A0A1U7QB67
Q8N7B9	370	S	F	A0A1U7QB67
Q8N7C0	209	D	E	G3WTY4
Q8N7C0	277	R	C	G3WTY4
Q8N7C0	277	R	C	G3WTY4
Q8N7M0	49	E	D	D3Z8A1
Q8N7M0	143	L	I	D3Z8A1
Q8N7X4	93	S	R	A0A2K6TJJ9
Q8N7X4	155	G	A	A0A2K6TJJ9
Q8N7X4	172	G	R	A0A2K6TJJ9
Q8N801	17	L	M	H0W9T0
Q8N801	31	Q	R	H0W9T0
Q8N801	62	E	G	H0W9T0
Q8N807	26	A	T	L8IJI0
Q8N807	475	L	R	L8IJI0
Q8N807	527	R	K	L8IJI0
Q8N807	529	G	E	L8IJI0
Q8N884	17	A	G	G3T540
Q8N884	17	A	G	G3T540
Q8N884	35	T	N	G3T540
Q8N884	48	A	E	G3T540
Q8N884	101	G	R	G3T540
Q8N884	261	P	H	G3T540
Q8N8L2	41	T	I	A0A2U3ZE69
Q8N8R5	64	D	E	G1TBP6
Q8N8R7	180	T	P	A0A1D5QMG3
Q8N8R7	180	T	P	A0A1D5QMG3
Q8N8S7	265	S	L	A0A2I2TZX9
Q8N8S7	265	S	L	A0A2I2TZX9
Q8N8U9	158	M	I	A0A2U9CGZ4
Q8N8U9	158	M	I	A0A2U9CGZ4
Q8N8U9	158	M	I	A0A2U9CGZ4
Q8N8U9	194	G	S	A0A2U9CGZ4
Q8N8U9	194	G	S	A0A2U9CGZ4
Q8N8U9	194	G	S	A0A2U9CGZ4
Q8N8U9	363	V	I	A0A2U9CGZ4
Q8N8U9	363	V	I	A0A2U9CGZ4
Q8N8U9	363	V	I	A0A2U9CGZ4
Q8N8U9	484	M	T	A0A2U9CGZ4
Q8N8U9	555	R	W	A0A2U9CGZ4
Q8N8U9	555	R	W	A0A2U9CGZ4
Q8N8U9	555	R	W	A0A2U9CGZ4
Q8N8U9	578	A	T	A0A2U9CGZ4
Q8N8U9	158	M	I	A0A2U9CGZ4
Q8N8U9	158	M	I	A0A2U9CGZ4
Q8N8U9	158	M	I	A0A2U9CGZ4
Q8N8U9	194	G	S	A0A2U9CGZ4
Q8N8U9	194	G	S	A0A2U9CGZ4
Q8N8U9	194	G	S	A0A2U9CGZ4
Q8N8U9	363	V	I	A0A2U9CGZ4
Q8N8U9	363	V	I	A0A2U9CGZ4
Q8N8U9	363	V	I	A0A2U9CGZ4
Q8N8U9	484	M	T	A0A2U9CGZ4
Q8N8U9	555	R	W	A0A2U9CGZ4
Q8N8U9	555	R	W	A0A2U9CGZ4
Q8N8U9	555	R	W	A0A2U9CGZ4
Q8N8U9	578	A	T	A0A2U9CGZ4
Q8N8X9	338	T	A	A0A2Y9EGV7
Q8N8X9	338	T	A	A0A2Y9EGV7
Q8N8X9	338	T	A	A0A2Y9EGV7
Q8N8Y5	79	I	V	H0XHR1
Q8N8Y5	79	I	V	H0XHR1
Q8N944	178	A	G	A0A1U7TG87
Q8N944	340	S	P	A0A1U7TG87
Q8N944	434	L	V	A0A1U7TG87
Q8N944	807	G	D	A0A1U7TG87
Q8N944	178	A	G	A0A1U7TG87
Q8N944	340	S	P	A0A1U7TG87
Q8N944	434	L	V	A0A1U7TG87
Q8N944	807	G	D	A0A1U7TG87
Q8N9H8	17	R	C	A0A1U8D3X9
Q8N9H8	20	R	Q	A0A1U8D3X9
Q8N9H8	31	T	A	A0A1U8D3X9
Q8N9H8	110	A	V	A0A1U8D3X9
Q8N9H8	122	A	S	A0A1U8D3X9
Q8N9H8	160	A	T	A0A1U8D3X9
Q8N9H8	220	R	Q	A0A1U8D3X9
Q8N9H8	322	E	D	A0A1U8D3X9
Q8N9H8	336	V	M	A0A1U8D3X9
Q8N9H8	345	G	R	A0A1U8D3X9
Q8N9H8	502	A	V	A0A1U8D3X9
Q8N9H8	504	V	M	A0A1U8D3X9
Q8N9H8	533	T	M	A0A1U8D3X9
Q8N9H8	533	T	M	A0A1U8D3X9
Q8N9H8	545	C	Y	A0A1U8D3X9
Q8N9H8	653	R	C	A0A1U8D3X9
Q8N9H8	717	R	C	A0A1U8D3X9
Q8N9H8	810	R	Q	A0A1U8D3X9
Q8N9L9	57	R	C	A0A2R8Z7Z6
Q8N9L9	180	G	A	A0A2R8Z7Z6
Q8N9L9	187	A	D	A0A2R8Z7Z6
Q8N9R8	37	A	T	A0A0P4YPP5
Q8N9W6	2	Q	E	W8QRL2
Q8N9W6	2	Q	E	W8QRL2
Q8NA23	113	P	S	A0A2K6ENK0
Q8NA23	257	C	S	A0A2K6ENK0
Q8NA54	126	V	M	A0A2K6FA58
Q8NA54	691	D	N	A0A2K6FA58
Q8NA54	735	R	P	A0A2K6FA58
Q8NA54	126	V	M	A0A2K6FA58
Q8NA54	691	D	N	A0A2K6FA58
Q8NA54	735	R	P	A0A2K6FA58
Q8NAC3	56	S	N	F7D217
Q8NAC3	56	S	N	F7D217
Q8NAC3	40	R	H	F7D217
Q8NAC3	40	R	H	F7D217
Q8NAC3	54	V	A	F7D217
Q8NAC3	54	V	A	F7D217
Q8NAC3	54	V	A	F7D217
Q8NAC3	70	L	V	F7D217
Q8NAC3	70	L	V	F7D217
Q8NAC3	92	V	M	F7D217
Q8NAC3	92	V	M	F7D217
Q8NAC3	111	S	L	F7D217
Q8NAC3	149	V	L	F7D217
Q8NAC3	149	V	L	F7D217
Q8NAC3	214	V	M	F7D217
Q8NAC3	214	V	M	F7D217
Q8NAC3	258	Q	H	F7D217
Q8NAC3	258	Q	H	F7D217
Q8NAC3	283	V	I	F7D217
Q8NAC3	307	Q	R	F7D217
Q8NAC3	318	A	T	F7D217
Q8NAC3	318	A	T	F7D217
Q8NAC3	318	A	T	F7D217
Q8NAC3	324	A	T	F7D217
Q8NAC3	324	A	T	F7D217
Q8NAC3	326	A	V	F7D217
Q8NAC3	326	A	V	F7D217
Q8NAC3	326	A	V	F7D217
Q8NAC3	331	R	Q	F7D217
Q8NAC3	333	P	L	F7D217
Q8NAC3	333	P	L	F7D217
Q8NAC3	337	P	L	F7D217
Q8NAC3	337	P	L	F7D217
Q8NAC3	482	L	F	F7D217
Q8NAC3	482	L	F	F7D217
Q8NAC3	554	L	V	F7D217
Q8NAC3	554	L	V	F7D217
Q8NAC3	590	S	G	F7D217
Q8NAC3	590	S	G	F7D217
Q8NAC3	590	S	G	F7D217
Q8NAC3	624	R	Q	F7D217
Q8NAC3	624	R	Q	F7D217
Q8NAC3	624	R	Q	F7D217
Q8NAC3	665	A	V	F7D217
Q8NAC3	665	A	V	F7D217
Q8NAF0	161	A	V	A0A0D9SE63
Q8NAF0	353	E	D	A0A0D9SE63
Q8NB78	35	T	I	S4RG28
Q8NB78	35	T	I	S4RG28
Q8NB78	615	G	D	S4RG28
Q8NB78	648	M	L	S4RG28
Q8NBJ7	51	D	E	A0A2K5Q844
Q8NBJ7	208	D	N	A0A2K5Q844
Q8NBS3	134	N	S	A0A2U9CJX4
Q8NBS3	134	N	S	A0A2U9CJX4
Q8NBS3	134	N	S	A0A2U9CJX4
Q8NBS3	134	N	S	A0A2U9CJX4
Q8NBS9	49	P	S	G3MZD8
Q8NBS9	403	R	Q	G3MZD8
Q8NBS9	403	R	Q	G3MZD8
Q8NC54	173	R	G	Q8K201
Q8NC60	7	P	Q	A0A060WAU1
Q8NC60	7	P	Q	A0A060WAU1
Q8NC60	151	Q	R	A0A060WAU1
Q8NC60	153	A	S	A0A060WAU1
Q8NC60	154	G	A	A0A060WAU1
Q8NC60	213	G	A	A0A060WAU1
Q8NCG7	103	A	V	R7UIW4
Q8NCG7	456	L	V	R7UIW4
Q8NCG7	517	A	V	R7UIW4
Q8NCG7	596	I	T	R7UIW4
Q8NCG7	596	I	T	R7UIW4
Q8NCG7	656	A	T	R7UIW4
Q8NCG7	656	A	T	R7UIW4
Q8NCG7	659	V	I	R7UIW4
Q8NCG7	659	V	I	R7UIW4
Q8NCG7	664	Q	R	R7UIW4
Q8NCL4	138	K	N	A0A1L8HI83
Q8NCL4	138	K	N	A0A1L8HI83
Q8NCL4	175	P	Q	A0A1L8HI83
Q8NCL4	423	V	I	A0A1L8HI83
Q8NCL4	423	V	I	A0A1L8HI83
Q8NCL4	138	K	N	A0A1L8HI83
Q8NCL4	138	K	N	A0A1L8HI83
Q8NCL4	175	P	Q	A0A1L8HI83
Q8NCL4	423	V	I	A0A1L8HI83
Q8NCL4	423	V	I	A0A1L8HI83
Q8NCL9	30	C	R	A0A2U3WX55
Q8NCL9	80	Y	H	A0A2U3WX55
Q8NCL9	83	R	Q	A0A2U3WX55
Q8NCM2	5	K	N	R4GA28
Q8NCM2	75	K	R	R4GA28
Q8NCM2	158	N	K	R4GA28
Q8NCM2	172	T	R	R4GA28
Q8NCM2	172	T	R	R4GA28
Q8NCM2	189	S	L	R4GA28
Q8NCM2	245	I	L	R4GA28
Q8NCM2	245	I	V	R4GA28
Q8NCM2	246	A	S	R4GA28
Q8NCM2	246	A	S	R4GA28
Q8NCM2	366	I	M	R4GA28
Q8NCM2	366	I	M	R4GA28
Q8NCM2	374	E	K	R4GA28
Q8NCM2	401	R	H	R4GA28
Q8NCM2	401	R	C	R4GA28
Q8NCM2	406	A	G	R4GA28
Q8NCM2	500	G	D	R4GA28
Q8NCM2	505	V	I	R4GA28
Q8NCM2	542	R	Q	R4GA28
Q8NCM2	542	R	W	R4GA28
Q8NCM2	563	A	V	R4GA28
Q8NCM2	642	K	E	R4GA28
Q8NCM2	654	T	A	R4GA28
Q8NCM2	657	A	G	R4GA28
Q8NCM2	692	Q	R	R4GA28
Q8NCM2	699	S	R	R4GA28
Q8NCM2	699	S	R	R4GA28
Q8NCM2	745	A	T	R4GA28
Q8NCM2	746	S	P	R4GA28
Q8NCM2	746	S	P	R4GA28
Q8NCM2	748	T	A	R4GA28
Q8NCM2	772	E	G	R4GA28
Q8NCM2	772	E	G	R4GA28
Q8NCM2	779	R	C	R4GA28
Q8NCM2	787	N	S	R4GA28
Q8NCM2	788	G	S	R4GA28
Q8NCM2	789	G	C	R4GA28
Q8NCM2	789	G	V	R4GA28
Q8NCM2	794	C	W	R4GA28
Q8NCM2	853	V	M	R4GA28
Q8NCM2	878	A	T	R4GA28
Q8NCM2	884	P	L	R4GA28
Q8NCM2	930	A	D	R4GA28
Q8NCM2	944	E	K	R4GA28
Q8ND04	280	P	L	S9Y801
Q8ND04	386	S	N	S9Y801
Q8ND04	386	S	N	S9Y801
Q8ND04	773	P	L	S9Y801
Q8ND04	773	P	L	S9Y801
Q8ND04	280	P	L	S9Y801
Q8ND04	386	S	N	S9Y801
Q8ND04	386	S	N	S9Y801
Q8ND04	773	P	L	S9Y801
Q8ND04	773	P	L	S9Y801
Q8NE71	198	N	D	H3A7X9
Q8NE71	396	R	Q	H3A7X9
Q8NE71	396	R	Q	H3A7X9
Q8NE71	599	P	L	H3A7X9
Q8NE71	599	P	L	H3A7X9
Q8NE71	759	R	W	H3A7X9
Q8NE71	759	R	W	H3A7X9
Q8NE71	198	N	D	H3A7X9
Q8NE71	198	N	D	H3A7X9
Q8NE71	396	R	Q	H3A7X9
Q8NE71	396	R	Q	H3A7X9
Q8NE71	599	P	L	H3A7X9
Q8NE71	599	P	L	H3A7X9
Q8NE71	759	R	W	H3A7X9
Q8NE71	759	R	W	H3A7X9
Q8NE71	198	N	D	H3A7X9
Q8NE71	198	N	D	H3A7X9
Q8NE71	396	R	Q	H3A7X9
Q8NE71	396	R	Q	H3A7X9
Q8NE71	599	P	L	H3A7X9
Q8NE71	599	P	L	H3A7X9
Q8NE71	759	R	W	H3A7X9
Q8NE71	759	R	W	H3A7X9
Q8NE71	198	N	D	H3A7X9
Q8NE71	198	N	D	H3A7X9
Q8NE71	396	R	Q	H3A7X9
Q8NE71	396	R	Q	H3A7X9
Q8NE71	599	P	L	H3A7X9
Q8NE71	599	P	L	H3A7X9
Q8NE71	759	R	W	H3A7X9
Q8NE71	759	R	W	H3A7X9
Q8NE71	198	N	D	H3A7X9
Q8NE71	198	N	D	H3A7X9
Q8NE71	396	R	Q	H3A7X9
Q8NE71	396	R	Q	H3A7X9
Q8NE71	599	P	L	H3A7X9
Q8NE71	599	P	L	H3A7X9
Q8NE71	759	R	W	H3A7X9
Q8NE71	759	R	W	H3A7X9
Q8NE71	198	N	D	H3A7X9
Q8NE71	198	N	D	H3A7X9
Q8NE71	396	R	Q	H3A7X9
Q8NE71	396	R	Q	H3A7X9
Q8NE71	599	P	L	H3A7X9
Q8NE71	599	P	L	H3A7X9
Q8NE71	759	R	W	H3A7X9
Q8NE71	759	R	W	H3A7X9
Q8NE71	198	N	D	H3A7X9
Q8NE71	198	N	D	H3A7X9
Q8NE71	396	R	Q	H3A7X9
Q8NE71	396	R	Q	H3A7X9
Q8NE71	599	P	L	H3A7X9
Q8NE71	599	P	L	H3A7X9
Q8NE71	759	R	W	H3A7X9
Q8NE71	759	R	W	H3A7X9
Q8NEA9	40	S	G	A0A2D0SP86
Q8NEA9	55	S	N	A0A2D0SP86
Q8NEA9	69	E	D	A0A2D0SP86
Q8NEA9	71	H	D	A0A2D0SP86
Q8NEA9	253	G	S	A0A2D0SP86
Q8NEA9	378	R	H	A0A2D0SP86
Q8NEA9	393	N	S	A0A2D0SP86
Q8NEA9	440	R	C	A0A2D0SP86
Q8NEA9	521	P	Q	A0A2D0SP86
Q8NEA9	523	N	D	A0A2D0SP86
Q8NEM1	525	N	D	A0A2K6KB75
Q8NEP7	171	S	R	G7NX98
Q8NEP7	282	A	T	G7NX98
Q8NEU8	433	A	V	G3HZP0
Q8NEV9	59	S	A	A0A2Y9ER57
Q8NEV9	119	L	P	A0A2Y9ER57
Q8NEV9	166	E	D	A0A2Y9ER57
Q8NFD5	95	G	S	G1KDQ1
Q8NFD5	102	G	R	G1KDQ1
Q8NFD5	117	L	P	G1KDQ1
Q8NFD5	128	A	T	G1KDQ1
Q8NFD5	168	H	N	G1KDQ1
Q8NFD5	176	H	L	G1KDQ1
Q8NFD5	267	D	H	G1KDQ1
Q8NFD5	297	P	S	G1KDQ1
Q8NFD5	329	G	S	G1KDQ1
Q8NFD5	329	G	S	G1KDQ1
Q8NFD5	329	G	S	G1KDQ1
Q8NFD5	329	G	S	G1KDQ1
Q8NFD5	423	A	V	G1KDQ1
Q8NFD5	454	P	A	G1KDQ1
Q8NFD5	512	M	V	G1KDQ1
Q8NFD5	512	M	V	G1KDQ1
Q8NFD5	512	M	V	G1KDQ1
Q8NFD5	512	M	V	G1KDQ1
Q8NFD5	643	I	V	G1KDQ1
Q8NFD5	643	I	V	G1KDQ1
Q8NFD5	643	I	V	G1KDQ1
Q8NFD5	643	I	V	G1KDQ1
Q8NFD5	648	R	Q	G1KDQ1
Q8NFD5	655	G	R	G1KDQ1
Q8NFD5	714	M	I	G1KDQ1
Q8NFD5	850	A	T	G1KDQ1
Q8NFD5	850	A	T	G1KDQ1
Q8NFD5	850	A	T	G1KDQ1
Q8NFD5	850	A	T	G1KDQ1
Q8NFD5	877	P	S	G1KDQ1
Q8NFD5	877	P	S	G1KDQ1
Q8NFD5	877	P	S	G1KDQ1
Q8NFD5	885	S	L	G1KDQ1
Q8NFD5	885	S	L	G1KDQ1
Q8NFD5	885	S	L	G1KDQ1
Q8NFD5	885	S	L	G1KDQ1
Q8NFD5	1036	G	S	G1KDQ1
Q8NFD5	1036	G	S	G1KDQ1
Q8NFD5	1036	G	S	G1KDQ1
Q8NFD5	1036	G	S	G1KDQ1
Q8NFD5	1063	Q	L	G1KDQ1
Q8NFD5	1063	Q	L	G1KDQ1
Q8NFD5	1063	Q	L	G1KDQ1
Q8NFD5	1065	P	L	G1KDQ1
Q8NFD5	1349	M	L	G1KDQ1
Q8NFD5	1389	M	V	G1KDQ1
Q8NFD5	1407	G	V	G1KDQ1
Q8NFD5	1535	S	A	G1KDQ1
Q8NFD5	1535	S	A	G1KDQ1
Q8NFD5	1572	G	S	G1KDQ1
Q8NFD5	1572	G	S	G1KDQ1
Q8NFD5	1615	G	S	G1KDQ1
Q8NFD5	1622	M	L	G1KDQ1
Q8NFD5	1622	M	L	G1KDQ1
Q8NFD5	1622	M	L	G1KDQ1
Q8NFD5	1622	M	L	G1KDQ1
Q8NFD5	1747	R	Q	G1KDQ1
Q8NFD5	1795	N	S	G1KDQ1
Q8NFD5	1795	N	S	G1KDQ1
Q8NFD5	1823	E	G	G1KDQ1
Q8NFD5	1823	E	G	G1KDQ1
Q8NFD5	1823	E	G	G1KDQ1
Q8NFD5	1859	E	A	G1KDQ1
Q8NFD5	1859	E	A	G1KDQ1
Q8NFD5	1859	E	A	G1KDQ1
Q8NFD5	1859	E	A	G1KDQ1
Q8NFD5	1894	A	T	G1KDQ1
Q8NFD5	1894	A	T	G1KDQ1
Q8NFD5	1972	P	T	G1KDQ1
Q8NFD5	2007	R	W	G1KDQ1
Q8NFD5	2214	I	T	G1KDQ1
Q8NFD5	2266	A	T	G1KDQ1
Q8NFH3	65	H	Y	H2PKK9
Q8NFH3	65	H	Y	H2PKK9
Q8NFW5	200	A	P	A0A212CHS4
Q8NFY4	307	N	S	H3BX77
Q8NFY4	478	S	N	H3BX77
Q8NFY4	307	N	S	H3BX77
Q8NFY4	478	S	N	H3BX77
Q8NHS1	91	L	P	A0A2Y9PFE3
Q8NHS1	98	A	V	A0A2Y9PFE3
Q8NHS1	124	V	F	A0A2Y9PFE3
Q8NHS1	91	L	P	A0A2Y9PFE3
Q8NHS1	98	A	V	A0A2Y9PFE3
Q8NHS1	124	V	F	A0A2Y9PFE3
Q8NHS9	112	R	T	A0A091RN41
Q8NHS9	148	V	M	A0A091RN41
Q8NHS9	155	Q	R	A0A091RN41
Q8NHS9	160	I	T	A0A091RN41
Q8NHS9	112	R	T	A0A091RN41
Q8NHS9	148	V	M	A0A091RN41
Q8NHS9	155	Q	R	A0A091RN41
Q8NHS9	160	I	T	A0A091RN41
Q8NHS9	112	R	T	A0A091RN41
Q8NHS9	148	V	M	A0A091RN41
Q8NHS9	155	Q	R	A0A091RN41
Q8NHS9	160	I	T	A0A091RN41
Q8NHS9	112	R	T	A0A091RN41
Q8NHS9	148	V	M	A0A091RN41
Q8NHS9	155	Q	R	A0A091RN41
Q8NHS9	160	I	T	A0A091RN41
Q8NHV9	172	R	H	F1PP15
Q8NHV9	172	R	H	F1PP15
Q8NHX9	81	V	I	A0A2I3MPX4
Q8NHX9	81	V	I	A0A2I3MPX4
Q8NHX9	84	R	W	A0A2I3MPX4
Q8NHX9	84	R	W	A0A2I3MPX4
Q8NHX9	219	V	I	A0A2I3MPX4
Q8NHX9	376	K	R	A0A2I3MPX4
Q8NHX9	387	G	D	A0A2I3MPX4
Q8NHX9	564	L	P	A0A2I3MPX4
Q8NHX9	681	S	L	A0A2I3MPX4
Q8NHX9	681	S	L	A0A2I3MPX4
Q8NHY3	164	A	V	A0A1L8HPX9
Q8NHY3	540	A	T	A0A1L8HPX9
Q8NHY3	654	A	V	A0A1L8HPX9
Q8NHY3	666	L	P	A0A1L8HPX9
Q8NHY3	751	A	D	A0A1L8HPX9
Q8NHY3	829	R	W	A0A1L8HPX9
Q8TAU3	10	T	S	A0A2Y9MFH9
Q8TAU3	10	T	S	A0A2Y9MFH9
Q8TAU3	169	P	S	A0A2Y9MFH9
Q8TAU3	173	R	H	A0A2Y9MFH9
Q8TAU3	189	A	E	A0A2Y9MFH9
Q8TAU3	189	A	E	A0A2Y9MFH9
Q8TAU3	310	S	R	A0A2Y9MFH9
Q8TAU3	316	R	L	A0A2Y9MFH9
Q8TAU3	495	N	S	A0A2Y9MFH9
Q8TBB5	56	L	V	A0A1A7Y9B7
Q8TBB5	102	T	I	A0A1A7Y9B7
Q8TBB5	130	G	V	A0A1A7Y9B7
Q8TBB5	155	L	V	A0A1A7Y9B7
Q8TBB5	229	T	A	A0A1A7Y9B7
Q8TBB5	305	P	S	A0A1A7Y9B7
Q8TBB5	416	E	K	A0A1A7Y9B7
Q8TBB5	56	L	V	A0A1A7Y9B7
Q8TBB5	102	T	I	A0A1A7Y9B7
Q8TBB5	130	G	V	A0A1A7Y9B7
Q8TBB5	155	L	V	A0A1A7Y9B7
Q8TBB5	229	T	A	A0A1A7Y9B7
Q8TBB5	305	P	S	A0A1A7Y9B7
Q8TBB5	416	E	K	A0A1A7Y9B7
Q8TBJ4	12	S	A	W5JXT3
Q8TBJ4	12	S	A	W5JXT3
Q8TBM8	141	H	R	K1R4E3
Q8TBZ2	81	R	H	W5N999
Q8TBZ2	109	A	V	W5N999
Q8TBZ2	128	D	N	W5N999
Q8TBZ2	185	E	D	W5N999
Q8TBZ2	329	R	H	W5N999
Q8TBZ2	381	A	T	W5N999
Q8TBZ2	381	A	T	W5N999
Q8TBZ2	381	A	T	W5N999
Q8TBZ2	659	R	W	W5N999
Q8TBZ2	682	R	W	W5N999
Q8TBZ2	682	R	W	W5N999
Q8TBZ2	682	R	W	W5N999
Q8TBZ2	734	R	T	W5N999
Q8TBZ2	812	V	M	W5N999
Q8TBZ2	904	S	R	W5N999
Q8TBZ2	904	S	R	W5N999
Q8TBZ2	904	S	R	W5N999
Q8TBZ2	81	R	H	W5N999
Q8TBZ2	109	A	V	W5N999
Q8TBZ2	128	D	N	W5N999
Q8TBZ2	185	E	D	W5N999
Q8TBZ2	329	R	H	W5N999
Q8TBZ2	381	A	T	W5N999
Q8TBZ2	659	R	W	W5N999
Q8TBZ2	682	R	W	W5N999
Q8TBZ2	734	R	T	W5N999
Q8TBZ2	812	V	M	W5N999
Q8TBZ2	904	S	R	W5N999
Q8TC27	467	T	S	A5A4F6
Q8TC27	668	M	T	A5A4F6
Q8TC27	778	D	E	A5A4F6
Q8TC27	467	T	S	A5A4F6
Q8TC27	467	T	S	A5A4F6
Q8TC27	778	D	E	A5A4F6
Q8TC27	778	D	E	A5A4F6
Q8TCB6	11	S	N	A0A2F0B5I9
Q8TCB6	11	S	N	A0A2F0B5I9
Q8TCB6	11	S	N	A0A2F0B5I9
Q8TCJ0	36	N	D	F6PGM4
Q8TCJ0	38	R	H	F6PGM4
Q8TCJ0	46	I	M	F6PGM4
Q8TCJ2	46	G	S	S7PUB3
Q8TCJ2	46	G	S	S7PUB3
Q8TCJ2	299	I	V	S7PUB3
Q8TCJ2	299	I	V	S7PUB3
Q8TCJ2	299	I	V	S7PUB3
Q8TCS8	41	S	T	V8PA01
Q8TCS8	41	S	T	V8PA01
Q8TCS8	41	S	T	V8PA01
Q8TCS8	46	A	G	V8PA01
Q8TCS8	46	A	G	V8PA01
Q8TCS8	46	A	G	V8PA01
Q8TCS8	121	I	V	V8PA01
Q8TCS8	121	I	V	V8PA01
Q8TCS8	121	I	V	V8PA01
Q8TCS8	121	I	V	V8PA01
Q8TCS8	121	I	V	V8PA01
Q8TCS8	247	V	L	V8PA01
Q8TCS8	249	V	M	V8PA01
Q8TCS8	288	H	Y	V8PA01
Q8TCS8	288	H	Y	V8PA01
Q8TCS8	302	Y	N	V8PA01
Q8TCS8	303	E	K	V8PA01
Q8TCS8	315	K	R	V8PA01
Q8TCS8	315	K	R	V8PA01
Q8TCS8	315	K	R	V8PA01
Q8TCS8	411	V	I	V8PA01
Q8TCS8	521	K	T	V8PA01
Q8TCS8	540	N	S	V8PA01
Q8TCS8	540	N	S	V8PA01
Q8TCS8	540	N	S	V8PA01
Q8TCS8	590	N	D	V8PA01
Q8TCS8	590	N	D	V8PA01
Q8TCS8	590	N	D	V8PA01
Q8TCS8	594	S	A	V8PA01
Q8TCS8	41	S	T	V8PA01
Q8TCS8	41	S	T	V8PA01
Q8TCS8	41	S	T	V8PA01
Q8TCS8	46	A	G	V8PA01
Q8TCS8	46	A	G	V8PA01
Q8TCS8	46	A	G	V8PA01
Q8TCS8	121	I	V	V8PA01
Q8TCS8	121	I	V	V8PA01
Q8TCS8	121	I	V	V8PA01
Q8TCS8	121	I	V	V8PA01
Q8TCS8	121	I	V	V8PA01
Q8TCS8	247	V	L	V8PA01
Q8TCS8	249	V	M	V8PA01
Q8TCS8	288	H	Y	V8PA01
Q8TCS8	288	H	Y	V8PA01
Q8TCS8	302	Y	N	V8PA01
Q8TCS8	303	E	K	V8PA01
Q8TCS8	315	K	R	V8PA01
Q8TCS8	315	K	R	V8PA01
Q8TCS8	315	K	R	V8PA01
Q8TCS8	411	V	I	V8PA01
Q8TCS8	521	K	T	V8PA01
Q8TCS8	540	N	S	V8PA01
Q8TCS8	540	N	S	V8PA01
Q8TCS8	540	N	S	V8PA01
Q8TCS8	590	N	D	V8PA01
Q8TCS8	590	N	D	V8PA01
Q8TCS8	590	N	D	V8PA01
Q8TCS8	594	S	A	V8PA01
Q8TCU5	362	V	M	A0A1L8HWN4
Q8TCU5	480	R	H	A0A1L8HWN4
Q8TCU5	487	G	R	A0A1L8HWN4
Q8TCU5	835	D	N	A0A1L8HWN4
Q8TCU5	1029	F	L	A0A1L8HWN4
Q8TCU5	1029	F	L	A0A1L8HWN4
Q8TCU5	1041	R	Q	A0A1L8HWN4
Q8TCU5	1062	N	S	A0A1L8HWN4
Q8TCU5	1062	N	S	A0A1L8HWN4
Q8TCU5	1073	N	I	A0A1L8HWN4
Q8TCZ2	175	D	N	Q8BIF0
Q8TCZ2	175	D	N	Q8BIF0
Q8TCZ2	175	D	N	Q8BIF0
Q8TCZ2	261	R	Q	Q8BIF0
Q8TCZ2	261	R	Q	Q8BIF0
Q8TD08	221	T	K	A0A287AXJ5
Q8TD08	358	P	L	A0A287AXJ5
Q8TD08	385	G	D	A0A287AXJ5
Q8TD08	424	L	P	A0A287AXJ5
Q8TD08	505	S	P	A0A287AXJ5
Q8TD08	221	T	K	A0A287AXJ5
Q8TD08	221	T	K	A0A287AXJ5
Q8TD08	505	S	P	A0A287AXJ5
Q8TD08	505	S	P	A0A287AXJ5
Q8TD16	5	S	L	F6PIY7
Q8TD16	20	E	K	F6PIY7
Q8TD16	20	E	K	F6PIY7
Q8TD16	129	R	H	F6PIY7
Q8TD16	162	R	C	F6PIY7
Q8TD16	162	R	C	F6PIY7
Q8TD16	166	D	N	F6PIY7
Q8TD16	251	R	H	F6PIY7
Q8TD16	302	G	V	F6PIY7
Q8TD16	326	A	V	F6PIY7
Q8TD16	326	A	V	F6PIY7
Q8TD16	327	P	S	F6PIY7
Q8TD16	327	P	S	F6PIY7
Q8TD16	327	P	S	F6PIY7
Q8TD16	327	P	S	F6PIY7
Q8TD16	376	T	M	F6PIY7
Q8TD16	376	T	M	F6PIY7
Q8TD16	376	T	M	F6PIY7
Q8TD16	376	T	A	F6PIY7
Q8TD16	393	N	K	F6PIY7
Q8TD16	393	N	K	F6PIY7
Q8TD16	393	N	K	F6PIY7
Q8TD16	393	N	K	F6PIY7
Q8TD16	398	R	W	F6PIY7
Q8TD16	401	Q	H	F6PIY7
Q8TD16	401	Q	H	F6PIY7
Q8TD16	401	Q	H	F6PIY7
Q8TD16	417	D	G	F6PIY7
Q8TD16	417	D	G	F6PIY7
Q8TD16	417	D	G	F6PIY7
Q8TD16	417	D	G	F6PIY7
Q8TD16	420	E	A	F6PIY7
Q8TD16	420	E	A	F6PIY7
Q8TD16	426	E	Q	F6PIY7
Q8TD16	426	E	Q	F6PIY7
Q8TD16	450	R	C	F6PIY7
Q8TD16	450	R	C	F6PIY7
Q8TD16	450	R	C	F6PIY7
Q8TD16	457	R	H	F6PIY7
Q8TD16	457	R	C	F6PIY7
Q8TD16	463	R	C	F6PIY7
Q8TD16	463	R	C	F6PIY7
Q8TD16	463	R	C	F6PIY7
Q8TD16	463	R	C	F6PIY7
Q8TD16	494	Q	R	F6PIY7
Q8TD16	494	Q	R	F6PIY7
Q8TD16	494	Q	R	F6PIY7
Q8TD16	512	V	I	F6PIY7
Q8TD16	512	V	I	F6PIY7
Q8TD16	512	V	I	F6PIY7
Q8TD16	566	R	L	F6PIY7
Q8TD16	566	R	C	F6PIY7
Q8TD16	566	R	C	F6PIY7
Q8TD16	566	R	C	F6PIY7
Q8TD16	572	R	C	F6PIY7
Q8TD16	572	R	C	F6PIY7
Q8TD16	580	R	Q	F6PIY7
Q8TD16	580	R	Q	F6PIY7
Q8TD16	601	G	E	F6PIY7
Q8TD16	671	A	V	F6PIY7
Q8TD16	724	E	D	F6PIY7
Q8TD16	724	E	D	F6PIY7
Q8TD16	724	E	D	F6PIY7
Q8TD16	724	E	D	F6PIY7
Q8TD16	766	R	W	F6PIY7
Q8TD16	766	R	W	F6PIY7
Q8TD16	784	M	V	F6PIY7
Q8TD16	784	M	V	F6PIY7
Q8TD16	784	M	V	F6PIY7
Q8TD16	784	M	V	F6PIY7
Q8TD23	124	L	V	A0A2K6KB75
Q8TD23	197	V	A	A0A2K6KB75
Q8TD91	140	D	V	A0A096ML53
Q8TD91	155	S	P	A0A096ML53
Q8TD91	165	L	M	A0A096ML53
Q8TD91	228	K	R	A0A096ML53
Q8TD91	228	K	R	A0A096ML53
Q8TD91	307	A	T	A0A096ML53
Q8TD91	328	A	T	A0A096ML53
Q8TD91	624	D	E	A0A096ML53
Q8TDB4	128	A	T	A0A2Y9LZF1
Q8TDB4	164	A	V	A0A2Y9LZF1
Q8TDG4	18	N	S	A0A151P1F9
Q8TDG4	18	N	S	A0A151P1F9
Q8TDG4	35	V	E	A0A151P1F9
Q8TDG4	36	P	S	A0A151P1F9
Q8TDG4	36	P	S	A0A151P1F9
Q8TDG4	235	L	P	A0A151P1F9
Q8TDG4	306	V	I	A0A151P1F9
Q8TDG4	585	P	S	A0A151P1F9
Q8TDG4	634	R	H	A0A151P1F9
Q8TDG4	819	K	R	A0A151P1F9
Q8TDG4	876	Y	F	A0A151P1F9
Q8TDG4	1094	V	M	A0A151P1F9
Q8TDI0	43	E	Q	A0A091IJH1
Q8TDI0	43	E	Q	A0A091IJH1
Q8TDI0	1539	S	P	A0A091IJH1
Q8TDI0	1621	R	Q	A0A091IJH1
Q8TDI0	1621	R	Q	A0A091IJH1
Q8TDI8	81	E	K	L5LRJ7
Q8TDI8	81	E	K	L5LRJ7
Q8TDI8	81	E	K	L5LRJ7
Q8TDI8	81	E	K	L5LRJ7
Q8TDI8	81	E	K	L5LRJ7
Q8TDI8	340	M	T	L5LRJ7
Q8TDI8	340	M	T	L5LRJ7
Q8TDI8	486	M	T	L5LRJ7
Q8TDI8	486	M	T	L5LRJ7
Q8TDI8	486	M	T	L5LRJ7
Q8TDI8	486	M	T	L5LRJ7
Q8TDI8	486	M	T	L5LRJ7
Q8TDI8	81	E	K	L5LRJ7
Q8TDI8	81	E	K	L5LRJ7
Q8TDI8	81	E	K	L5LRJ7
Q8TDI8	81	E	K	L5LRJ7
Q8TDI8	81	E	K	L5LRJ7
Q8TDI8	340	M	T	L5LRJ7
Q8TDI8	340	M	T	L5LRJ7
Q8TDI8	486	M	T	L5LRJ7
Q8TDI8	486	M	T	L5LRJ7
Q8TDI8	486	M	T	L5LRJ7
Q8TDI8	486	M	T	L5LRJ7
Q8TDI8	486	M	T	L5LRJ7
Q8TDI8	81	E	K	L5LRJ7
Q8TDI8	81	E	K	L5LRJ7
Q8TDI8	81	E	K	L5LRJ7
Q8TDI8	81	E	K	L5LRJ7
Q8TDI8	81	E	K	L5LRJ7
Q8TDI8	340	M	T	L5LRJ7
Q8TDI8	340	M	T	L5LRJ7
Q8TDI8	486	M	T	L5LRJ7
Q8TDI8	486	M	T	L5LRJ7
Q8TDI8	486	M	T	L5LRJ7
Q8TDI8	486	M	T	L5LRJ7
Q8TDI8	486	M	T	L5LRJ7
Q8TDN1	117	P	S	H3A5K6
Q8TDN1	148	A	T	H3A5K6
Q8TDN1	148	A	T	H3A5K6
Q8TDN1	206	R	W	H3A5K6
Q8TDN1	255	C	Y	H3A5K6
Q8TDN1	321	E	K	H3A5K6
Q8TDN1	325	G	R	H3A5K6
Q8TDN1	419	V	M	H3A5K6
Q8TDN1	419	V	M	H3A5K6
Q8TDN1	427	R	H	H3A5K6
Q8TDQ0	101	T	I	A0A2Y9QG57
Q8TDQ0	101	T	I	A0A2Y9QG57
Q8TDQ0	101	T	I	A0A2Y9QG57
Q8TDQ0	140	R	L	A0A2Y9QG57
Q8TDQ0	259	R	H	A0A2Y9QG57
Q8TDQ0	277	P	L	A0A2Y9QG57
Q8TDQ0	277	P	L	A0A2Y9QG57
Q8TDQ0	101	T	I	A0A2Y9QG57
Q8TDQ0	101	T	I	A0A2Y9QG57
Q8TDQ0	101	T	I	A0A2Y9QG57
Q8TDQ0	140	R	L	A0A2Y9QG57
Q8TDQ0	259	R	H	A0A2Y9QG57
Q8TDQ0	277	P	L	A0A2Y9QG57
Q8TDQ0	277	P	L	A0A2Y9QG57
Q8TDR2	69	R	G	H2P1F1
Q8TDU6	153	A	V	Q80SS6
Q8TDU6	153	A	V	Q80SS6
Q8TDU6	169	E	K	Q80SS6
Q8TDU6	169	E	K	Q80SS6
Q8TDU6	169	E	K	Q80SS6
Q8TDU6	217	A	P	Q80SS6
Q8TDU6	217	A	P	Q80SS6
Q8TDU6	296	Q	R	Q80SS6
Q8TDU6	296	Q	R	Q80SS6
Q8TDU6	153	A	V	Q80SS6
Q8TDU6	153	A	V	Q80SS6
Q8TDU6	169	E	K	Q80SS6
Q8TDU6	169	E	K	Q80SS6
Q8TDU6	169	E	K	Q80SS6
Q8TDU6	217	A	P	Q80SS6
Q8TDU6	217	A	P	Q80SS6
Q8TDU6	296	Q	R	Q80SS6
Q8TDU6	296	Q	R	Q80SS6
Q8TDU6	153	A	V	Q80SS6
Q8TDU6	153	A	V	Q80SS6
Q8TDU6	169	E	K	Q80SS6
Q8TDU6	169	E	K	Q80SS6
Q8TDU6	169	E	K	Q80SS6
Q8TDU6	217	A	P	Q80SS6
Q8TDU6	217	A	P	Q80SS6
Q8TDU6	296	Q	R	Q80SS6
Q8TDU6	296	Q	R	Q80SS6
Q8TDU6	153	A	V	Q80SS6
Q8TDU6	153	A	V	Q80SS6
Q8TDU6	169	E	K	Q80SS6
Q8TDU6	169	E	K	Q80SS6
Q8TDU6	169	E	K	Q80SS6
Q8TDU6	217	A	P	Q80SS6
Q8TDU6	217	A	P	Q80SS6
Q8TDU6	296	Q	R	Q80SS6
Q8TDU6	296	Q	R	Q80SS6
Q8TDY2	55	A	V	A0A091CU67
Q8TDY2	55	A	V	A0A091CU67
Q8TDY2	234	M	T	A0A091CU67
Q8TDY2	293	T	A	A0A091CU67
Q8TDY2	293	T	A	A0A091CU67
Q8TDY2	1314	N	K	A0A091CU67
Q8TDY2	1314	N	K	A0A091CU67
Q8TDY2	1451	M	V	A0A091CU67
Q8TDY2	1451	M	V	A0A091CU67
Q8TEB1	126	A	T	A0A1S3WT18
Q8TEB1	126	A	T	A0A1S3WT18
Q8TEB1	207	R	H	A0A1S3WT18
Q8TEB1	126	A	T	A0A1S3WT18
Q8TEB1	126	A	T	A0A1S3WT18
Q8TEB1	207	R	H	A0A1S3WT18
Q8TEB1	126	A	T	A0A1S3WT18
Q8TEB1	126	A	T	A0A1S3WT18
Q8TEB1	207	R	H	A0A1S3WT18
Q8TEB1	207	R	H	A0A1S3WT18
Q8TEB1	126	A	T	A0A1S3WT18
Q8TEB1	126	A	T	A0A1S3WT18
Q8TEB1	207	R	H	A0A1S3WT18
Q8TEB1	207	R	H	A0A1S3WT18
Q8TEQ8	154	A	D	A0A0F8D0J3
Q8TEQ8	154	A	D	A0A0F8D0J3
Q8TEQ8	154	A	D	A0A0F8D0J3
Q8TEQ8	154	A	D	A0A0F8D0J3
Q8TEQ8	604	R	H	A0A0F8D0J3
Q8TEQ8	604	R	H	A0A0F8D0J3
Q8TEQ8	604	R	H	A0A0F8D0J3
Q8TEQ8	615	R	Q	A0A0F8D0J3
Q8TEQ8	733	R	Q	A0A0F8D0J3
Q8TEQ8	733	R	Q	A0A0F8D0J3
Q8TEQ8	733	R	Q	A0A0F8D0J3
Q8TEQ8	811	R	Q	A0A0F8D0J3
Q8TEQ8	811	R	Q	A0A0F8D0J3
Q8TEQ8	811	R	Q	A0A0F8D0J3
Q8TEQ8	811	R	Q	A0A0F8D0J3
Q8TEQ8	154	A	D	A0A0F8D0J3
Q8TEQ8	154	A	D	A0A0F8D0J3
Q8TEQ8	154	A	D	A0A0F8D0J3
Q8TEQ8	154	A	D	A0A0F8D0J3
Q8TEQ8	604	R	H	A0A0F8D0J3
Q8TEQ8	604	R	H	A0A0F8D0J3
Q8TEQ8	604	R	H	A0A0F8D0J3
Q8TEQ8	615	R	Q	A0A0F8D0J3
Q8TEQ8	733	R	Q	A0A0F8D0J3
Q8TEQ8	733	R	Q	A0A0F8D0J3
Q8TEQ8	733	R	Q	A0A0F8D0J3
Q8TEQ8	811	R	Q	A0A0F8D0J3
Q8TEQ8	811	R	Q	A0A0F8D0J3
Q8TEQ8	811	R	Q	A0A0F8D0J3
Q8TEQ8	811	R	Q	A0A0F8D0J3
Q8TF30	205	I	N	A0A2R9BWP3
Q8TF30	212	N	S	A0A2R9BWP3
Q8TF30	504	I	K	A0A2R9BWP3
Q8TF30	588	P	L	A0A2R9BWP3
Q8TF30	588	P	L	A0A2R9BWP3
Q8TF30	686	R	H	A0A2R9BWP3
Q8TF30	736	H	Q	A0A2R9BWP3
Q8TF30	736	H	P	A0A2R9BWP3
Q8TF45	130	Q	H	A0A2Y9MFH9
Q8TF45	130	Q	H	A0A2Y9MFH9
Q8TF45	130	Q	H	A0A2Y9MFH9
Q8TF47	114	H	Y	A0A091CRM2
Q8TF47	114	H	Y	A0A091CRM2
Q8TF47	114	H	Y	A0A091CRM2
Q8TF65	206	L	P	H9GBJ0
Q8WTV0	2	G	S	A0A2U4BYM3
Q8WTV0	129	S	L	A0A2U4BYM3
Q8WTV0	135	V	I	A0A2U4BYM3
Q8WTV0	376	P	L	A0A2U4BYM3
Q8WTV0	376	P	L	A0A2U4BYM3
Q8WTV0	511	C	R	A0A2U4BYM3
Q8WU76	80	L	P	A0A067R6N7
Q8WU76	512	L	S	A0A067R6N7
Q8WUA7	113	T	M	A0A1L8H6Q3
Q8WUA7	113	T	M	A0A1L8H6Q3
Q8WUA7	134	P	A	A0A1L8H6Q3
Q8WUA7	175	T	M	A0A1L8H6Q3
Q8WUA7	175	T	M	A0A1L8H6Q3
Q8WUJ3	215	E	D	F7AG84
Q8WUJ3	215	E	D	F7AG84
Q8WUJ3	278	P	S	F7AG84
Q8WUJ3	278	P	S	F7AG84
Q8WUJ3	323	V	M	F7AG84
Q8WUJ3	323	V	M	F7AG84
Q8WUJ3	411	L	V	F7AG84
Q8WUJ3	411	L	V	F7AG84
Q8WUJ3	783	H	R	F7AG84
Q8WUJ3	783	H	R	F7AG84
Q8WUJ3	1063	A	T	F7AG84
Q8WUJ3	1063	A	T	F7AG84
Q8WUJ3	1180	T	I	F7AG84
Q8WUJ3	1180	T	I	F7AG84
Q8WUJ3	1209	H	Y	F7AG84
Q8WUJ3	1209	H	Y	F7AG84
Q8WUJ3	215	E	D	F7AG84
Q8WUJ3	215	E	D	F7AG84
Q8WUJ3	278	P	S	F7AG84
Q8WUJ3	278	P	S	F7AG84
Q8WUJ3	323	V	M	F7AG84
Q8WUJ3	323	V	M	F7AG84
Q8WUJ3	411	L	V	F7AG84
Q8WUJ3	411	L	V	F7AG84
Q8WUJ3	783	H	R	F7AG84
Q8WUJ3	783	H	R	F7AG84
Q8WUJ3	1063	A	T	F7AG84
Q8WUJ3	1063	A	T	F7AG84
Q8WUJ3	1180	T	I	F7AG84
Q8WUJ3	1180	T	I	F7AG84
Q8WUJ3	1209	H	Y	F7AG84
Q8WUJ3	1209	H	Y	F7AG84
Q8WUJ3	215	E	D	F7AG84
Q8WUJ3	215	E	D	F7AG84
Q8WUJ3	278	P	S	F7AG84
Q8WUJ3	278	P	S	F7AG84
Q8WUJ3	323	V	M	F7AG84
Q8WUJ3	323	V	M	F7AG84
Q8WUJ3	411	L	V	F7AG84
Q8WUJ3	411	L	V	F7AG84
Q8WUJ3	783	H	R	F7AG84
Q8WUJ3	783	H	R	F7AG84
Q8WUJ3	1063	A	T	F7AG84
Q8WUJ3	1063	A	T	F7AG84
Q8WUJ3	1180	T	I	F7AG84
Q8WUJ3	1180	T	I	F7AG84
Q8WUJ3	1209	H	Y	F7AG84
Q8WUJ3	1209	H	Y	F7AG84
Q8WUM9	351	A	T	A0A0P6H6U2
Q8WUM9	351	A	T	A0A0P6H6U2
Q8WUN7	129	M	I	F7AG15
Q8WUQ7	63	R	Q	A0A2R5LDU7
Q8WUQ7	108	S	L	A0A2R5LDU7
Q8WUQ7	499	A	V	A0A2R5LDU7
Q8WUQ7	63	R	Q	A0A2R5LDU7
Q8WUQ7	108	S	L	A0A2R5LDU7
Q8WUQ7	499	A	V	A0A2R5LDU7
Q8WUQ7	63	R	Q	A0A2R5LDU7
Q8WUQ7	108	S	L	A0A2R5LDU7
Q8WUQ7	499	A	V	A0A2R5LDU7
Q8WUQ7	63	R	Q	A0A2R5LDU7
Q8WUQ7	108	S	L	A0A2R5LDU7
Q8WUQ7	499	A	V	A0A2R5LDU7
Q8WUX1	451	M	T	A0A2J8R8R5
Q8WUX1	451	M	T	A0A2J8R8R5
Q8WUX1	451	M	T	A0A2J8R8R5
Q8WUX1	451	M	T	A0A2J8R8R5
Q8WV22	38	T	R	G1SFK0
Q8WV22	47	N	S	G1SFK0
Q8WV48	190	S	F	A0A2K6FPA4
Q8WV48	220	I	V	A0A2K6FPA4
Q8WV48	242	S	C	A0A2K6FPA4
Q8WVB3	145	I	V	F7BFL1
Q8WVB3	145	I	V	F7BFL1
Q8WVB3	145	I	V	F7BFL1
Q8WVB3	145	I	V	F7BFL1
Q8WVB6	63	S	F	F1PFW9
Q8WVB6	82	Q	P	F1PFW9
Q8WVB6	116	E	K	F1PFW9
Q8WVB6	164	R	H	F1PFW9
Q8WVB6	233	E	K	F1PFW9
Q8WVB6	233	E	K	F1PFW9
Q8WVB6	244	K	R	F1PFW9
Q8WVB6	254	S	P	F1PFW9
Q8WVB6	254	S	P	F1PFW9
Q8WVB6	276	A	V	F1PFW9
Q8WVB6	284	D	E	F1PFW9
Q8WVB6	284	D	E	F1PFW9
Q8WVB6	286	F	L	F1PFW9
Q8WVB6	469	S	L	F1PFW9
Q8WVB6	763	C	S	F1PFW9
Q8WVB6	804	R	C	F1PFW9
Q8WVB6	804	R	C	F1PFW9
Q8WVB6	928	P	L	F1PFW9
Q8WVV4	29	H	N	W5NWH4
Q8WVV4	29	H	N	W5NWH4
Q8WVV4	29	H	N	W5NWH4
Q8WVV4	38	Q	P	W5NWH4
Q8WVV4	38	Q	P	W5NWH4
Q8WVV4	38	Q	P	W5NWH4
Q8WVV4	207	P	S	W5NWH4
Q8WVV4	207	P	S	W5NWH4
Q8WVV4	207	P	S	W5NWH4
Q8WVV4	214	Q	R	W5NWH4
Q8WVV4	214	Q	R	W5NWH4
Q8WVV4	239	C	S	W5NWH4
Q8WVV4	239	C	S	W5NWH4
Q8WVV4	239	C	S	W5NWH4
Q8WVV4	315	R	C	W5NWH4
Q8WVV4	315	R	C	W5NWH4
Q8WVV4	349	M	L	W5NWH4
Q8WVV4	349	M	L	W5NWH4
Q8WVV4	349	M	L	W5NWH4
Q8WVV4	434	Q	K	W5NWH4
Q8WVV4	434	Q	K	W5NWH4
Q8WW14	74	T	M	I3MCH8
Q8WW18	22	D	E	A0A2Y9E268
Q8WW18	110	D	H	A0A2Y9E268
Q8WW32	92	E	A	F1M106
Q8WW32	170	Y	H	F1M106
Q8WW32	92	E	A	F1M106
Q8WW32	170	Y	H	F1M106
Q8WW32	92	E	A	F1M106
Q8WW32	170	Y	H	F1M106
Q8WW38	30	E	G	A0A146VZ07
Q8WW38	30	E	G	A0A146VZ07
Q8WW38	30	E	G	A0A146VZ07
Q8WW38	30	E	G	A0A146VZ07
Q8WW38	30	E	G	A0A146VZ07
Q8WW38	30	E	G	A0A146VZ07
Q8WW38	30	E	G	A0A146VZ07
Q8WW38	30	E	G	A0A146VZ07
Q8WW38	98	D	N	A0A146VZ07
Q8WW38	98	D	N	A0A146VZ07
Q8WW38	98	D	N	A0A146VZ07
Q8WW38	146	V	L	A0A146VZ07
Q8WW38	210	S	T	A0A146VZ07
Q8WW38	210	S	T	A0A146VZ07
Q8WW38	210	S	T	A0A146VZ07
Q8WW38	210	S	T	A0A146VZ07
Q8WW38	335	L	V	A0A146VZ07
Q8WW38	335	L	V	A0A146VZ07
Q8WW38	335	L	V	A0A146VZ07
Q8WW38	339	V	I	A0A146VZ07
Q8WW38	339	V	I	A0A146VZ07
Q8WW38	339	V	I	A0A146VZ07
Q8WW38	403	A	G	A0A146VZ07
Q8WW38	403	A	G	A0A146VZ07
Q8WW38	403	A	G	A0A146VZ07
Q8WW38	403	A	G	A0A146VZ07
Q8WW38	409	Q	H	A0A146VZ07
Q8WW38	409	Q	H	A0A146VZ07
Q8WW38	419	E	K	A0A146VZ07
Q8WW38	419	E	K	A0A146VZ07
Q8WW38	426	A	T	A0A146VZ07
Q8WW38	426	A	T	A0A146VZ07
Q8WW38	426	A	T	A0A146VZ07
Q8WW38	538	V	I	A0A146VZ07
Q8WW38	538	V	I	A0A146VZ07
Q8WW38	538	V	I	A0A146VZ07
Q8WW38	538	V	I	A0A146VZ07
Q8WW38	590	K	N	A0A146VZ07
Q8WW38	590	K	N	A0A146VZ07
Q8WW38	657	S	G	A0A146VZ07
Q8WW38	657	S	G	A0A146VZ07
Q8WW38	657	S	G	A0A146VZ07
Q8WW38	763	V	I	A0A146VZ07
Q8WW38	763	V	I	A0A146VZ07
Q8WW38	763	V	I	A0A146VZ07
Q8WW38	763	V	I	A0A146VZ07
Q8WW38	782	E	D	A0A146VZ07
Q8WW38	782	E	D	A0A146VZ07
Q8WW38	782	E	D	A0A146VZ07
Q8WW38	782	E	D	A0A146VZ07
Q8WW38	834	K	R	A0A146VZ07
Q8WW38	834	K	R	A0A146VZ07
Q8WW38	834	K	R	A0A146VZ07
Q8WW38	889	Q	E	A0A146VZ07
Q8WW38	889	Q	E	A0A146VZ07
Q8WW38	889	Q	E	A0A146VZ07
Q8WW38	910	E	K	A0A146VZ07
Q8WW38	910	E	K	A0A146VZ07
Q8WW38	988	K	T	A0A146VZ07
Q8WW38	1017	G	S	A0A146VZ07
Q8WW38	1026	A	V	A0A146VZ07
Q8WW38	1055	A	V	A0A146VZ07
Q8WW38	1055	A	V	A0A146VZ07
Q8WW38	1090	V	I	A0A146VZ07
Q8WWA1	58	S	F	A0A1U7UR36
Q8WWA1	58	S	F	A0A1U7UR36
Q8WWK9	110	N	S	F6X132
Q8WWK9	110	N	S	F6X132
Q8WWK9	235	M	K	F6X132
Q8WWK9	260	H	Y	F6X132
Q8WWK9	260	H	Y	F6X132
Q8WWK9	322	I	V	F6X132
Q8WWK9	386	N	D	F6X132
Q8WWK9	386	N	D	F6X132
Q8WWK9	517	E	K	F6X132
Q8WWK9	517	E	K	F6X132
Q8WWN8	185	P	H	A0A2K6DAD7
Q8WWN8	218	D	H	A0A2K6DAD7
Q8WWN8	1428	T	P	A0A2K6DAD7
Q8WWN8	1443	K	N	A0A2K6DAD7
Q8WWN9	185	S	P	G9CGD6
Q8WWN9	185	S	P	G9CGD6
Q8WWY8	41	V	M	A0A1V4J2X0
Q8WWY8	41	V	M	A0A1V4J2X0
Q8WWY8	379	L	F	A0A1V4J2X0
Q8WWY8	379	L	F	A0A1V4J2X0
Q8WWZ1	44	I	T	A0A2Y9QB49
Q8WWZ1	51	A	D	A0A2Y9QB49
Q8WWZ1	44	I	T	A0A2Y9QB49
Q8WWZ1	51	A	D	A0A2Y9QB49
Q8WX94	156	R	Q	A0A2K6DR93
Q8WX94	156	R	Q	A0A2K6DR93
Q8WX94	319	V	I	A0A2K6DR93
Q8WX94	319	V	I	A0A2K6DR93
Q8WX94	481	A	T	A0A2K6DR93
Q8WX94	481	A	T	A0A2K6DR93
Q8WX94	487	G	E	A0A2K6DR93
Q8WX94	487	G	E	A0A2K6DR93
Q8WX94	487	G	E	A0A2K6DR93
Q8WX94	511	K	R	A0A2K6DR93
Q8WX94	734	T	M	A0A2K6DR93
Q8WX94	734	T	M	A0A2K6DR93
Q8WX94	795	R	C	A0A2K6DR93
Q8WX94	795	R	C	A0A2K6DR93
Q8WX94	1028	T	A	A0A2K6DR93
Q8WX94	1028	T	A	A0A2K6DR93
Q8WX94	156	R	Q	A0A2K6DR93
Q8WX94	156	R	Q	A0A2K6DR93
Q8WX94	319	V	I	A0A2K6DR93
Q8WX94	319	V	I	A0A2K6DR93
Q8WX94	481	A	T	A0A2K6DR93
Q8WX94	481	A	T	A0A2K6DR93
Q8WX94	487	G	E	A0A2K6DR93
Q8WX94	487	G	E	A0A2K6DR93
Q8WX94	487	G	E	A0A2K6DR93
Q8WX94	511	K	R	A0A2K6DR93
Q8WX94	734	T	M	A0A2K6DR93
Q8WX94	734	T	M	A0A2K6DR93
Q8WX94	795	R	C	A0A2K6DR93
Q8WX94	795	R	C	A0A2K6DR93
Q8WX94	1028	T	A	A0A2K6DR93
Q8WX94	1028	T	A	A0A2K6DR93
Q8WX94	156	R	Q	A0A2K6DR93
Q8WX94	156	R	Q	A0A2K6DR93
Q8WX94	310	Q	R	A0A2K6DR93
Q8WX94	311	L	I	A0A2K6DR93
Q8WX94	319	V	I	A0A2K6DR93
Q8WX94	319	V	I	A0A2K6DR93
Q8WX94	481	A	T	A0A2K6DR93
Q8WX94	481	A	T	A0A2K6DR93
Q8WX94	487	G	E	A0A2K6DR93
Q8WX94	487	G	E	A0A2K6DR93
Q8WX94	487	G	E	A0A2K6DR93
Q8WX94	487	G	E	A0A2K6DR93
Q8WX94	487	G	E	A0A2K6DR93
Q8WX94	511	K	R	A0A2K6DR93
Q8WX94	511	K	R	A0A2K6DR93
Q8WX94	734	T	M	A0A2K6DR93
Q8WX94	734	T	M	A0A2K6DR93
Q8WX94	795	R	C	A0A2K6DR93
Q8WX94	795	R	C	A0A2K6DR93
Q8WX94	1028	T	A	A0A2K6DR93
Q8WX94	1028	T	A	A0A2K6DR93
Q8WX94	1028	T	A	A0A2K6DR93
Q8WX94	1028	T	A	A0A2K6DR93
Q8WX94	156	R	Q	A0A2K6DR93
Q8WX94	156	R	Q	A0A2K6DR93
Q8WX94	310	Q	R	A0A2K6DR93
Q8WX94	311	L	I	A0A2K6DR93
Q8WX94	319	V	I	A0A2K6DR93
Q8WX94	319	V	I	A0A2K6DR93
Q8WX94	481	A	T	A0A2K6DR93
Q8WX94	481	A	T	A0A2K6DR93
Q8WX94	487	G	E	A0A2K6DR93
Q8WX94	487	G	E	A0A2K6DR93
Q8WX94	487	G	E	A0A2K6DR93
Q8WX94	487	G	E	A0A2K6DR93
Q8WX94	487	G	E	A0A2K6DR93
Q8WX94	511	K	R	A0A2K6DR93
Q8WX94	511	K	R	A0A2K6DR93
Q8WX94	734	T	M	A0A2K6DR93
Q8WX94	734	T	M	A0A2K6DR93
Q8WX94	795	R	C	A0A2K6DR93
Q8WX94	795	R	C	A0A2K6DR93
Q8WX94	1028	T	A	A0A2K6DR93
Q8WX94	1028	T	A	A0A2K6DR93
Q8WX94	1028	T	A	A0A2K6DR93
Q8WX94	1028	T	A	A0A2K6DR93
Q8WX94	156	R	Q	A0A2K6DR93
Q8WX94	156	R	Q	A0A2K6DR93
Q8WX94	310	Q	R	A0A2K6DR93
Q8WX94	311	L	I	A0A2K6DR93
Q8WX94	319	V	I	A0A2K6DR93
Q8WX94	319	V	I	A0A2K6DR93
Q8WX94	481	A	T	A0A2K6DR93
Q8WX94	481	A	T	A0A2K6DR93
Q8WX94	487	G	E	A0A2K6DR93
Q8WX94	487	G	E	A0A2K6DR93
Q8WX94	487	G	E	A0A2K6DR93
Q8WX94	487	G	E	A0A2K6DR93
Q8WX94	487	G	E	A0A2K6DR93
Q8WX94	511	K	R	A0A2K6DR93
Q8WX94	511	K	R	A0A2K6DR93
Q8WX94	734	T	M	A0A2K6DR93
Q8WX94	734	T	M	A0A2K6DR93
Q8WX94	795	R	C	A0A2K6DR93
Q8WX94	795	R	C	A0A2K6DR93
Q8WX94	1028	T	A	A0A2K6DR93
Q8WX94	1028	T	A	A0A2K6DR93
Q8WX94	1028	T	A	A0A2K6DR93
Q8WX94	1028	T	A	A0A2K6DR93
Q8WX94	156	R	Q	A0A2K6DR93
Q8WX94	156	R	Q	A0A2K6DR93
Q8WX94	310	Q	R	A0A2K6DR93
Q8WX94	311	L	I	A0A2K6DR93
Q8WX94	319	V	I	A0A2K6DR93
Q8WX94	319	V	I	A0A2K6DR93
Q8WX94	481	A	T	A0A2K6DR93
Q8WX94	481	A	T	A0A2K6DR93
Q8WX94	487	G	E	A0A2K6DR93
Q8WX94	487	G	E	A0A2K6DR93
Q8WX94	487	G	E	A0A2K6DR93
Q8WX94	487	G	E	A0A2K6DR93
Q8WX94	487	G	E	A0A2K6DR93
Q8WX94	511	K	R	A0A2K6DR93
Q8WX94	511	K	R	A0A2K6DR93
Q8WX94	734	T	M	A0A2K6DR93
Q8WX94	734	T	M	A0A2K6DR93
Q8WX94	795	R	C	A0A2K6DR93
Q8WX94	795	R	C	A0A2K6DR93
Q8WX94	1028	T	A	A0A2K6DR93
Q8WX94	1028	T	A	A0A2K6DR93
Q8WX94	1028	T	A	A0A2K6DR93
Q8WX94	1028	T	A	A0A2K6DR93
Q8WX94	156	R	Q	A0A2K6DR93
Q8WX94	156	R	Q	A0A2K6DR93
Q8WX94	310	Q	R	A0A2K6DR93
Q8WX94	311	L	I	A0A2K6DR93
Q8WX94	319	V	I	A0A2K6DR93
Q8WX94	319	V	I	A0A2K6DR93
Q8WX94	481	A	T	A0A2K6DR93
Q8WX94	481	A	T	A0A2K6DR93
Q8WX94	487	G	E	A0A2K6DR93
Q8WX94	487	G	E	A0A2K6DR93
Q8WX94	487	G	E	A0A2K6DR93
Q8WX94	487	G	E	A0A2K6DR93
Q8WX94	487	G	E	A0A2K6DR93
Q8WX94	511	K	R	A0A2K6DR93
Q8WX94	511	K	R	A0A2K6DR93
Q8WX94	734	T	M	A0A2K6DR93
Q8WX94	734	T	M	A0A2K6DR93
Q8WX94	795	R	C	A0A2K6DR93
Q8WX94	795	R	C	A0A2K6DR93
Q8WX94	1028	T	A	A0A2K6DR93
Q8WX94	1028	T	A	A0A2K6DR93
Q8WX94	1028	T	A	A0A2K6DR93
Q8WX94	1028	T	A	A0A2K6DR93
Q8WX94	156	R	Q	A0A2K6DR93
Q8WX94	156	R	Q	A0A2K6DR93
Q8WX94	310	Q	R	A0A2K6DR93
Q8WX94	311	L	I	A0A2K6DR93
Q8WX94	319	V	I	A0A2K6DR93
Q8WX94	319	V	I	A0A2K6DR93
Q8WX94	481	A	T	A0A2K6DR93
Q8WX94	481	A	T	A0A2K6DR93
Q8WX94	487	G	E	A0A2K6DR93
Q8WX94	487	G	E	A0A2K6DR93
Q8WX94	487	G	E	A0A2K6DR93
Q8WX94	487	G	E	A0A2K6DR93
Q8WX94	487	G	E	A0A2K6DR93
Q8WX94	511	K	R	A0A2K6DR93
Q8WX94	511	K	R	A0A2K6DR93
Q8WX94	734	T	M	A0A2K6DR93
Q8WX94	734	T	M	A0A2K6DR93
Q8WX94	795	R	C	A0A2K6DR93
Q8WX94	795	R	C	A0A2K6DR93
Q8WX94	1028	T	A	A0A2K6DR93
Q8WX94	1028	T	A	A0A2K6DR93
Q8WX94	1028	T	A	A0A2K6DR93
Q8WX94	1028	T	A	A0A2K6DR93
Q8WX94	156	R	Q	A0A2K6DR93
Q8WX94	156	R	Q	A0A2K6DR93
Q8WX94	310	Q	R	A0A2K6DR93
Q8WX94	311	L	I	A0A2K6DR93
Q8WX94	319	V	I	A0A2K6DR93
Q8WX94	319	V	I	A0A2K6DR93
Q8WX94	481	A	T	A0A2K6DR93
Q8WX94	481	A	T	A0A2K6DR93
Q8WX94	487	G	E	A0A2K6DR93
Q8WX94	487	G	E	A0A2K6DR93
Q8WX94	487	G	E	A0A2K6DR93
Q8WX94	487	G	E	A0A2K6DR93
Q8WX94	487	G	E	A0A2K6DR93
Q8WX94	511	K	R	A0A2K6DR93
Q8WX94	511	K	R	A0A2K6DR93
Q8WX94	734	T	M	A0A2K6DR93
Q8WX94	734	T	M	A0A2K6DR93
Q8WX94	795	R	C	A0A2K6DR93
Q8WX94	795	R	C	A0A2K6DR93
Q8WX94	1028	T	A	A0A2K6DR93
Q8WX94	1028	T	A	A0A2K6DR93
Q8WX94	1028	T	A	A0A2K6DR93
Q8WX94	1028	T	A	A0A2K6DR93
Q8WX94	156	R	Q	A0A2K6DR93
Q8WX94	156	R	Q	A0A2K6DR93
Q8WX94	310	Q	R	A0A2K6DR93
Q8WX94	311	L	I	A0A2K6DR93
Q8WX94	319	V	I	A0A2K6DR93
Q8WX94	319	V	I	A0A2K6DR93
Q8WX94	481	A	T	A0A2K6DR93
Q8WX94	481	A	T	A0A2K6DR93
Q8WX94	487	G	E	A0A2K6DR93
Q8WX94	487	G	E	A0A2K6DR93
Q8WX94	487	G	E	A0A2K6DR93
Q8WX94	487	G	E	A0A2K6DR93
Q8WX94	487	G	E	A0A2K6DR93
Q8WX94	511	K	R	A0A2K6DR93
Q8WX94	511	K	R	A0A2K6DR93
Q8WX94	734	T	M	A0A2K6DR93
Q8WX94	734	T	M	A0A2K6DR93
Q8WX94	795	R	C	A0A2K6DR93
Q8WX94	795	R	C	A0A2K6DR93
Q8WX94	1028	T	A	A0A2K6DR93
Q8WX94	1028	T	A	A0A2K6DR93
Q8WX94	1028	T	A	A0A2K6DR93
Q8WX94	1028	T	A	A0A2K6DR93
Q8WX94	156	R	Q	A0A2K6DR93
Q8WX94	156	R	Q	A0A2K6DR93
Q8WX94	310	Q	R	A0A2K6DR93
Q8WX94	311	L	I	A0A2K6DR93
Q8WX94	319	V	I	A0A2K6DR93
Q8WX94	319	V	I	A0A2K6DR93
Q8WX94	481	A	T	A0A2K6DR93
Q8WX94	481	A	T	A0A2K6DR93
Q8WX94	487	G	E	A0A2K6DR93
Q8WX94	487	G	E	A0A2K6DR93
Q8WX94	487	G	E	A0A2K6DR93
Q8WX94	487	G	E	A0A2K6DR93
Q8WX94	487	G	E	A0A2K6DR93
Q8WX94	511	K	R	A0A2K6DR93
Q8WX94	511	K	R	A0A2K6DR93
Q8WX94	734	T	M	A0A2K6DR93
Q8WX94	734	T	M	A0A2K6DR93
Q8WX94	795	R	C	A0A2K6DR93
Q8WX94	795	R	C	A0A2K6DR93
Q8WX94	1028	T	A	A0A2K6DR93
Q8WX94	1028	T	A	A0A2K6DR93
Q8WX94	1028	T	A	A0A2K6DR93
Q8WX94	1028	T	A	A0A2K6DR93
Q8WXE1	125	K	Q	A0A2K6GQQ6
Q8WXE1	125	K	Q	A0A2K6GQQ6
Q8WXE1	240	P	L	A0A2K6GQQ6
Q8WXE1	356	G	R	A0A2K6GQQ6
Q8WXE1	356	G	R	A0A2K6GQQ6
Q8WXE1	391	R	Q	A0A2K6GQQ6
Q8WXE1	391	R	Q	A0A2K6GQQ6
Q8WXE1	456	V	M	A0A2K6GQQ6
Q8WXE1	456	V	M	A0A2K6GQQ6
Q8WXE1	513	L	P	A0A2K6GQQ6
Q8WXE1	513	L	P	A0A2K6GQQ6
Q8WXE1	702	R	Q	A0A2K6GQQ6
Q8WXE1	702	R	Q	A0A2K6GQQ6
Q8WXE1	711	D	N	A0A2K6GQQ6
Q8WXE1	711	D	N	A0A2K6GQQ6
Q8WXE1	739	M	L	A0A2K6GQQ6
Q8WXE1	739	M	L	A0A2K6GQQ6
Q8WXF3	30	Y	H	L8YD30
Q8WXF3	30	Y	H	L8YD30
Q8WXF3	112	G	V	L8YD30
Q8WXF3	30	Y	H	L8YD30
Q8WXG8	23	E	A	A0A091DTF6
Q8WXG8	23	E	A	A0A091DTF6
Q8WXG8	23	E	A	A0A091DTF6
Q8WXH4	208	R	W	A0A226PLQ0
Q8WXH4	208	R	W	A0A226PLQ0
Q8WXH4	249	D	N	A0A226PLQ0
Q8WXH4	249	D	N	A0A226PLQ0
Q8WXH4	263	S	G	A0A226PLQ0
Q8WXS3	129	S	T	A0A1L8FTP0
Q8WY07	508	L	V	A0A218VG33
Q8WY07	508	L	V	A0A218VG33
Q8WYK0	230	V	I	H2PG07
Q8WYK0	403	A	T	H2PG07
Q8WYQ3	34	P	S	H9KWQ3
Q8WYQ3	34	P	S	H9KWQ3
Q8WYQ3	34	P	S	H9KWQ3
Q8WYQ3	34	P	S	H9KWQ3
Q8WYQ3	34	P	S	H9KWQ3
Q8WYQ3	34	P	S	H9KWQ3
Q8WYQ3	38	P	L	H9KWQ3
Q8WYQ3	38	P	L	H9KWQ3
Q8WYQ3	38	P	L	H9KWQ3
Q8WYQ3	46	A	S	H9KWQ3
Q8WYQ3	46	A	S	H9KWQ3
Q8WYQ3	46	A	S	H9KWQ3
Q8WYQ3	77	S	G	H9KWQ3
Q8WYQ3	77	S	G	H9KWQ3
Q8WYQ3	90	T	P	H9KWQ3
Q8WYQ3	92	A	P	H9KWQ3
Q8WYQ3	95	Q	P	H9KWQ3
Q8WYQ3	96	P	T	H9KWQ3
Q8WYQ3	96	P	T	H9KWQ3
Q8WYQ3	96	P	T	H9KWQ3
Q8WYQ3	135	Y	H	H9KWQ3
Q8WYQ3	135	Y	H	H9KWQ3
Q8WYQ3	135	Y	H	H9KWQ3
Q8WYQ3	135	Y	H	H9KWQ3
Q8WYQ3	34	P	S	H9KWQ3
Q8WYQ3	34	P	S	H9KWQ3
Q8WYQ3	34	P	S	H9KWQ3
Q8WYQ3	34	P	S	H9KWQ3
Q8WYQ3	34	P	S	H9KWQ3
Q8WYQ3	34	P	S	H9KWQ3
Q8WYQ3	34	P	S	H9KWQ3
Q8WYQ3	38	P	L	H9KWQ3
Q8WYQ3	38	P	L	H9KWQ3
Q8WYQ3	46	A	S	H9KWQ3
Q8WYQ3	46	A	S	H9KWQ3
Q8WYQ3	77	S	G	H9KWQ3
Q8WYQ3	96	P	T	H9KWQ3
Q8WYQ3	96	P	T	H9KWQ3
Q8WYQ3	135	Y	H	H9KWQ3
Q8WYQ3	135	Y	H	H9KWQ3
Q8WYQ3	135	Y	H	H9KWQ3
Q8WZ64	384	K	N	A0A1W4YRK9
Q8WZ64	532	I	V	A0A1W4YRK9
Q8WZ64	1523	R	Q	A0A1W4YRK9
Q92481	148	D	E	M4AEL7
Q92481	148	D	E	M4AEL7
Q92481	258	S	A	M4AEL7
Q92481	258	S	A	M4AEL7
Q92481	333	A	S	M4AEL7
Q92481	333	A	S	M4AEL7
Q92481	336	V	I	M4AEL7
Q92481	336	V	I	M4AEL7
Q92481	435	N	T	M4AEL7
Q92481	435	N	T	M4AEL7
Q92508	32	L	M	A0A0F8AJH8
Q92508	32	L	M	A0A0F8AJH8
Q92508	83	I	T	A0A0F8AJH8
Q92508	83	I	T	A0A0F8AJH8
Q92508	83	I	T	A0A0F8AJH8
Q92508	83	I	T	A0A0F8AJH8
Q92508	88	D	G	A0A0F8AJH8
Q92508	88	D	G	A0A0F8AJH8
Q92508	152	P	L	A0A0F8AJH8
Q92508	152	P	L	A0A0F8AJH8
Q92508	240	I	V	A0A0F8AJH8
Q92508	240	I	V	A0A0F8AJH8
Q92508	250	V	A	A0A0F8AJH8
Q92508	250	V	A	A0A0F8AJH8
Q92508	250	V	I	A0A0F8AJH8
Q92508	250	V	A	A0A0F8AJH8
Q92508	250	V	I	A0A0F8AJH8
Q92508	250	V	A	A0A0F8AJH8
Q92508	279	G	S	A0A0F8AJH8
Q92508	279	G	S	A0A0F8AJH8
Q92508	329	L	V	A0A0F8AJH8
Q92508	329	L	V	A0A0F8AJH8
Q92508	330	R	C	A0A0F8AJH8
Q92508	333	R	C	A0A0F8AJH8
Q92508	333	R	H	A0A0F8AJH8
Q92508	333	R	H	A0A0F8AJH8
Q92508	333	R	C	A0A0F8AJH8
Q92508	333	R	H	A0A0F8AJH8
Q92508	338	S	Y	A0A0F8AJH8
Q92508	338	S	Y	A0A0F8AJH8
Q92508	338	S	Y	A0A0F8AJH8
Q92508	371	V	G	A0A0F8AJH8
Q92508	371	V	G	A0A0F8AJH8
Q92508	394	V	L	A0A0F8AJH8
Q92508	394	V	L	A0A0F8AJH8
Q92508	394	V	L	A0A0F8AJH8
Q92508	394	V	L	A0A0F8AJH8
Q92508	400	R	Q	A0A0F8AJH8
Q92508	400	R	Q	A0A0F8AJH8
Q92508	403	R	W	A0A0F8AJH8
Q92508	407	R	G	A0A0F8AJH8
Q92508	407	R	G	A0A0F8AJH8
Q92508	407	R	G	A0A0F8AJH8
Q92508	407	R	G	A0A0F8AJH8
Q92508	411	P	L	A0A0F8AJH8
Q92508	453	I	L	A0A0F8AJH8
Q92508	476	T	M	A0A0F8AJH8
Q92508	476	T	M	A0A0F8AJH8
Q92508	489	R	G	A0A0F8AJH8
Q92508	489	R	G	A0A0F8AJH8
Q92508	499	V	I	A0A0F8AJH8
Q92508	560	R	Q	A0A0F8AJH8
Q92508	575	V	M	A0A0F8AJH8
Q92508	575	V	M	A0A0F8AJH8
Q92508	720	R	H	A0A0F8AJH8
Q92508	720	R	H	A0A0F8AJH8
Q92508	864	V	I	A0A0F8AJH8
Q92508	994	F	L	A0A0F8AJH8
Q92508	999	C	Y	A0A0F8AJH8
Q92508	1004	V	M	A0A0F8AJH8
Q92508	1006	V	G	A0A0F8AJH8
Q92508	1006	V	M	A0A0F8AJH8
Q92508	1008	G	R	A0A0F8AJH8
Q92508	1223	V	I	A0A0F8AJH8
Q92508	1223	V	I	A0A0F8AJH8
Q92508	1223	V	I	A0A0F8AJH8
Q92508	1265	D	N	A0A0F8AJH8
Q92508	1265	D	N	A0A0F8AJH8
Q92508	1310	V	I	A0A0F8AJH8
Q92508	1310	V	I	A0A0F8AJH8
Q92508	1346	S	A	A0A0F8AJH8
Q92508	1371	R	C	A0A0F8AJH8
Q92508	1397	P	L	A0A0F8AJH8
Q92508	1397	P	L	A0A0F8AJH8
Q92508	1398	P	L	A0A0F8AJH8
Q92508	1398	P	L	A0A0F8AJH8
Q92508	1398	P	L	A0A0F8AJH8
Q92508	1398	P	L	A0A0F8AJH8
Q92508	1430	E	D	A0A0F8AJH8
Q92508	1430	E	D	A0A0F8AJH8
Q92508	1462	R	Q	A0A0F8AJH8
Q92508	1462	R	Q	A0A0F8AJH8
Q92508	1462	R	Q	A0A0F8AJH8
Q92508	1479	T	P	A0A0F8AJH8
Q92508	1492	G	D	A0A0F8AJH8
Q92508	1492	G	D	A0A0F8AJH8
Q92508	1527	R	H	A0A0F8AJH8
Q92508	1527	R	H	A0A0F8AJH8
Q92508	1527	R	H	A0A0F8AJH8
Q92508	1571	S	R	A0A0F8AJH8
Q92508	1585	N	S	A0A0F8AJH8
Q92508	1585	N	S	A0A0F8AJH8
Q92508	1589	T	I	A0A0F8AJH8
Q92508	1589	T	I	A0A0F8AJH8
Q92508	1605	D	N	A0A0F8AJH8
Q92508	1605	D	N	A0A0F8AJH8
Q92508	1631	R	C	A0A0F8AJH8
Q92508	1653	R	H	A0A0F8AJH8
Q92508	1657	P	S	A0A0F8AJH8
Q92508	1666	A	V	A0A0F8AJH8
Q92508	1666	A	V	A0A0F8AJH8
Q92508	1732	T	M	A0A0F8AJH8
Q92508	1805	L	F	A0A0F8AJH8
Q92508	1805	L	F	A0A0F8AJH8
Q92508	1811	D	E	A0A0F8AJH8
Q92508	1821	G	S	A0A0F8AJH8
Q92508	1821	G	S	A0A0F8AJH8
Q92508	1822	E	K	A0A0F8AJH8
Q92508	1839	E	K	A0A0F8AJH8
Q92508	1839	E	K	A0A0F8AJH8
Q92508	1851	T	M	A0A0F8AJH8
Q92508	1851	T	M	A0A0F8AJH8
Q92508	1851	T	M	A0A0F8AJH8
Q92508	1853	G	R	A0A0F8AJH8
Q92508	1857	P	S	A0A0F8AJH8
Q92508	1857	P	S	A0A0F8AJH8
Q92508	1857	P	S	A0A0F8AJH8
Q92508	1857	P	S	A0A0F8AJH8
Q92508	1876	R	K	A0A0F8AJH8
Q92508	1876	R	K	A0A0F8AJH8
Q92508	1876	R	K	A0A0F8AJH8
Q92508	1910	E	K	A0A0F8AJH8
Q92508	1910	E	K	A0A0F8AJH8
Q92508	1915	R	S	A0A0F8AJH8
Q92508	1915	R	S	A0A0F8AJH8
Q92508	1915	R	S	A0A0F8AJH8
Q92508	2227	A	T	A0A0F8AJH8
Q92508	2227	A	T	A0A0F8AJH8
Q92508	2245	R	Q	A0A0F8AJH8
Q92508	2245	R	Q	A0A0F8AJH8
Q92508	2261	S	G	A0A0F8AJH8
Q92508	2265	I	V	A0A0F8AJH8
Q92508	2265	I	V	A0A0F8AJH8
Q92508	2265	I	V	A0A0F8AJH8
Q92508	2265	I	V	A0A0F8AJH8
Q92508	2277	L	M	A0A0F8AJH8
Q92508	2364	N	S	A0A0F8AJH8
Q92508	2390	R	Q	A0A0F8AJH8
Q92508	2414	D	N	A0A0F8AJH8
Q92508	2414	D	N	A0A0F8AJH8
Q92508	2455	V	M	A0A0F8AJH8
Q92508	2502	K	R	A0A0F8AJH8
Q92508	2502	K	R	A0A0F8AJH8
Q92508	2502	K	R	A0A0F8AJH8
Q92508	2520	K	E	A0A0F8AJH8
Q92529	224	S	N	W5N1A7
Q92529	497	E	K	W5N1A7
Q92529	497	E	K	W5N1A7
Q92530	36	F	C	A0A2I3M5D7
Q92530	156	R	W	A0A2I3M5D7
Q92530	156	R	W	A0A2I3M5D7
Q92530	174	H	R	A0A2I3M5D7
Q92530	192	V	A	A0A2I3M5D7
Q92530	192	V	A	A0A2I3M5D7
Q92530	36	F	C	A0A2I3M5D7
Q92530	156	R	W	A0A2I3M5D7
Q92530	156	R	W	A0A2I3M5D7
Q92530	174	H	R	A0A2I3M5D7
Q92530	192	V	A	A0A2I3M5D7
Q92530	192	V	A	A0A2I3M5D7
Q92535	226	R	W	A0A074YW46
Q92535	226	R	W	A0A074YW46
Q92535	266	P	S	A0A074YW46
Q92535	226	R	W	A0A074YW46
Q92535	226	R	W	A0A074YW46
Q92535	266	P	S	A0A074YW46
Q92545	65	V	I	A0A151NX39
Q92545	65	V	I	A0A151NX39
Q92545	1316	P	L	A0A151NX39
Q92545	1791	V	D	A0A151NX39
Q92547	309	R	C	U3KD35
Q92547	457	K	Q	U3KD35
Q92547	817	S	L	U3KD35
Q92547	817	S	L	U3KD35
Q92547	1013	R	Q	U3KD35
Q92547	1042	N	S	U3KD35
Q92552	34	Y	H	A0A1D5R0Z4
Q92552	253	P	S	A0A1D5R0Z4
Q92552	284	G	D	A0A1D5R0Z4
Q92552	291	T	A	A0A1D5R0Z4
Q92552	291	T	A	A0A1D5R0Z4
Q92552	34	Y	H	A0A1D5R0Z4
Q92552	253	P	S	A0A1D5R0Z4
Q92552	284	G	D	A0A1D5R0Z4
Q92552	291	T	A	A0A1D5R0Z4
Q92552	291	T	A	A0A1D5R0Z4
Q92552	34	Y	H	A0A1D5R0Z4
Q92552	253	P	S	A0A1D5R0Z4
Q92552	284	G	D	A0A1D5R0Z4
Q92552	291	T	A	A0A1D5R0Z4
Q92552	291	T	A	A0A1D5R0Z4
Q92560	290	N	S	A0A146NV16
Q92560	290	N	S	A0A146NV16
Q92560	290	N	S	A0A146NV16
Q92560	290	N	S	A0A146NV16
Q92560	423	T	K	A0A146NV16
Q92560	423	T	K	A0A146NV16
Q92560	423	T	K	A0A146NV16
Q92560	596	S	G	A0A146NV16
Q92560	596	S	G	A0A146NV16
Q92560	596	S	G	A0A146NV16
Q92560	596	S	G	A0A146NV16
Q92560	613	T	M	A0A146NV16
Q92560	613	T	M	A0A146NV16
Q92560	613	T	M	A0A146NV16
Q92560	613	T	M	A0A146NV16
Q92560	613	T	M	A0A146NV16
Q92574	22	R	Q	A0A1U7SDG4
Q92574	44	T	A	A0A1U7SDG4
Q92574	56	P	S	A0A1U7SDG4
Q92574	59	H	L	A0A1U7SDG4
Q92574	59	H	L	A0A1U7SDG4
Q92574	59	H	L	A0A1U7SDG4
Q92574	84	A	T	A0A1U7SDG4
Q92574	84	A	T	A0A1U7SDG4
Q92574	84	A	T	A0A1U7SDG4
Q92574	84	A	T	A0A1U7SDG4
Q92574	84	A	T	A0A1U7SDG4
Q92574	84	A	T	A0A1U7SDG4
Q92574	126	V	I	A0A1U7SDG4
Q92574	126	V	I	A0A1U7SDG4
Q92574	130	T	I	A0A1U7SDG4
Q92574	181	H	R	A0A1U7SDG4
Q92574	209	M	V	A0A1U7SDG4
Q92574	209	M	V	A0A1U7SDG4
Q92574	209	M	V	A0A1U7SDG4
Q92574	245	R	Q	A0A1U7SDG4
Q92574	245	R	Q	A0A1U7SDG4
Q92574	257	I	N	A0A1U7SDG4
Q92574	261	K	R	A0A1U7SDG4
Q92574	261	K	R	A0A1U7SDG4
Q92574	277	V	A	A0A1U7SDG4
Q92574	277	V	A	A0A1U7SDG4
Q92574	277	V	A	A0A1U7SDG4
Q92574	285	F	V	A0A1U7SDG4
Q92574	285	F	V	A0A1U7SDG4
Q92574	285	F	V	A0A1U7SDG4
Q92574	285	F	V	A0A1U7SDG4
Q92574	285	F	V	A0A1U7SDG4
Q92574	285	F	V	A0A1U7SDG4
Q92574	307	A	V	A0A1U7SDG4
Q92574	322	M	T	A0A1U7SDG4
Q92574	322	M	T	A0A1U7SDG4
Q92574	322	M	T	A0A1U7SDG4
Q92574	322	M	T	A0A1U7SDG4
Q92574	322	M	T	A0A1U7SDG4
Q92574	322	M	T	A0A1U7SDG4
Q92574	322	M	T	A0A1U7SDG4
Q92574	322	M	T	A0A1U7SDG4
Q92574	322	M	T	A0A1U7SDG4
Q92574	322	M	T	A0A1U7SDG4
Q92574	322	M	T	A0A1U7SDG4
Q92574	322	M	T	A0A1U7SDG4
Q92574	322	M	T	A0A1U7SDG4
Q92574	322	M	T	A0A1U7SDG4
Q92574	336	R	W	A0A1U7SDG4
Q92574	336	R	W	A0A1U7SDG4
Q92574	336	R	W	A0A1U7SDG4
Q92574	336	R	W	A0A1U7SDG4
Q92574	336	R	W	A0A1U7SDG4
Q92574	336	R	W	A0A1U7SDG4
Q92574	336	R	Q	A0A1U7SDG4
Q92574	352	V	I	A0A1U7SDG4
Q92574	352	V	I	A0A1U7SDG4
Q92574	360	T	A	A0A1U7SDG4
Q92574	360	T	A	A0A1U7SDG4
Q92574	393	T	I	A0A1U7SDG4
Q92574	393	T	I	A0A1U7SDG4
Q92574	403	S	L	A0A1U7SDG4
Q92574	403	S	L	A0A1U7SDG4
Q92574	403	S	L	A0A1U7SDG4
Q92574	407	V	M	A0A1U7SDG4
Q92574	407	V	M	A0A1U7SDG4
Q92574	407	V	M	A0A1U7SDG4
Q92574	448	P	S	A0A1U7SDG4
Q92574	448	P	S	A0A1U7SDG4
Q92574	497	V	L	A0A1U7SDG4
Q92574	509	R	Q	A0A1U7SDG4
Q92574	509	R	Q	A0A1U7SDG4
Q92574	510	D	N	A0A1U7SDG4
Q92574	510	D	N	A0A1U7SDG4
Q92574	523	A	P	A0A1U7SDG4
Q92574	525	S	T	A0A1U7SDG4
Q92574	526	S	F	A0A1U7SDG4
Q92574	526	S	F	A0A1U7SDG4
Q92574	529	A	T	A0A1U7SDG4
Q92574	529	A	T	A0A1U7SDG4
Q92574	534-535	EP	DA	A0A1U7SDG4
Q92574	544	G	E	A0A1U7SDG4
Q92574	544	G	E	A0A1U7SDG4
Q92574	544	G	E	A0A1U7SDG4
Q92574	544	G	E	A0A1U7SDG4
Q92574	550	Q	E	A0A1U7SDG4
Q92574	550	Q	E	A0A1U7SDG4
Q92574	550	Q	E	A0A1U7SDG4
Q92574	550	Q	E	A0A1U7SDG4
Q92574	550	Q	E	A0A1U7SDG4
Q92574	550	Q	E	A0A1U7SDG4
Q92574	550	Q	E	A0A1U7SDG4
Q92574	567	A	V	A0A1U7SDG4
Q92574	567	A	V	A0A1U7SDG4
Q92574	567	A	V	A0A1U7SDG4
Q92574	587	K	R	A0A1U7SDG4
Q92574	587	K	R	A0A1U7SDG4
Q92574	587	K	R	A0A1U7SDG4
Q92574	587	K	R	A0A1U7SDG4
Q92574	587	K	R	A0A1U7SDG4
Q92574	587	K	R	A0A1U7SDG4
Q92574	587	K	R	A0A1U7SDG4
Q92574	591	P	S	A0A1U7SDG4
Q92574	591	P	L	A0A1U7SDG4
Q92574	591	P	Q	A0A1U7SDG4
Q92574	591	P	S	A0A1U7SDG4
Q92574	591	P	S	A0A1U7SDG4
Q92574	591	P	Q	A0A1U7SDG4
Q92574	591	P	L	A0A1U7SDG4
Q92574	591	P	Q	A0A1U7SDG4
Q92574	591	P	L	A0A1U7SDG4
Q92574	603	P	L	A0A1U7SDG4
Q92574	603	P	L	A0A1U7SDG4
Q92574	606	H	Q	A0A1U7SDG4
Q92574	646	M	V	A0A1U7SDG4
Q92574	646	M	V	A0A1U7SDG4
Q92574	646	M	V	A0A1U7SDG4
Q92574	646	M	V	A0A1U7SDG4
Q92574	646	M	V	A0A1U7SDG4
Q92574	646	M	V	A0A1U7SDG4
Q92574	646	M	V	A0A1U7SDG4
Q92574	659	A	V	A0A1U7SDG4
Q92574	659	A	V	A0A1U7SDG4
Q92574	659	A	V	A0A1U7SDG4
Q92574	659	A	V	A0A1U7SDG4
Q92574	659	A	V	A0A1U7SDG4
Q92574	659	A	V	A0A1U7SDG4
Q92574	666	K	R	A0A1U7SDG4
Q92574	666	K	R	A0A1U7SDG4
Q92574	666	K	R	A0A1U7SDG4
Q92574	675	D	N	A0A1U7SDG4
Q92574	680	G	R	A0A1U7SDG4
Q92574	808	A	V	A0A1U7SDG4
Q92574	808	A	V	A0A1U7SDG4
Q92574	808	A	V	A0A1U7SDG4
Q92574	808	A	V	A0A1U7SDG4
Q92574	808	A	V	A0A1U7SDG4
Q92574	809	E	Q	A0A1U7SDG4
Q92574	809	E	Q	A0A1U7SDG4
Q92574	809	E	Q	A0A1U7SDG4
Q92574	809	E	Q	A0A1U7SDG4
Q92574	809	E	Q	A0A1U7SDG4
Q92574	829	S	R	A0A1U7SDG4
Q92574	829	S	R	A0A1U7SDG4
Q92574	829	S	R	A0A1U7SDG4
Q92574	829	S	R	A0A1U7SDG4
Q92574	829	S	R	A0A1U7SDG4
Q92574	883	A	T	A0A1U7SDG4
Q92574	883	A	T	A0A1U7SDG4
Q92574	885	R	W	A0A1U7SDG4
Q92574	885	R	W	A0A1U7SDG4
Q92574	893	S	R	A0A1U7SDG4
Q92574	908	R	Q	A0A1U7SDG4
Q92574	977	K	R	A0A1U7SDG4
Q92574	1023	P	L	A0A1U7SDG4
Q92574	1023	P	L	A0A1U7SDG4
Q92574	1027	R	Q	A0A1U7SDG4
Q92574	1027	R	Q	A0A1U7SDG4
Q92574	1038	S	G	A0A1U7SDG4
Q92574	1038	S	G	A0A1U7SDG4
Q92574	1038	S	G	A0A1U7SDG4
Q92574	1042	S	N	A0A1U7SDG4
Q92574	1042	S	N	A0A1U7SDG4
Q92574	1047	T	I	A0A1U7SDG4
Q92574	1047	T	I	A0A1U7SDG4
Q92574	1047	T	I	A0A1U7SDG4
Q92574	1047	T	I	A0A1U7SDG4
Q92574	1047	T	I	A0A1U7SDG4
Q92574	1059	F	L	A0A1U7SDG4
Q92574	1065	T	M	A0A1U7SDG4
Q92574	1065	T	M	A0A1U7SDG4
Q92574	1065	T	M	A0A1U7SDG4
Q92574	1065	T	M	A0A1U7SDG4
Q92574	1107	D	N	A0A1U7SDG4
Q92574	1119	T	I	A0A1U7SDG4
Q92574	1119	T	I	A0A1U7SDG4
Q92574	1146	D	Y	A0A1U7SDG4
Q92574	1146	D	Y	A0A1U7SDG4
Q92574	22	R	Q	A0A1U7SDG4
Q92574	44	T	A	A0A1U7SDG4
Q92574	56	P	S	A0A1U7SDG4
Q92574	59	H	L	A0A1U7SDG4
Q92574	59	H	L	A0A1U7SDG4
Q92574	59	H	L	A0A1U7SDG4
Q92574	84	A	T	A0A1U7SDG4
Q92574	84	A	T	A0A1U7SDG4
Q92574	84	A	T	A0A1U7SDG4
Q92574	84	A	T	A0A1U7SDG4
Q92574	84	A	T	A0A1U7SDG4
Q92574	84	A	T	A0A1U7SDG4
Q92574	126	V	I	A0A1U7SDG4
Q92574	126	V	I	A0A1U7SDG4
Q92574	130	T	I	A0A1U7SDG4
Q92574	181	H	R	A0A1U7SDG4
Q92574	209	M	V	A0A1U7SDG4
Q92574	209	M	V	A0A1U7SDG4
Q92574	209	M	V	A0A1U7SDG4
Q92574	245	R	Q	A0A1U7SDG4
Q92574	245	R	Q	A0A1U7SDG4
Q92574	257	I	N	A0A1U7SDG4
Q92574	261	K	R	A0A1U7SDG4
Q92574	261	K	R	A0A1U7SDG4
Q92574	277	V	A	A0A1U7SDG4
Q92574	277	V	A	A0A1U7SDG4
Q92574	277	V	A	A0A1U7SDG4
Q92574	285	F	V	A0A1U7SDG4
Q92574	285	F	V	A0A1U7SDG4
Q92574	285	F	V	A0A1U7SDG4
Q92574	285	F	V	A0A1U7SDG4
Q92574	285	F	V	A0A1U7SDG4
Q92574	285	F	V	A0A1U7SDG4
Q92574	307	A	V	A0A1U7SDG4
Q92574	322	M	T	A0A1U7SDG4
Q92574	322	M	T	A0A1U7SDG4
Q92574	322	M	T	A0A1U7SDG4
Q92574	322	M	T	A0A1U7SDG4
Q92574	322	M	T	A0A1U7SDG4
Q92574	322	M	T	A0A1U7SDG4
Q92574	322	M	T	A0A1U7SDG4
Q92574	322	M	T	A0A1U7SDG4
Q92574	322	M	T	A0A1U7SDG4
Q92574	322	M	T	A0A1U7SDG4
Q92574	322	M	T	A0A1U7SDG4
Q92574	322	M	T	A0A1U7SDG4
Q92574	322	M	T	A0A1U7SDG4
Q92574	322	M	T	A0A1U7SDG4
Q92574	336	R	W	A0A1U7SDG4
Q92574	336	R	Q	A0A1U7SDG4
Q92574	336	R	W	A0A1U7SDG4
Q92574	336	R	W	A0A1U7SDG4
Q92574	336	R	W	A0A1U7SDG4
Q92574	336	R	W	A0A1U7SDG4
Q92574	336	R	W	A0A1U7SDG4
Q92574	352	V	I	A0A1U7SDG4
Q92574	352	V	I	A0A1U7SDG4
Q92574	360	T	A	A0A1U7SDG4
Q92574	360	T	A	A0A1U7SDG4
Q92574	393	T	I	A0A1U7SDG4
Q92574	393	T	I	A0A1U7SDG4
Q92574	403	S	L	A0A1U7SDG4
Q92574	403	S	L	A0A1U7SDG4
Q92574	403	S	L	A0A1U7SDG4
Q92574	407	V	M	A0A1U7SDG4
Q92574	407	V	M	A0A1U7SDG4
Q92574	407	V	M	A0A1U7SDG4
Q92574	448	P	S	A0A1U7SDG4
Q92574	448	P	S	A0A1U7SDG4
Q92574	497	V	L	A0A1U7SDG4
Q92574	509	R	Q	A0A1U7SDG4
Q92574	509	R	Q	A0A1U7SDG4
Q92574	510	D	N	A0A1U7SDG4
Q92574	510	D	N	A0A1U7SDG4
Q92574	523	A	P	A0A1U7SDG4
Q92574	525	S	T	A0A1U7SDG4
Q92574	526	S	F	A0A1U7SDG4
Q92574	526	S	F	A0A1U7SDG4
Q92574	529	A	T	A0A1U7SDG4
Q92574	529	A	T	A0A1U7SDG4
Q92574	534-535	EP	DA	A0A1U7SDG4
Q92574	544	G	E	A0A1U7SDG4
Q92574	544	G	E	A0A1U7SDG4
Q92574	544	G	E	A0A1U7SDG4
Q92574	544	G	E	A0A1U7SDG4
Q92574	550	Q	E	A0A1U7SDG4
Q92574	550	Q	E	A0A1U7SDG4
Q92574	550	Q	E	A0A1U7SDG4
Q92574	550	Q	E	A0A1U7SDG4
Q92574	550	Q	E	A0A1U7SDG4
Q92574	550	Q	E	A0A1U7SDG4
Q92574	550	Q	E	A0A1U7SDG4
Q92574	567	A	V	A0A1U7SDG4
Q92574	567	A	V	A0A1U7SDG4
Q92574	567	A	V	A0A1U7SDG4
Q92574	587	K	R	A0A1U7SDG4
Q92574	587	K	R	A0A1U7SDG4
Q92574	587	K	R	A0A1U7SDG4
Q92574	587	K	R	A0A1U7SDG4
Q92574	587	K	R	A0A1U7SDG4
Q92574	587	K	R	A0A1U7SDG4
Q92574	587	K	R	A0A1U7SDG4
Q92574	591	P	S	A0A1U7SDG4
Q92574	591	P	L	A0A1U7SDG4
Q92574	591	P	Q	A0A1U7SDG4
Q92574	591	P	L	A0A1U7SDG4
Q92574	591	P	Q	A0A1U7SDG4
Q92574	591	P	S	A0A1U7SDG4
Q92574	591	P	Q	A0A1U7SDG4
Q92574	591	P	L	A0A1U7SDG4
Q92574	591	P	S	A0A1U7SDG4
Q92574	603	P	L	A0A1U7SDG4
Q92574	603	P	L	A0A1U7SDG4
Q92574	606	H	Q	A0A1U7SDG4
Q92574	646	M	V	A0A1U7SDG4
Q92574	646	M	V	A0A1U7SDG4
Q92574	646	M	V	A0A1U7SDG4
Q92574	646	M	V	A0A1U7SDG4
Q92574	646	M	V	A0A1U7SDG4
Q92574	646	M	V	A0A1U7SDG4
Q92574	646	M	V	A0A1U7SDG4
Q92574	659	A	V	A0A1U7SDG4
Q92574	659	A	V	A0A1U7SDG4
Q92574	659	A	V	A0A1U7SDG4
Q92574	659	A	V	A0A1U7SDG4
Q92574	659	A	V	A0A1U7SDG4
Q92574	659	A	V	A0A1U7SDG4
Q92574	666	K	R	A0A1U7SDG4
Q92574	666	K	R	A0A1U7SDG4
Q92574	666	K	R	A0A1U7SDG4
Q92574	675	D	N	A0A1U7SDG4
Q92574	680	G	R	A0A1U7SDG4
Q92574	808	A	V	A0A1U7SDG4
Q92574	808	A	V	A0A1U7SDG4
Q92574	808	A	V	A0A1U7SDG4
Q92574	808	A	V	A0A1U7SDG4
Q92574	808	A	V	A0A1U7SDG4
Q92574	809	E	Q	A0A1U7SDG4
Q92574	809	E	Q	A0A1U7SDG4
Q92574	809	E	Q	A0A1U7SDG4
Q92574	809	E	Q	A0A1U7SDG4
Q92574	809	E	Q	A0A1U7SDG4
Q92574	829	S	R	A0A1U7SDG4
Q92574	829	S	R	A0A1U7SDG4
Q92574	829	S	R	A0A1U7SDG4
Q92574	829	S	R	A0A1U7SDG4
Q92574	829	S	R	A0A1U7SDG4
Q92574	883	A	T	A0A1U7SDG4
Q92574	883	A	T	A0A1U7SDG4
Q92574	885	R	W	A0A1U7SDG4
Q92574	885	R	W	A0A1U7SDG4
Q92574	893	S	R	A0A1U7SDG4
Q92574	908	R	Q	A0A1U7SDG4
Q92574	977	K	R	A0A1U7SDG4
Q92574	1023	P	L	A0A1U7SDG4
Q92574	1023	P	L	A0A1U7SDG4
Q92574	1027	R	Q	A0A1U7SDG4
Q92574	1027	R	Q	A0A1U7SDG4
Q92574	1038	S	G	A0A1U7SDG4
Q92574	1038	S	G	A0A1U7SDG4
Q92574	1038	S	G	A0A1U7SDG4
Q92574	1042	S	N	A0A1U7SDG4
Q92574	1042	S	N	A0A1U7SDG4
Q92574	1047	T	I	A0A1U7SDG4
Q92574	1047	T	I	A0A1U7SDG4
Q92574	1047	T	I	A0A1U7SDG4
Q92574	1047	T	I	A0A1U7SDG4
Q92574	1047	T	I	A0A1U7SDG4
Q92574	1059	F	L	A0A1U7SDG4
Q92574	1065	T	M	A0A1U7SDG4
Q92574	1065	T	M	A0A1U7SDG4
Q92574	1065	T	M	A0A1U7SDG4
Q92574	1065	T	M	A0A1U7SDG4
Q92574	1107	D	N	A0A1U7SDG4
Q92574	1119	T	I	A0A1U7SDG4
Q92574	1119	T	I	A0A1U7SDG4
Q92574	1146	D	Y	A0A1U7SDG4
Q92574	1146	D	Y	A0A1U7SDG4
Q92574	22	R	Q	A0A1U7SDG4
Q92574	44	T	A	A0A1U7SDG4
Q92574	56	P	S	A0A1U7SDG4
Q92574	59	H	L	A0A1U7SDG4
Q92574	59	H	L	A0A1U7SDG4
Q92574	59	H	L	A0A1U7SDG4
Q92574	84	A	T	A0A1U7SDG4
Q92574	84	A	T	A0A1U7SDG4
Q92574	84	A	T	A0A1U7SDG4
Q92574	84	A	T	A0A1U7SDG4
Q92574	84	A	T	A0A1U7SDG4
Q92574	84	A	T	A0A1U7SDG4
Q92574	126	V	I	A0A1U7SDG4
Q92574	126	V	I	A0A1U7SDG4
Q92574	130	T	I	A0A1U7SDG4
Q92574	181	H	R	A0A1U7SDG4
Q92574	209	M	V	A0A1U7SDG4
Q92574	209	M	V	A0A1U7SDG4
Q92574	209	M	V	A0A1U7SDG4
Q92574	245	R	Q	A0A1U7SDG4
Q92574	245	R	Q	A0A1U7SDG4
Q92574	257	I	N	A0A1U7SDG4
Q92574	261	K	R	A0A1U7SDG4
Q92574	261	K	R	A0A1U7SDG4
Q92574	277	V	A	A0A1U7SDG4
Q92574	277	V	A	A0A1U7SDG4
Q92574	277	V	A	A0A1U7SDG4
Q92574	285	F	V	A0A1U7SDG4
Q92574	285	F	V	A0A1U7SDG4
Q92574	285	F	V	A0A1U7SDG4
Q92574	285	F	V	A0A1U7SDG4
Q92574	285	F	V	A0A1U7SDG4
Q92574	285	F	V	A0A1U7SDG4
Q92574	307	A	V	A0A1U7SDG4
Q92574	322	M	T	A0A1U7SDG4
Q92574	322	M	T	A0A1U7SDG4
Q92574	322	M	T	A0A1U7SDG4
Q92574	322	M	T	A0A1U7SDG4
Q92574	322	M	T	A0A1U7SDG4
Q92574	322	M	T	A0A1U7SDG4
Q92574	322	M	T	A0A1U7SDG4
Q92574	322	M	T	A0A1U7SDG4
Q92574	322	M	T	A0A1U7SDG4
Q92574	322	M	T	A0A1U7SDG4
Q92574	322	M	T	A0A1U7SDG4
Q92574	322	M	T	A0A1U7SDG4
Q92574	322	M	T	A0A1U7SDG4
Q92574	322	M	T	A0A1U7SDG4
Q92574	336	R	W	A0A1U7SDG4
Q92574	336	R	W	A0A1U7SDG4
Q92574	336	R	W	A0A1U7SDG4
Q92574	336	R	W	A0A1U7SDG4
Q92574	336	R	W	A0A1U7SDG4
Q92574	336	R	W	A0A1U7SDG4
Q92574	336	R	Q	A0A1U7SDG4
Q92574	352	V	I	A0A1U7SDG4
Q92574	352	V	I	A0A1U7SDG4
Q92574	360	T	A	A0A1U7SDG4
Q92574	360	T	A	A0A1U7SDG4
Q92574	393	T	I	A0A1U7SDG4
Q92574	393	T	I	A0A1U7SDG4
Q92574	403	S	L	A0A1U7SDG4
Q92574	403	S	L	A0A1U7SDG4
Q92574	403	S	L	A0A1U7SDG4
Q92574	407	V	M	A0A1U7SDG4
Q92574	407	V	M	A0A1U7SDG4
Q92574	407	V	M	A0A1U7SDG4
Q92574	448	P	S	A0A1U7SDG4
Q92574	448	P	S	A0A1U7SDG4
Q92574	497	V	L	A0A1U7SDG4
Q92574	509	R	Q	A0A1U7SDG4
Q92574	509	R	Q	A0A1U7SDG4
Q92574	510	D	N	A0A1U7SDG4
Q92574	510	D	N	A0A1U7SDG4
Q92574	523	A	P	A0A1U7SDG4
Q92574	525	S	T	A0A1U7SDG4
Q92574	526	S	F	A0A1U7SDG4
Q92574	526	S	F	A0A1U7SDG4
Q92574	529	A	T	A0A1U7SDG4
Q92574	529	A	T	A0A1U7SDG4
Q92574	534-535	EP	DA	A0A1U7SDG4
Q92574	544	G	E	A0A1U7SDG4
Q92574	544	G	E	A0A1U7SDG4
Q92574	544	G	E	A0A1U7SDG4
Q92574	544	G	E	A0A1U7SDG4
Q92574	550	Q	E	A0A1U7SDG4
Q92574	550	Q	E	A0A1U7SDG4
Q92574	550	Q	E	A0A1U7SDG4
Q92574	550	Q	E	A0A1U7SDG4
Q92574	550	Q	E	A0A1U7SDG4
Q92574	550	Q	E	A0A1U7SDG4
Q92574	550	Q	E	A0A1U7SDG4
Q92574	567	A	V	A0A1U7SDG4
Q92574	567	A	V	A0A1U7SDG4
Q92574	567	A	V	A0A1U7SDG4
Q92574	587	K	R	A0A1U7SDG4
Q92574	587	K	R	A0A1U7SDG4
Q92574	587	K	R	A0A1U7SDG4
Q92574	587	K	R	A0A1U7SDG4
Q92574	587	K	R	A0A1U7SDG4
Q92574	587	K	R	A0A1U7SDG4
Q92574	587	K	R	A0A1U7SDG4
Q92574	591	P	Q	A0A1U7SDG4
Q92574	591	P	S	A0A1U7SDG4
Q92574	591	P	S	A0A1U7SDG4
Q92574	591	P	L	A0A1U7SDG4
Q92574	591	P	S	A0A1U7SDG4
Q92574	591	P	Q	A0A1U7SDG4
Q92574	591	P	L	A0A1U7SDG4
Q92574	591	P	Q	A0A1U7SDG4
Q92574	591	P	L	A0A1U7SDG4
Q92574	603	P	L	A0A1U7SDG4
Q92574	603	P	L	A0A1U7SDG4
Q92574	606	H	Q	A0A1U7SDG4
Q92574	646	M	V	A0A1U7SDG4
Q92574	646	M	V	A0A1U7SDG4
Q92574	646	M	V	A0A1U7SDG4
Q92574	646	M	V	A0A1U7SDG4
Q92574	646	M	V	A0A1U7SDG4
Q92574	646	M	V	A0A1U7SDG4
Q92574	646	M	V	A0A1U7SDG4
Q92574	659	A	V	A0A1U7SDG4
Q92574	659	A	V	A0A1U7SDG4
Q92574	659	A	V	A0A1U7SDG4
Q92574	659	A	V	A0A1U7SDG4
Q92574	659	A	V	A0A1U7SDG4
Q92574	659	A	V	A0A1U7SDG4
Q92574	666	K	R	A0A1U7SDG4
Q92574	666	K	R	A0A1U7SDG4
Q92574	666	K	R	A0A1U7SDG4
Q92574	675	D	N	A0A1U7SDG4
Q92574	680	G	R	A0A1U7SDG4
Q92574	808	A	V	A0A1U7SDG4
Q92574	808	A	V	A0A1U7SDG4
Q92574	808	A	V	A0A1U7SDG4
Q92574	808	A	V	A0A1U7SDG4
Q92574	808	A	V	A0A1U7SDG4
Q92574	809	E	Q	A0A1U7SDG4
Q92574	809	E	Q	A0A1U7SDG4
Q92574	809	E	Q	A0A1U7SDG4
Q92574	809	E	Q	A0A1U7SDG4
Q92574	809	E	Q	A0A1U7SDG4
Q92574	829	S	R	A0A1U7SDG4
Q92574	829	S	R	A0A1U7SDG4
Q92574	829	S	R	A0A1U7SDG4
Q92574	829	S	R	A0A1U7SDG4
Q92574	829	S	R	A0A1U7SDG4
Q92574	883	A	T	A0A1U7SDG4
Q92574	883	A	T	A0A1U7SDG4
Q92574	885	R	W	A0A1U7SDG4
Q92574	885	R	W	A0A1U7SDG4
Q92574	893	S	R	A0A1U7SDG4
Q92574	908	R	Q	A0A1U7SDG4
Q92574	977	K	R	A0A1U7SDG4
Q92574	1023	P	L	A0A1U7SDG4
Q92574	1023	P	L	A0A1U7SDG4
Q92574	1027	R	Q	A0A1U7SDG4
Q92574	1027	R	Q	A0A1U7SDG4
Q92574	1038	S	G	A0A1U7SDG4
Q92574	1038	S	G	A0A1U7SDG4
Q92574	1038	S	G	A0A1U7SDG4
Q92574	1042	S	N	A0A1U7SDG4
Q92574	1042	S	N	A0A1U7SDG4
Q92574	1047	T	I	A0A1U7SDG4
Q92574	1047	T	I	A0A1U7SDG4
Q92574	1047	T	I	A0A1U7SDG4
Q92574	1047	T	I	A0A1U7SDG4
Q92574	1047	T	I	A0A1U7SDG4
Q92574	1059	F	L	A0A1U7SDG4
Q92574	1065	T	M	A0A1U7SDG4
Q92574	1065	T	M	A0A1U7SDG4
Q92574	1065	T	M	A0A1U7SDG4
Q92574	1065	T	M	A0A1U7SDG4
Q92574	1107	D	N	A0A1U7SDG4
Q92574	1119	T	I	A0A1U7SDG4
Q92574	1119	T	I	A0A1U7SDG4
Q92574	1146	D	Y	A0A1U7SDG4
Q92574	1146	D	Y	A0A1U7SDG4
Q92574	22	R	Q	A0A1U7SDG4
Q92574	44	T	A	A0A1U7SDG4
Q92574	56	P	S	A0A1U7SDG4
Q92574	59	H	L	A0A1U7SDG4
Q92574	59	H	L	A0A1U7SDG4
Q92574	59	H	L	A0A1U7SDG4
Q92574	84	A	T	A0A1U7SDG4
Q92574	84	A	T	A0A1U7SDG4
Q92574	84	A	T	A0A1U7SDG4
Q92574	84	A	T	A0A1U7SDG4
Q92574	84	A	T	A0A1U7SDG4
Q92574	84	A	T	A0A1U7SDG4
Q92574	126	V	I	A0A1U7SDG4
Q92574	126	V	I	A0A1U7SDG4
Q92574	130	T	I	A0A1U7SDG4
Q92574	181	H	R	A0A1U7SDG4
Q92574	209	M	V	A0A1U7SDG4
Q92574	209	M	V	A0A1U7SDG4
Q92574	209	M	V	A0A1U7SDG4
Q92574	245	R	Q	A0A1U7SDG4
Q92574	245	R	Q	A0A1U7SDG4
Q92574	257	I	N	A0A1U7SDG4
Q92574	261	K	R	A0A1U7SDG4
Q92574	261	K	R	A0A1U7SDG4
Q92574	277	V	A	A0A1U7SDG4
Q92574	277	V	A	A0A1U7SDG4
Q92574	277	V	A	A0A1U7SDG4
Q92574	285	F	V	A0A1U7SDG4
Q92574	285	F	V	A0A1U7SDG4
Q92574	285	F	V	A0A1U7SDG4
Q92574	285	F	V	A0A1U7SDG4
Q92574	285	F	V	A0A1U7SDG4
Q92574	285	F	V	A0A1U7SDG4
Q92574	307	A	V	A0A1U7SDG4
Q92574	322	M	T	A0A1U7SDG4
Q92574	322	M	T	A0A1U7SDG4
Q92574	322	M	T	A0A1U7SDG4
Q92574	322	M	T	A0A1U7SDG4
Q92574	322	M	T	A0A1U7SDG4
Q92574	322	M	T	A0A1U7SDG4
Q92574	322	M	T	A0A1U7SDG4
Q92574	322	M	T	A0A1U7SDG4
Q92574	322	M	T	A0A1U7SDG4
Q92574	322	M	T	A0A1U7SDG4
Q92574	322	M	T	A0A1U7SDG4
Q92574	322	M	T	A0A1U7SDG4
Q92574	322	M	T	A0A1U7SDG4
Q92574	322	M	T	A0A1U7SDG4
Q92574	336	R	W	A0A1U7SDG4
Q92574	336	R	W	A0A1U7SDG4
Q92574	336	R	W	A0A1U7SDG4
Q92574	336	R	W	A0A1U7SDG4
Q92574	336	R	W	A0A1U7SDG4
Q92574	336	R	W	A0A1U7SDG4
Q92574	336	R	Q	A0A1U7SDG4
Q92574	352	V	I	A0A1U7SDG4
Q92574	352	V	I	A0A1U7SDG4
Q92574	360	T	A	A0A1U7SDG4
Q92574	360	T	A	A0A1U7SDG4
Q92574	393	T	I	A0A1U7SDG4
Q92574	393	T	I	A0A1U7SDG4
Q92574	403	S	L	A0A1U7SDG4
Q92574	403	S	L	A0A1U7SDG4
Q92574	403	S	L	A0A1U7SDG4
Q92574	407	V	M	A0A1U7SDG4
Q92574	407	V	M	A0A1U7SDG4
Q92574	407	V	M	A0A1U7SDG4
Q92574	448	P	S	A0A1U7SDG4
Q92574	448	P	S	A0A1U7SDG4
Q92574	497	V	L	A0A1U7SDG4
Q92574	509	R	Q	A0A1U7SDG4
Q92574	509	R	Q	A0A1U7SDG4
Q92574	510	D	N	A0A1U7SDG4
Q92574	510	D	N	A0A1U7SDG4
Q92574	523	A	P	A0A1U7SDG4
Q92574	525	S	T	A0A1U7SDG4
Q92574	526	S	F	A0A1U7SDG4
Q92574	526	S	F	A0A1U7SDG4
Q92574	529	A	T	A0A1U7SDG4
Q92574	529	A	T	A0A1U7SDG4
Q92574	534-535	EP	DA	A0A1U7SDG4
Q92574	544	G	E	A0A1U7SDG4
Q92574	544	G	E	A0A1U7SDG4
Q92574	544	G	E	A0A1U7SDG4
Q92574	544	G	E	A0A1U7SDG4
Q92574	550	Q	E	A0A1U7SDG4
Q92574	550	Q	E	A0A1U7SDG4
Q92574	550	Q	E	A0A1U7SDG4
Q92574	550	Q	E	A0A1U7SDG4
Q92574	550	Q	E	A0A1U7SDG4
Q92574	550	Q	E	A0A1U7SDG4
Q92574	550	Q	E	A0A1U7SDG4
Q92574	567	A	V	A0A1U7SDG4
Q92574	567	A	V	A0A1U7SDG4
Q92574	567	A	V	A0A1U7SDG4
Q92574	587	K	R	A0A1U7SDG4
Q92574	587	K	R	A0A1U7SDG4
Q92574	587	K	R	A0A1U7SDG4
Q92574	587	K	R	A0A1U7SDG4
Q92574	587	K	R	A0A1U7SDG4
Q92574	587	K	R	A0A1U7SDG4
Q92574	587	K	R	A0A1U7SDG4
Q92574	591	P	Q	A0A1U7SDG4
Q92574	591	P	L	A0A1U7SDG4
Q92574	591	P	S	A0A1U7SDG4
Q92574	591	P	S	A0A1U7SDG4
Q92574	591	P	S	A0A1U7SDG4
Q92574	591	P	L	A0A1U7SDG4
Q92574	591	P	Q	A0A1U7SDG4
Q92574	591	P	L	A0A1U7SDG4
Q92574	591	P	Q	A0A1U7SDG4
Q92574	603	P	L	A0A1U7SDG4
Q92574	603	P	L	A0A1U7SDG4
Q92574	606	H	Q	A0A1U7SDG4
Q92574	646	M	V	A0A1U7SDG4
Q92574	646	M	V	A0A1U7SDG4
Q92574	646	M	V	A0A1U7SDG4
Q92574	646	M	V	A0A1U7SDG4
Q92574	646	M	V	A0A1U7SDG4
Q92574	646	M	V	A0A1U7SDG4
Q92574	646	M	V	A0A1U7SDG4
Q92574	659	A	V	A0A1U7SDG4
Q92574	659	A	V	A0A1U7SDG4
Q92574	659	A	V	A0A1U7SDG4
Q92574	659	A	V	A0A1U7SDG4
Q92574	659	A	V	A0A1U7SDG4
Q92574	659	A	V	A0A1U7SDG4
Q92574	666	K	R	A0A1U7SDG4
Q92574	666	K	R	A0A1U7SDG4
Q92574	666	K	R	A0A1U7SDG4
Q92574	675	D	N	A0A1U7SDG4
Q92574	680	G	R	A0A1U7SDG4
Q92574	808	A	V	A0A1U7SDG4
Q92574	808	A	V	A0A1U7SDG4
Q92574	808	A	V	A0A1U7SDG4
Q92574	808	A	V	A0A1U7SDG4
Q92574	808	A	V	A0A1U7SDG4
Q92574	809	E	Q	A0A1U7SDG4
Q92574	809	E	Q	A0A1U7SDG4
Q92574	809	E	Q	A0A1U7SDG4
Q92574	809	E	Q	A0A1U7SDG4
Q92574	809	E	Q	A0A1U7SDG4
Q92574	829	S	R	A0A1U7SDG4
Q92574	829	S	R	A0A1U7SDG4
Q92574	829	S	R	A0A1U7SDG4
Q92574	829	S	R	A0A1U7SDG4
Q92574	829	S	R	A0A1U7SDG4
Q92574	883	A	T	A0A1U7SDG4
Q92574	883	A	T	A0A1U7SDG4
Q92574	885	R	W	A0A1U7SDG4
Q92574	885	R	W	A0A1U7SDG4
Q92574	893	S	R	A0A1U7SDG4
Q92574	908	R	Q	A0A1U7SDG4
Q92574	977	K	R	A0A1U7SDG4
Q92574	1023	P	L	A0A1U7SDG4
Q92574	1023	P	L	A0A1U7SDG4
Q92574	1027	R	Q	A0A1U7SDG4
Q92574	1027	R	Q	A0A1U7SDG4
Q92574	1038	S	G	A0A1U7SDG4
Q92574	1038	S	G	A0A1U7SDG4
Q92574	1038	S	G	A0A1U7SDG4
Q92574	1042	S	N	A0A1U7SDG4
Q92574	1042	S	N	A0A1U7SDG4
Q92574	1047	T	I	A0A1U7SDG4
Q92574	1047	T	I	A0A1U7SDG4
Q92574	1047	T	I	A0A1U7SDG4
Q92574	1047	T	I	A0A1U7SDG4
Q92574	1047	T	I	A0A1U7SDG4
Q92574	1059	F	L	A0A1U7SDG4
Q92574	1065	T	M	A0A1U7SDG4
Q92574	1065	T	M	A0A1U7SDG4
Q92574	1065	T	M	A0A1U7SDG4
Q92574	1065	T	M	A0A1U7SDG4
Q92574	1107	D	N	A0A1U7SDG4
Q92574	1119	T	I	A0A1U7SDG4
Q92574	1119	T	I	A0A1U7SDG4
Q92574	1146	D	Y	A0A1U7SDG4
Q92574	1146	D	Y	A0A1U7SDG4
Q92583	5	K	N	A0A2Y9M2N7
Q92583	67	V	M	A0A2Y9M2N7
Q92583	5	K	N	A0A2Y9M2N7
Q92583	67	V	M	A0A2Y9M2N7
Q92619	139	R	H	A0A2I2UAN7
Q92619	259	E	D	A0A2I2UAN7
Q92619	426	A	V	A0A2I2UAN7
Q92619	426	A	V	A0A2I2UAN7
Q92619	439	S	G	A0A2I2UAN7
Q92619	515	M	I	A0A2I2UAN7
Q92619	1014	E	Q	A0A2I2UAN7
Q92619	1014	E	Q	A0A2I2UAN7
Q92619	1019	G	R	A0A2I2UAN7
Q92619	1019	G	R	A0A2I2UAN7
Q92619	1090	E	G	A0A2I2UAN7
Q92619	1090	E	G	A0A2I2UAN7
Q92623	103	P	A	A0A2U3X2N6
Q92623	214	C	F	A0A2U3X2N6
Q92750	44	A	P	K7F3R2
Q92750	44	A	P	K7F3R2
Q92750	152	A	T	K7F3R2
Q92750	152	A	T	K7F3R2
Q92750	152	A	V	K7F3R2
Q92750	152	A	V	K7F3R2
Q92750	249	I	V	K7F3R2
Q92750	249	I	V	K7F3R2
Q92750	332	Q	R	K7F3R2
Q92750	332	Q	R	K7F3R2
Q92750	375	Q	H	K7F3R2
Q92750	375	Q	H	K7F3R2
Q92750	438	V	L	K7F3R2
Q92750	539	N	S	K7F3R2
Q92754	135	A	T	F7CZ55
Q92766	4	S	N	G3N5V1
Q92766	4	S	N	G3N5V1
Q92766	46	P	S	G3N5V1
Q92766	46	P	S	G3N5V1
Q92766	90	T	A	G3N5V1
Q92766	90	T	A	G3N5V1
Q92766	185	P	T	G3N5V1
Q92766	185	P	T	G3N5V1
Q92766	195	G	R	G3N5V1
Q92766	342	D	N	G3N5V1
Q92766	342	D	N	G3N5V1
Q92766	405	G	S	G3N5V1
Q92766	406	C	Y	G3N5V1
Q92766	406	C	Y	G3N5V1
Q92766	459	I	V	G3N5V1
Q92766	459	I	V	G3N5V1
Q92766	548	K	Q	G3N5V1
Q92766	548	K	Q	G3N5V1
Q92766	573	A	T	G3N5V1
Q92766	573	A	T	G3N5V1
Q92766	576	R	W	G3N5V1
Q92766	576	R	W	G3N5V1
Q92766	610	M	I	G3N5V1
Q92766	610	M	I	G3N5V1
Q92766	614	I	M	G3N5V1
Q92766	614	I	M	G3N5V1
Q92766	770	I	M	G3N5V1
Q92766	770	I	M	G3N5V1
Q92766	783	G	V	G3N5V1
Q92766	967	E	K	G3N5V1
Q92766	967	E	K	G3N5V1
Q92766	969	P	S	G3N5V1
Q92766	969	P	S	G3N5V1
Q92766	983	L	S	G3N5V1
Q92766	983	L	S	G3N5V1
Q92766	1135	S	I	G3N5V1
Q92766	1135	S	I	G3N5V1
Q92766	1141	P	R	G3N5V1
Q92766	1141	P	R	G3N5V1
Q92766	1155	R	Q	G3N5V1
Q92766	1155	R	Q	G3N5V1
Q92766	1171	D	N	G3N5V1
Q92766	1384	R	H	G3N5V1
Q92766	1384	R	H	G3N5V1
Q92766	1417	D	H	G3N5V1
Q92766	1417	D	H	G3N5V1
Q92766	1436	A	V	G3N5V1
Q92766	1436	A	V	G3N5V1
Q92766	1439	G	R	G3N5V1
Q92766	1522	L	P	G3N5V1
Q92766	1530	S	F	G3N5V1
Q92766	1530	S	F	G3N5V1
Q92766	1554	S	Y	G3N5V1
Q92766	1673	R	Q	G3N5V1
Q92766	1696	P	L	G3N5V1
Q92766	1696	P	L	G3N5V1
Q92766	4	S	N	G3N5V1
Q92766	4	S	N	G3N5V1
Q92766	46	P	S	G3N5V1
Q92766	46	P	S	G3N5V1
Q92766	90	T	A	G3N5V1
Q92766	90	T	A	G3N5V1
Q92766	185	P	T	G3N5V1
Q92766	185	P	T	G3N5V1
Q92766	195	G	R	G3N5V1
Q92766	342	D	N	G3N5V1
Q92766	342	D	N	G3N5V1
Q92766	405	G	S	G3N5V1
Q92766	406	C	Y	G3N5V1
Q92766	406	C	Y	G3N5V1
Q92766	459	I	V	G3N5V1
Q92766	459	I	V	G3N5V1
Q92766	548	K	Q	G3N5V1
Q92766	548	K	Q	G3N5V1
Q92766	573	A	T	G3N5V1
Q92766	573	A	T	G3N5V1
Q92766	576	R	W	G3N5V1
Q92766	576	R	W	G3N5V1
Q92766	610	M	I	G3N5V1
Q92766	610	M	I	G3N5V1
Q92766	614	I	M	G3N5V1
Q92766	614	I	M	G3N5V1
Q92766	770	I	M	G3N5V1
Q92766	770	I	M	G3N5V1
Q92766	783	G	V	G3N5V1
Q92766	967	E	K	G3N5V1
Q92766	967	E	K	G3N5V1
Q92766	969	P	S	G3N5V1
Q92766	969	P	S	G3N5V1
Q92766	983	L	S	G3N5V1
Q92766	983	L	S	G3N5V1
Q92766	1135	S	I	G3N5V1
Q92766	1135	S	I	G3N5V1
Q92766	1141	P	R	G3N5V1
Q92766	1141	P	R	G3N5V1
Q92766	1155	R	Q	G3N5V1
Q92766	1155	R	Q	G3N5V1
Q92766	1171	D	N	G3N5V1
Q92766	1384	R	H	G3N5V1
Q92766	1384	R	H	G3N5V1
Q92766	1417	D	H	G3N5V1
Q92766	1417	D	H	G3N5V1
Q92766	1436	A	V	G3N5V1
Q92766	1436	A	V	G3N5V1
Q92766	1439	G	R	G3N5V1
Q92766	1522	L	P	G3N5V1
Q92766	1530	S	F	G3N5V1
Q92766	1530	S	F	G3N5V1
Q92766	1554	S	Y	G3N5V1
Q92766	1673	R	Q	G3N5V1
Q92766	1696	P	L	G3N5V1
Q92766	1696	P	L	G3N5V1
Q92784	188	A	T	A0A016UD05
Q92859	304	S	N	H2SLV3
Q92859	304	S	N	H2SLV3
Q92859	304	S	N	H2SLV3
Q92859	304	S	N	H2SLV3
Q92870	179	R	Q	A0A1V4JG82
Q92870	737	N	S	A0A1V4JG82
Q92908	15	G	R	A0A1A6HR43
Q92908	15	G	R	A0A1A6HR43
Q92908	15	G	R	A0A1A6HR43
Q92908	15	G	R	A0A1A6HR43
Q92908	15	G	R	A0A1A6HR43
Q92908	15	G	R	A0A1A6HR43
Q92908	15	G	R	A0A1A6HR43
Q92908	21	A	G	A0A1A6HR43
Q92908	21	A	G	A0A1A6HR43
Q92908	21	A	G	A0A1A6HR43
Q92908	68	E	V	A0A1A6HR43
Q92908	68	E	V	A0A1A6HR43
Q92908	68	E	V	A0A1A6HR43
Q92908	178	A	V	A0A1A6HR43
Q92908	178	A	V	A0A1A6HR43
Q92908	178	A	V	A0A1A6HR43
Q92908	178	A	V	A0A1A6HR43
Q92908	184	S	N	A0A1A6HR43
Q92908	184	S	N	A0A1A6HR43
Q92908	184	S	N	A0A1A6HR43
Q92908	184	S	N	A0A1A6HR43
Q92908	184	S	N	A0A1A6HR43
Q92908	284	A	G	A0A1A6HR43
Q92908	284	A	G	A0A1A6HR43
Q92908	284	A	G	A0A1A6HR43
Q92908	284	A	G	A0A1A6HR43
Q92908	575	A	P	A0A1A6HR43
Q92908	575	A	P	A0A1A6HR43
Q92908	575	A	P	A0A1A6HR43
Q92908	575	A	P	A0A1A6HR43
Q92908	15	G	R	A0A1A6HR43
Q92908	15	G	R	A0A1A6HR43
Q92908	15	G	R	A0A1A6HR43
Q92908	15	G	R	A0A1A6HR43
Q92908	15	G	R	A0A1A6HR43
Q92908	15	G	R	A0A1A6HR43
Q92908	15	G	R	A0A1A6HR43
Q92908	21	A	G	A0A1A6HR43
Q92908	21	A	G	A0A1A6HR43
Q92908	21	A	G	A0A1A6HR43
Q92908	68	E	V	A0A1A6HR43
Q92908	68	E	V	A0A1A6HR43
Q92908	68	E	V	A0A1A6HR43
Q92908	178	A	V	A0A1A6HR43
Q92908	178	A	V	A0A1A6HR43
Q92908	178	A	V	A0A1A6HR43
Q92908	178	A	V	A0A1A6HR43
Q92908	184	S	N	A0A1A6HR43
Q92908	184	S	N	A0A1A6HR43
Q92908	184	S	N	A0A1A6HR43
Q92908	184	S	N	A0A1A6HR43
Q92908	184	S	N	A0A1A6HR43
Q92908	284	A	G	A0A1A6HR43
Q92908	284	A	G	A0A1A6HR43
Q92908	284	A	G	A0A1A6HR43
Q92908	284	A	G	A0A1A6HR43
Q92908	575	A	P	A0A1A6HR43
Q92908	575	A	P	A0A1A6HR43
Q92908	575	A	P	A0A1A6HR43
Q92908	575	A	P	A0A1A6HR43
Q92917	129	A	T	A0A023FKC7
Q92917	129	A	T	A0A023FKC7
Q92917	288	Y	C	A0A023FKC7
Q92917	288	Y	C	A0A023FKC7
Q92947	70	T	N	H2T7M2
Q92947	70	T	N	H2T7M2
Q92947	162	Q	E	H2T7M2
Q92947	162	Q	E	H2T7M2
Q92947	276	V	L	H2T7M2
Q92947	276	V	L	H2T7M2
Q92947	296	G	S	H2T7M2
Q92947	296	G	S	H2T7M2
Q92947	296	G	S	H2T7M2
Q92947	362	A	D	H2T7M2
Q92947	362	A	D	H2T7M2
Q92947	362	A	D	H2T7M2
Q92947	362	A	D	H2T7M2
Q92947	70	T	N	H2T7M2
Q92947	70	T	N	H2T7M2
Q92947	162	Q	E	H2T7M2
Q92947	162	Q	E	H2T7M2
Q92947	276	V	L	H2T7M2
Q92947	276	V	L	H2T7M2
Q92947	296	G	S	H2T7M2
Q92947	296	G	S	H2T7M2
Q92947	296	G	S	H2T7M2
Q92947	362	A	D	H2T7M2
Q92947	362	A	D	H2T7M2
Q92947	362	A	D	H2T7M2
Q92947	362	A	D	H2T7M2
Q92966	398	E	A	G1SWZ4
Q92966	398	E	A	G1SWZ4
Q92966	398	E	A	G1SWZ4
Q92966	398	E	A	G1SWZ4
Q92982	110	A	D	A0A091CWH1
Q93008	96	V	L	R7VLC1
Q93008	96	V	L	R7VLC1
Q93008	102	I	V	R7VLC1
Q93008	199	S	G	R7VLC1
Q93008	199	S	G	R7VLC1
Q93008	232	N	S	R7VLC1
Q93008	232	N	S	R7VLC1
Q93008	627	M	I	R7VLC1
Q93008	640	Q	H	R7VLC1
Q93008	999	N	S	R7VLC1
Q93008	1607	N	S	R7VLC1
Q93008	1758	V	I	R7VLC1
Q93008	1960	D	E	R7VLC1
Q93008	1974	I	V	R7VLC1
Q93008	1974	I	V	R7VLC1
Q93008	1974	I	V	R7VLC1
Q93008	1975	T	S	R7VLC1
Q93008	2542	G	D	R7VLC1
Q93073	710	V	L	L8Y8F4
Q93073	916	P	A	L8Y8F4
Q969J2	22	L	F	G3VZJ1
Q969J2	33	S	F	G3VZJ1
Q969K7	110	L	F	A0A2K6EIX0
Q969N2	5	M	T	A0A2R6W2P4
Q969N2	123	V	L	A0A2R6W2P4
Q969N2	123	V	L	A0A2R6W2P4
Q969N2	123	V	L	A0A2R6W2P4
Q969N2	123	V	L	A0A2R6W2P4
Q969N2	178	R	Q	A0A2R6W2P4
Q969N2	178	R	Q	A0A2R6W2P4
Q969N2	178	R	Q	A0A2R6W2P4
Q969N2	257	D	A	A0A2R6W2P4
Q969N2	257	D	A	A0A2R6W2P4
Q969N2	257	D	A	A0A2R6W2P4
Q969N2	257	D	A	A0A2R6W2P4
Q969N2	354	A	V	A0A2R6W2P4
Q969N2	354	A	V	A0A2R6W2P4
Q969N2	354	A	V	A0A2R6W2P4
Q969N2	473	A	T	A0A2R6W2P4
Q969N2	473	A	T	A0A2R6W2P4
Q969N2	473	A	T	A0A2R6W2P4
Q969S9	15	I	V	T1HV44
Q969S9	15	I	V	T1HV44
Q969S9	15	I	V	T1HV44
Q969S9	15	I	V	T1HV44
Q969S9	37	P	S	T1HV44
Q969S9	37	P	S	T1HV44
Q969S9	60	H	N	T1HV44
Q969S9	60	H	N	T1HV44
Q969S9	60	H	N	T1HV44
Q969S9	64	N	S	T1HV44
Q969S9	64	N	S	T1HV44
Q969S9	64	N	S	T1HV44
Q969S9	130	F	L	T1HV44
Q969S9	130	F	L	T1HV44
Q969S9	300	S	C	T1HV44
Q969S9	300	S	C	T1HV44
Q969S9	300	S	C	T1HV44
Q969S9	312	Q	E	T1HV44
Q969S9	312	Q	E	T1HV44
Q969S9	327	V	L	T1HV44
Q969S9	334	K	R	T1HV44
Q969S9	334	K	R	T1HV44
Q969S9	368	C	R	T1HV44
Q969S9	368	C	R	T1HV44
Q969S9	475	A	V	T1HV44
Q969S9	475	A	V	T1HV44
Q969S9	475	A	V	T1HV44
Q969S9	573	R	H	T1HV44
Q969S9	573	R	H	T1HV44
Q969S9	573	R	H	T1HV44
Q969S9	627	I	T	T1HV44
Q969S9	627	I	T	T1HV44
Q969S9	627	I	T	T1HV44
Q969S9	674	V	M	T1HV44
Q969S9	674	V	M	T1HV44
Q969S9	674	V	M	T1HV44
Q969S9	728	I	T	T1HV44
Q969S9	728	I	T	T1HV44
Q969S9	744	R	G	T1HV44
Q969S9	744	R	G	T1HV44
Q969S9	744	R	G	T1HV44
Q969S9	774	R	Q	T1HV44
Q969S9	774	R	Q	T1HV44
Q969S9	774	R	Q	T1HV44
Q969S9	15	I	V	T1HV44
Q969S9	15	I	V	T1HV44
Q969S9	15	I	V	T1HV44
Q969S9	15	I	V	T1HV44
Q969S9	37	P	S	T1HV44
Q969S9	37	P	S	T1HV44
Q969S9	60	H	N	T1HV44
Q969S9	60	H	N	T1HV44
Q969S9	60	H	N	T1HV44
Q969S9	64	N	S	T1HV44
Q969S9	64	N	S	T1HV44
Q969S9	64	N	S	T1HV44
Q969S9	130	F	L	T1HV44
Q969S9	130	F	L	T1HV44
Q969S9	300	S	C	T1HV44
Q969S9	300	S	C	T1HV44
Q969S9	300	S	C	T1HV44
Q969S9	312	Q	E	T1HV44
Q969S9	312	Q	E	T1HV44
Q969S9	327	V	L	T1HV44
Q969S9	334	K	R	T1HV44
Q969S9	334	K	R	T1HV44
Q969S9	368	C	R	T1HV44
Q969S9	368	C	R	T1HV44
Q969S9	475	A	V	T1HV44
Q969S9	475	A	V	T1HV44
Q969S9	475	A	V	T1HV44
Q969S9	573	R	H	T1HV44
Q969S9	573	R	H	T1HV44
Q969S9	573	R	H	T1HV44
Q969S9	627	I	T	T1HV44
Q969S9	627	I	T	T1HV44
Q969S9	627	I	T	T1HV44
Q969S9	674	V	M	T1HV44
Q969S9	674	V	M	T1HV44
Q969S9	674	V	M	T1HV44
Q969S9	728	I	T	T1HV44
Q969S9	728	I	T	T1HV44
Q969S9	744	R	G	T1HV44
Q969S9	744	R	G	T1HV44
Q969S9	744	R	G	T1HV44
Q969S9	774	R	Q	T1HV44
Q969S9	774	R	Q	T1HV44
Q969S9	774	R	Q	T1HV44
Q969Y2	33	G	S	A0A0L0IW61
Q969Y2	33	G	S	A0A0L0IW61
Q969Y2	86	R	C	A0A0L0IW61
Q969Y2	86	R	C	A0A0L0IW61
Q969Y2	119	P	L	A0A0L0IW61
Q969Y2	119	P	L	A0A0L0IW61
Q969Y2	162	A	T	A0A0L0IW61
Q969Y2	162	A	T	A0A0L0IW61
Q969Y2	250	V	A	A0A0L0IW61
Q969Y2	250	V	A	A0A0L0IW61
Q969Y2	250	V	A	A0A0L0IW61
Q969Y2	250	V	A	A0A0L0IW61
Q969Y2	316	Q	R	A0A0L0IW61
Q969Y2	316	Q	R	A0A0L0IW61
Q969Y2	335	M	I	A0A0L0IW61
Q969Y2	335	M	I	A0A0L0IW61
Q969Y2	353	V	I	A0A0L0IW61
Q969Y2	353	V	I	A0A0L0IW61
Q969Y2	362	P	S	A0A0L0IW61
Q969Y2	362	P	S	A0A0L0IW61
Q969Y2	368	R	H	A0A0L0IW61
Q969Y2	368	R	H	A0A0L0IW61
Q969Y2	368	R	H	A0A0L0IW61
Q969Y2	392	P	R	A0A0L0IW61
Q969Y2	392	P	R	A0A0L0IW61
Q969Y2	392	P	R	A0A0L0IW61
Q969Z0	22	A	S	G3VWZ0
Q969Z0	57	P	L	G3VWZ0
Q969Z0	22	A	S	G3VWZ0
Q969Z0	57	P	L	G3VWZ0
Q969Z4	422	R	W	W5MGR4
Q969Z4	422	R	W	W5MGR4
Q969Z4	422	R	W	W5MGR4
Q969Z4	422	R	W	W5MGR4
Q969Z4	422	R	W	W5MGR4
Q969Z4	422	R	W	W5MGR4
Q96A11	221	A	D	M4A1Q3
Q96A11	410	E	A	M4A1Q3
Q96A11	221	A	D	M4A1Q3
Q96A11	410	E	A	M4A1Q3
Q96A25	46	V	M	A0A091L9J1
Q96A25	46	V	M	A0A091L9J1
Q96A25	46	V	M	A0A091L9J1
Q96A25	46	V	M	A0A091L9J1
Q96AB6	283	H	N	A0A2R8PII0
Q96AB6	287	S	P	A0A2R8PII0
Q96AB6	283	H	N	A0A2R8PII0
Q96AB6	283	H	N	A0A2R8PII0
Q96AB6	287	S	P	A0A2R8PII0
Q96AB6	287	S	P	A0A2R8PII0
Q96AJ1	68	A	S	A0A2K6L578
Q96AJ1	68	A	S	A0A2K6L578
Q96AJ1	107	A	V	A0A2K6L578
Q96AJ1	196	V	F	A0A2K6L578
Q96AJ1	307	K	Q	A0A2K6L578
Q96AJ1	307	K	Q	A0A2K6L578
Q96AJ1	323	E	D	A0A2K6L578
Q96AJ1	335	K	N	A0A2K6L578
Q96AJ1	338	T	P	A0A2K6L578
Q96AJ1	401	R	W	A0A2K6L578
Q96AQ8	108	S	G	A0A2Y9KQB1
Q96AQ8	216	T	A	A0A2Y9KQB1
Q96B21	58	V	I	F7FBF9
Q96B21	59	T	I	F7FBF9
Q96B21	58	V	I	F7FBF9
Q96B21	59	T	I	F7FBF9
Q96B33	210	V	M	A0A2K6JY60
Q96B33	232	P	S	A0A2K6JY60
Q96B33	210	V	M	A0A2K6JY60
Q96B33	210	V	M	A0A2K6JY60
Q96BD5	115	N	S	A2AHG3
Q96BD5	348	R	H	A2AHG3
Q96BD5	605	I	V	A2AHG3
Q96BD5	605	I	V	A2AHG3
Q96BD5	629	I	V	A2AHG3
Q96BD5	646	N	S	A2AHG3
Q96BD5	672	A	V	A2AHG3
Q96BQ3	171	N	D	A0A2U4CFN9
Q96BQ5	60	R	H	E2QWH7
Q96BR5	48	R	Q	C1C421
Q96BR5	48	R	Q	C1C421
Q96BR5	219	K	R	C1C421
Q96BW9	40	P	S	G1LWW4
Q96BW9	116	N	S	G1LWW4
Q96BW9	179	I	V	G1LWW4
Q96BY7	402	R	H	A0A146NIC8
Q96BY7	454	V	M	A0A146NIC8
Q96BY7	454	V	M	A0A146NIC8
Q96BY7	454	V	M	A0A146NIC8
Q96BY7	477	P	L	A0A146NIC8
Q96BY7	477	P	L	A0A146NIC8
Q96BY7	479	N	S	A0A146NIC8
Q96BY7	479	N	S	A0A146NIC8
Q96BY7	526	P	A	A0A146NIC8
Q96BY7	587	Y	H	A0A146NIC8
Q96BY7	587	Y	H	A0A146NIC8
Q96BY7	970	P	S	A0A146NIC8
Q96BY7	1124	N	D	A0A146NIC8
Q96BY7	1383	Q	E	A0A146NIC8
Q96BY7	1465	S	P	A0A146NIC8
Q96BY7	1523	N	S	A0A146NIC8
Q96BY7	1534	T	S	A0A146NIC8
Q96BY7	1567	I	T	A0A146NIC8
Q96BY7	1701	R	S	A0A146NIC8
Q96BY7	1760	K	E	A0A146NIC8
Q96BY7	1969	I	V	A0A146NIC8
Q96BY7	1969	I	V	A0A146NIC8
Q96BZ8	97	K	E	A0A1S3J6J0
Q96BZ8	97	K	E	A0A1S3J6J0
Q96BZ8	97	K	E	A0A1S3J6J0
Q96BZ8	97	K	E	A0A1S3J6J0
Q96BZ8	97	K	E	A0A1S3J6J0
Q96BZ8	97	K	E	A0A1S3J6J0
Q96BZ8	97	K	E	A0A1S3J6J0
Q96BZ8	97	K	E	A0A1S3J6J0
Q96BZ8	97	K	E	A0A1S3J6J0
Q96BZ8	97	K	E	A0A1S3J6J0
Q96BZ8	97	K	E	A0A1S3J6J0
Q96BZ8	97	K	E	A0A1S3J6J0
Q96BZ8	97	K	E	A0A1S3J6J0
Q96BZ8	97	K	E	A0A1S3J6J0
Q96BZ8	97	K	E	A0A1S3J6J0
Q96BZ8	97	K	E	A0A1S3J6J0
Q96BZ8	97	K	E	A0A1S3J6J0
Q96BZ8	97	K	E	A0A1S3J6J0
Q96BZ8	97	K	E	A0A1S3J6J0
Q96C03	324	G	E	A0A1A8FQJ7
Q96C03	343	R	Q	A0A1A8FQJ7
Q96C03	324	G	E	A0A1A8FQJ7
Q96C03	324	G	E	A0A1A8FQJ7
Q96C03	354	R	Q	A0A1A8FQJ7
Q96C19	45	A	V	A0A2R9AAF1
Q96C92	304	R	Q	F6QT44
Q96C92	379	V	M	F6QT44
Q96C92	428	V	I	F6QT44
Q96CK0	352	E	K	A0A1D5PXX1
Q96CK0	385	G	S	A0A1D5PXX1
Q96CP6	448	R	W	V9KFU1
Q96DA0	12	G	C	F7FT45
Q96DA0	14	T	S	F7FT45
Q96DA0	35	D	N	F7FT45
Q96DA0	97	M	V	F7FT45
Q96DC9	78	V	I	L8Y6U1
Q96DL1	103	V	A	A0A2U3XIH3
Q96DL1	351	N	I	A0A2U3XIH3
Q96DR7	29	V	L	F1NBE4
Q96DR7	60	L	P	F1NBE4
Q96DR7	60	L	F	F1NBE4
Q96DR7	203	F	S	F1NBE4
Q96DR7	687	N	K	F1NBE4
Q96DR7	29	V	L	F1NBE4
Q96DR7	60	L	F	F1NBE4
Q96DR7	60	L	P	F1NBE4
Q96DR7	203	F	S	F1NBE4
Q96DR7	687	N	K	F1NBE4
Q96DR7	29	V	L	F1NBE4
Q96DR7	29	V	L	F1NBE4
Q96DR7	60	L	P	F1NBE4
Q96DR7	60	L	P	F1NBE4
Q96DR7	203	F	S	F1NBE4
Q96DR7	203	F	S	F1NBE4
Q96DR7	29	V	L	F1NBE4
Q96DR7	29	V	L	F1NBE4
Q96DR7	60	L	P	F1NBE4
Q96DR7	60	L	P	F1NBE4
Q96DR7	203	F	S	F1NBE4
Q96DR7	203	F	S	F1NBE4
Q96DZ9	114	K	T	A0A1D5QBQ3
Q96E52	67	N	K	M7BH07
Q96E52	67	N	K	M7BH07
Q96E52	69	H	Y	M7BH07
Q96E52	69	H	Y	M7BH07
Q96E52	117	P	L	M7BH07
Q96E52	211	F	C	M7BH07
Q96E52	252	M	T	M7BH07
Q96E52	252	M	T	M7BH07
Q96E52	294	I	V	M7BH07
Q96E52	294	I	V	M7BH07
Q96E52	329	I	L	M7BH07
Q96E52	365	D	Y	M7BH07
Q96E52	365	D	Y	M7BH07
Q96E52	522	T	M	M7BH07
Q96E52	522	T	M	M7BH07
Q96EB6	37	P	L	A0A151P0R7
Q96EB6	97	A	E	A0A151P0R7
Q96EB6	114	P	Q	A0A151P0R7
Q96EB6	170	H	R	A0A151P0R7
Q96EB6	170	H	R	A0A151P0R7
Q96EB6	536	E	K	A0A151P0R7
Q96EB6	536	E	K	A0A151P0R7
Q96EK2	127	G	S	A0A0P7U580
Q96EK2	140	A	T	A0A0P7U580
Q96ER9	165	R	C	A0A091MNX2
Q96ER9	165	R	C	A0A091MNX2
Q96ER9	323	Q	R	A0A091MNX2
Q96ER9	323	Q	R	A0A091MNX2
Q96EV2	574	T	A	U3IIE6
Q96EV2	618	Q	P	U3IIE6
Q96EV8	221	R	Q	F6PQR7
Q96EV8	221	R	Q	F6PQR7
Q96EV8	221	R	Q	F6PQR7
Q96EV8	272	P	S	F6PQR7
Q96EV8	272	P	S	F6PQR7
Q96EV8	272	P	S	F6PQR7
Q96EV8	292	R	G	F6PQR7
Q96EV8	292	R	G	F6PQR7
Q96EV8	292	R	G	F6PQR7
Q96EV8	296	P	S	F6PQR7
Q96EV8	296	P	S	F6PQR7
Q96EV8	296	P	S	F6PQR7
Q96F25	11	A	T	A0A2D0RR82
Q96F25	11	A	T	A0A2D0RR82
Q96F25	11	A	T	A0A2D0RR82
Q96F25	11	A	T	A0A2D0RR82
Q96F25	11	A	T	A0A2D0RR82
Q96F25	14	V	M	A0A2D0RR82
Q96F25	14	V	M	A0A2D0RR82
Q96F46	7	P	L	U3IYI2
Q96F46	7	P	S	U3IYI2
Q96F46	7	P	L	U3IYI2
Q96F46	7	P	S	U3IYI2
Q96F46	7	P	L	U3IYI2
Q96F46	7	P	L	U3IYI2
Q96F46	219	V	L	U3IYI2
Q96F46	219	V	L	U3IYI2
Q96F46	278	R	H	U3IYI2
Q96F46	278	R	H	U3IYI2
Q96F46	278	R	H	U3IYI2
Q96F46	278	R	H	U3IYI2
Q96F46	297	H	Y	U3IYI2
Q96F46	297	H	Y	U3IYI2
Q96F46	367	A	V	U3IYI2
Q96F46	367	A	V	U3IYI2
Q96F46	367	A	V	U3IYI2
Q96F46	471	H	R	U3IYI2
Q96F46	471	H	R	U3IYI2
Q96F46	562	P	Q	U3IYI2
Q96F46	562	P	Q	U3IYI2
Q96F46	562	P	Q	U3IYI2
Q96F46	583	D	H	U3IYI2
Q96F46	583	D	H	U3IYI2
Q96F46	607	E	K	U3IYI2
Q96F46	607	E	K	U3IYI2
Q96F46	607	E	K	U3IYI2
Q96F46	607	E	K	U3IYI2
Q96F46	633	L	V	U3IYI2
Q96F46	633	L	V	U3IYI2
Q96F46	691	A	T	U3IYI2
Q96F46	691	A	T	U3IYI2
Q96F46	691	A	T	U3IYI2
Q96F46	755	L	P	U3IYI2
Q96F46	755	L	P	U3IYI2
Q96F46	797	I	V	U3IYI2
Q96F46	797	I	V	U3IYI2
Q96FC9	32	R	W	A0A1X0RT49
Q96FC9	32	R	W	A0A1X0RT49
Q96FC9	85	H	R	A0A1X0RT49
Q96FC9	85	H	R	A0A1X0RT49
Q96FC9	140	R	Q	A0A1X0RT49
Q96FC9	140	R	Q	A0A1X0RT49
Q96FC9	182	P	L	A0A1X0RT49
Q96FC9	213	R	G	A0A1X0RT49
Q96FC9	284	R	H	A0A1X0RT49
Q96FC9	284	R	H	A0A1X0RT49
Q96FC9	347	A	D	A0A1X0RT49
Q96FC9	381	A	V	A0A1X0RT49
Q96FC9	453	A	S	A0A1X0RT49
Q96FC9	453	A	S	A0A1X0RT49
Q96FC9	553	Q	E	A0A1X0RT49
Q96FC9	553	Q	E	A0A1X0RT49
Q96FC9	565	H	Y	A0A1X0RT49
Q96FC9	565	H	Y	A0A1X0RT49
Q96FC9	567	Q	E	A0A1X0RT49
Q96FC9	567	Q	E	A0A1X0RT49
Q96FC9	572	A	V	A0A1X0RT49
Q96FC9	572	A	V	A0A1X0RT49
Q96FC9	607	A	P	A0A1X0RT49
Q96FC9	607	A	P	A0A1X0RT49
Q96FC9	638	G	R	A0A1X0RT49
Q96FC9	638	G	R	A0A1X0RT49
Q96FC9	733	K	R	A0A1X0RT49
Q96FC9	733	K	R	A0A1X0RT49
Q96FC9	741	S	R	A0A1X0RT49
Q96FC9	741	S	R	A0A1X0RT49
Q96FC9	858	V	I	A0A1X0RT49
Q96FC9	858	V	I	A0A1X0RT49
Q96FC9	929	V	M	A0A1X0RT49
Q96FC9	951	C	R	A0A1X0RT49
Q96FZ2	343	E	K	V9KVK2
Q96FZ2	343	E	K	V9KVK2
Q96FZ2	343	E	K	V9KVK2
Q96G28	243	D	G	A0A2U3XXI3
Q96G28	246	I	F	A0A2U3XXI3
Q96GZ6	62	T	A	L5LW03
Q96GZ6	71	V	M	L5LW03
Q96GZ6	421	I	V	L5LW03
Q96H55	6	N	S	A0A1U7TVR9
Q96H55	176	N	S	A0A1U7TVR9
Q96H55	863	L	F	A0A1U7TVR9
Q96H55	176	N	S	A0A1U7TVR9
Q96H55	176	N	S	A0A1U7TVR9
Q96HA4	4	R	Q	H0XYL1
Q96HA8	32	I	V	A0A232F4M8
Q96HA8	93	N	S	A0A232F4M8
Q96HA8	116	F	I	A0A232F4M8
Q96HA8	134	R	C	A0A232F4M8
Q96HD1	13	M	V	A0A2K5D8V0
Q96HD1	128	P	R	A0A2K5D8V0
Q96HD1	128	P	R	A0A2K5D8V0
Q96HD1	128	P	R	A0A2K5D8V0
Q96HD1	206	A	T	A0A2K5D8V0
Q96HD1	206	A	T	A0A2K5D8V0
Q96HD1	329	R	C	A0A2K5D8V0
Q96HD1	329	R	C	A0A2K5D8V0
Q96HD1	329	R	C	A0A2K5D8V0
Q96HD1	340	E	K	A0A2K5D8V0
Q96HD1	340	E	K	A0A2K5D8V0
Q96HD1	340	E	K	A0A2K5D8V0
Q96HD1	417	I	V	A0A2K5D8V0
Q96HD1	13	M	V	A0A2K5D8V0
Q96HD1	128	P	R	A0A2K5D8V0
Q96HD1	128	P	R	A0A2K5D8V0
Q96HD1	128	P	R	A0A2K5D8V0
Q96HD1	206	A	T	A0A2K5D8V0
Q96HD1	206	A	T	A0A2K5D8V0
Q96HD1	329	R	C	A0A2K5D8V0
Q96HD1	329	R	C	A0A2K5D8V0
Q96HD1	329	R	C	A0A2K5D8V0
Q96HD1	340	E	K	A0A2K5D8V0
Q96HD1	340	E	K	A0A2K5D8V0
Q96HD1	340	E	K	A0A2K5D8V0
Q96HD1	417	I	V	A0A2K5D8V0
Q96HD1	13	M	V	A0A2K5D8V0
Q96HD1	128	P	R	A0A2K5D8V0
Q96HD1	128	P	R	A0A2K5D8V0
Q96HD1	128	P	R	A0A2K5D8V0
Q96HD1	206	A	T	A0A2K5D8V0
Q96HD1	206	A	T	A0A2K5D8V0
Q96HD1	329	R	C	A0A2K5D8V0
Q96HD1	329	R	C	A0A2K5D8V0
Q96HD1	329	R	C	A0A2K5D8V0
Q96HD1	340	E	K	A0A2K5D8V0
Q96HD1	340	E	K	A0A2K5D8V0
Q96HD1	340	E	K	A0A2K5D8V0
Q96HD1	417	I	V	A0A2K5D8V0
Q96HD1	13	M	V	A0A2K5D8V0
Q96HD1	128	P	R	A0A2K5D8V0
Q96HD1	128	P	R	A0A2K5D8V0
Q96HD1	128	P	R	A0A2K5D8V0
Q96HD1	206	A	T	A0A2K5D8V0
Q96HD1	206	A	T	A0A2K5D8V0
Q96HD1	329	R	C	A0A2K5D8V0
Q96HD1	329	R	C	A0A2K5D8V0
Q96HD1	329	R	C	A0A2K5D8V0
Q96HD1	340	E	K	A0A2K5D8V0
Q96HD1	340	E	K	A0A2K5D8V0
Q96HD1	340	E	K	A0A2K5D8V0
Q96HD1	417	I	V	A0A2K5D8V0
Q96HF1	45	A	V	A0A2I0LXP9
Q96HF1	209	D	G	A0A2I0LXP9
Q96HF1	209	D	G	A0A2I0LXP9
Q96HH6	105	L	M	K7DRE1
Q96HH6	105	L	M	K7DRE1
Q96HH6	288	T	S	K7DRE1
Q96HH6	288	T	S	K7DRE1
Q96HR3	25	A	S	G3SQP5
Q96HR3	25	A	S	G3SQP5
Q96IK1	136	V	M	A0A1U7QY06
Q96IK5	449	R	Q	A0A2D0SP86
Q96IK5	449	R	Q	A0A2D0SP86
Q96IM9	24	V	F	G1NV86
Q96IM9	24	V	F	G1NV86
Q96IM9	123	P	R	G1NV86
Q96IM9	143	G	S	G1NV86
Q96IM9	24	V	F	G1NV86
Q96IM9	24	V	F	G1NV86
Q96IM9	123	P	R	G1NV86
Q96IM9	143	G	S	G1NV86
Q96IM9	24	V	F	G1NV86
Q96IM9	24	V	F	G1NV86
Q96IM9	123	P	R	G1NV86
Q96IM9	143	G	S	G1NV86
Q96IM9	24	V	F	G1NV86
Q96IM9	24	V	F	G1NV86
Q96IM9	123	P	R	G1NV86
Q96IM9	143	G	S	G1NV86
Q96IM9	24	V	F	G1NV86
Q96IM9	24	V	F	G1NV86
Q96IM9	123	P	R	G1NV86
Q96IM9	143	G	S	G1NV86
Q96IR2	146	S	L	A0A2U3YSA2
Q96IR2	146	S	L	A0A2U3YSA2
Q96IR2	157	E	Q	A0A2U3YSA2
Q96IR2	807	E	D	A0A2U3YSA2
Q96IR2	146	S	L	A0A2U3YSA2
Q96IR2	146	S	L	A0A2U3YSA2
Q96IR2	157	E	Q	A0A2U3YSA2
Q96IR2	807	E	D	A0A2U3YSA2
Q96IV0	130	A	T	C3YEJ9
Q96IV0	130	A	T	C3YEJ9
Q96IV0	184	V	F	C3YEJ9
Q96IV0	184	V	F	C3YEJ9
Q96IV0	215	R	G	C3YEJ9
Q96IV0	215	R	G	C3YEJ9
Q96IV0	215	R	G	C3YEJ9
Q96IV0	479	T	I	C3YEJ9
Q96IV0	479	T	I	C3YEJ9
Q96IV0	479	T	I	C3YEJ9
Q96IV0	484	C	S	C3YEJ9
Q96IV0	484	C	S	C3YEJ9
Q96IV0	484	C	S	C3YEJ9
Q96IV0	503	R	H	C3YEJ9
Q96IV0	503	R	H	C3YEJ9
Q96IV0	503	R	H	C3YEJ9
Q96IV0	527	I	V	C3YEJ9
Q96IV0	527	I	V	C3YEJ9
Q96IV0	527	I	V	C3YEJ9
Q96IV0	536	H	Q	C3YEJ9
Q96IV0	536	H	Q	C3YEJ9
Q96IV0	536	H	Q	C3YEJ9
Q96IY4	169	A	T	W5MLT5
Q96IY4	347	I	T	W5MLT5
Q96JC4	86	H	R	A0A2K6KB75
Q96JC4	135	Y	C	A0A2K6KB75
Q96JC4	196	M	L	A0A2K6KB75
Q96JC4	199	H	R	A0A2K6KB75
Q96JC4	254	A	S	A0A2K6KB75
Q96JC4	369	M	T	A0A2K6KB75
Q96JC4	474	F	S	A0A2K6KB75
Q96JC4	86	H	R	A0A2K6KB75
Q96JC4	135	Y	C	A0A2K6KB75
Q96JC4	196	M	L	A0A2K6KB75
Q96JC4	199	H	R	A0A2K6KB75
Q96JC4	254	A	S	A0A2K6KB75
Q96JC4	369	M	T	A0A2K6KB75
Q96JC4	474	F	S	A0A2K6KB75
Q96JD6	35	D	N	A0A1W4WL13
Q96JD6	35	D	N	A0A1W4WL13
Q96JD6	52	C	G	A0A1W4WL13
Q96JD6	86	K	R	A0A1W4WL13
Q96JD6	186	L	W	A0A1W4WL13
Q96JG6	865	N	S	R7UGJ7
Q96JG6	865	N	S	R7UGJ7
Q96JG6	929	T	M	R7UGJ7
Q96JJ7	7	W	R	L5KIF9
Q96JK9	1064	P	H	A0A146P305
Q96JK9	1064	P	S	A0A146P305
Q96JL9	120	E	A	A0A1U7TMQ1
Q96JL9	251	A	E	A0A1U7TMQ1
Q96JL9	537	A	V	A0A1U7TMQ1
Q96JL9	645	T	I	A0A1U7TMQ1
Q96JQ2	124	P	A	D4A626
Q96JQ2	124	P	A	D4A626
Q96JQ2	276	E	K	D4A626
Q96JQ2	276	E	K	D4A626
Q96JQ2	357	E	K	D4A626
Q96JQ2	357	E	K	D4A626
Q96JQ2	489	V	F	D4A626
Q96JQ2	489	V	F	D4A626
Q96JQ2	771	E	A	D4A626
Q96JQ2	771	E	A	D4A626
Q96JQ2	900	I	F	D4A626
Q96JQ2	900	I	F	D4A626
Q96JQ2	963	P	L	D4A626
Q96JQ2	963	P	L	D4A626
Q96JX3	8	V	I	A0A0P6GZ08
Q96JX3	8	V	I	A0A0P6GZ08
Q96JX3	21	P	L	A0A0P6GZ08
Q96JX3	21	P	L	A0A0P6GZ08
Q96JX3	21	P	L	A0A0P6GZ08
Q96JX3	21	P	L	A0A0P6GZ08
Q96JX3	30	I	T	A0A0P6GZ08
Q96JX3	30	I	T	A0A0P6GZ08
Q96JX3	30	I	T	A0A0P6GZ08
Q96JX3	30	I	T	A0A0P6GZ08
Q96JX3	47	F	I	A0A0P6GZ08
Q96JX3	47	F	I	A0A0P6GZ08
Q96JX3	47	F	I	A0A0P6GZ08
Q96JX3	47	F	I	A0A0P6GZ08
Q96JX3	87	N	Y	A0A0P6GZ08
Q96JX3	87	N	Y	A0A0P6GZ08
Q96JX3	122	S	G	A0A0P6GZ08
Q96JX3	122	S	G	A0A0P6GZ08
Q96JX3	147	T	M	A0A0P6GZ08
Q96JX3	147	T	M	A0A0P6GZ08
Q96JX3	147	T	M	A0A0P6GZ08
Q96JX3	306	R	Q	A0A0P6GZ08
Q96JX3	306	R	Q	A0A0P6GZ08
Q96JX3	306	R	Q	A0A0P6GZ08
Q96JX3	466	M	L	A0A0P6GZ08
Q96JX3	466	M	L	A0A0P6GZ08
Q96JX3	466	M	L	A0A0P6GZ08
Q96JX3	495	I	L	A0A0P6GZ08
Q96JX3	495	I	L	A0A0P6GZ08
Q96JX3	645	R	C	A0A0P6GZ08
Q96K62	293	D	E	A0A2K5IHH8
Q96K62	293	D	E	A0A2K5IHH8
Q96K62	293	D	E	A0A2K5IHH8
Q96K76	94	D	H	A0A1B6CWW5
Q96K76	143	G	V	A0A1B6CWW5
Q96KG7	122	N	S	G3PJ17
Q96KG7	122	N	S	G3PJ17
Q96KG7	206	V	I	G3PJ17
Q96KG7	206	V	I	G3PJ17
Q96KG7	206	V	I	G3PJ17
Q96KG7	218	G	R	G3PJ17
Q96KG7	218	G	R	G3PJ17
Q96KG7	580	N	S	G3PJ17
Q96KG7	580	N	S	G3PJ17
Q96KG7	580	N	S	G3PJ17
Q96KG7	715	T	K	G3PJ17
Q96KG7	715	T	K	G3PJ17
Q96KG7	715	T	K	G3PJ17
Q96KG7	1072	R	K	G3PJ17
Q96KG7	1072	R	K	G3PJ17
Q96KG7	1072	R	K	G3PJ17
Q96KG7	1118	D	E	G3PJ17
Q96KG7	1118	D	E	G3PJ17
Q96KG7	122	N	S	G3PJ17
Q96KG7	122	N	S	G3PJ17
Q96KG7	206	V	I	G3PJ17
Q96KG7	206	V	I	G3PJ17
Q96KG7	206	V	I	G3PJ17
Q96KG7	218	G	R	G3PJ17
Q96KG7	218	G	R	G3PJ17
Q96KG7	580	N	S	G3PJ17
Q96KG7	580	N	S	G3PJ17
Q96KG7	580	N	S	G3PJ17
Q96KG7	715	T	K	G3PJ17
Q96KG7	715	T	K	G3PJ17
Q96KG7	715	T	K	G3PJ17
Q96KG7	1072	R	K	G3PJ17
Q96KG7	1072	R	K	G3PJ17
Q96KG7	1072	R	K	G3PJ17
Q96KG7	1118	D	E	G3PJ17
Q96KG7	1118	D	E	G3PJ17
Q96KK3	466	R	C	L5JYS0
Q96KK3	466	R	C	L5JYS0
Q96KK3	489	I	V	L5JYS0
Q96KK3	508	Q	R	L5JYS0
Q96KK3	508	Q	R	L5JYS0
Q96KK3	524	Q	P	L5JYS0
Q96KK3	524	Q	P	L5JYS0
Q96KK3	466	R	C	L5JYS0
Q96KK3	466	R	C	L5JYS0
Q96KK3	489	I	V	L5JYS0
Q96KK3	508	Q	R	L5JYS0
Q96KK3	508	Q	R	L5JYS0
Q96KK3	524	Q	P	L5JYS0
Q96KK3	524	Q	P	L5JYS0
Q96KN2	6	G	R	H2MY27
Q96KN2	113	V	I	H2MY27
Q96KN2	238	A	V	H2MY27
Q96KN2	238	A	V	H2MY27
Q96KN2	270	H	N	H2MY27
Q96KN2	316	D	N	H2MY27
Q96KN2	355	A	T	H2MY27
Q96KN2	355	A	T	H2MY27
Q96KN2	417	P	S	H2MY27
Q96KN2	417	P	S	H2MY27
Q96KN2	434	I	V	H2MY27
Q96KN2	434	I	V	H2MY27
Q96KN2	466	V	L	H2MY27
Q96KN2	466	V	L	H2MY27
Q96KP4	35	P	L	H2MY27
Q96KP4	35	P	L	H2MY27
Q96KP4	126	Y	H	H2MY27
Q96KP4	180	R	Q	H2MY27
Q96KP4	35	P	L	H2MY27
Q96KP4	35	P	L	H2MY27
Q96KP4	126	Y	H	H2MY27
Q96KP4	180	R	Q	H2MY27
Q96KS0	26	E	D	A0A2Y9THU5
Q96KS0	26	E	D	A0A2Y9THU5
Q96KS0	58	S	L	A0A2Y9THU5
Q96KS0	405	T	M	A0A2Y9THU5
Q96KS0	405	T	M	A0A2Y9THU5
Q96KS0	26	E	D	A0A2Y9THU5
Q96KS0	26	E	D	A0A2Y9THU5
Q96KS0	58	S	L	A0A2Y9THU5
Q96KS0	405	T	M	A0A2Y9THU5
Q96KS0	405	T	M	A0A2Y9THU5
Q96KS0	26	E	D	A0A2Y9THU5
Q96KS0	26	E	D	A0A2Y9THU5
Q96KS0	58	S	L	A0A2Y9THU5
Q96KS0	405	T	M	A0A2Y9THU5
Q96KS0	405	T	M	A0A2Y9THU5
Q96L73	31	P	A	D4AA06
Q96L73	98	Q	L	D4AA06
Q96L73	118	P	A	D4AA06
Q96L73	118	P	A	D4AA06
Q96L73	152	H	Y	D4AA06
Q96L73	152	H	Y	D4AA06
Q96L73	152	H	Y	D4AA06
Q96L73	177	D	G	D4AA06
Q96L73	177	D	G	D4AA06
Q96L73	177	D	G	D4AA06
Q96L73	208	G	R	D4AA06
Q96L73	208	G	R	D4AA06
Q96L73	236	Q	H	D4AA06
Q96L73	236	Q	H	D4AA06
Q96L73	236	Q	H	D4AA06
Q96L73	246	G	C	D4AA06
Q96L73	246	G	C	D4AA06
Q96L73	254	L	F	D4AA06
Q96L73	254	L	F	D4AA06
Q96L73	254	L	F	D4AA06
Q96L73	254	L	F	D4AA06
Q96L73	254	L	F	D4AA06
Q96L73	256	A	V	D4AA06
Q96L73	256	A	V	D4AA06
Q96L73	500	R	T	D4AA06
Q96L73	500	R	T	D4AA06
Q96L73	525	R	Q	D4AA06
Q96L73	525	R	Q	D4AA06
Q96L73	525	R	Q	D4AA06
Q96L73	525	R	Q	D4AA06
Q96L73	564	A	S	D4AA06
Q96L73	564	A	S	D4AA06
Q96L73	564	A	S	D4AA06
Q96L73	564	A	S	D4AA06
Q96L73	564	A	S	D4AA06
Q96L73	588	D	G	D4AA06
Q96L73	604	R	L	D4AA06
Q96L73	604	R	L	D4AA06
Q96L73	604	R	L	D4AA06
Q96L73	604	R	L	D4AA06
Q96L73	604	R	Q	D4AA06
Q96L73	605	E	Q	D4AA06
Q96L73	605	E	Q	D4AA06
Q96L73	614	V	L	D4AA06
Q96L73	614	V	L	D4AA06
Q96L73	614	V	L	D4AA06
Q96L73	614	V	L	D4AA06
Q96L73	614	V	L	D4AA06
Q96L73	677	S	P	D4AA06
Q96L73	677	S	P	D4AA06
Q96L73	691	A	T	D4AA06
Q96L73	691	A	T	D4AA06
Q96L73	691	A	T	D4AA06
Q96L73	691	A	T	D4AA06
Q96L73	691	A	T	D4AA06
Q96L73	724	E	K	D4AA06
Q96L73	724	E	K	D4AA06
Q96L73	724	E	K	D4AA06
Q96L73	724	E	K	D4AA06
Q96L73	726	S	P	D4AA06
Q96L73	726	S	P	D4AA06
Q96L73	726	S	P	D4AA06
Q96L73	726	S	P	D4AA06
Q96L73	726	S	P	D4AA06
Q96L73	748	N	D	D4AA06
Q96L73	748	N	D	D4AA06
Q96L73	780	S	L	D4AA06
Q96L73	780	S	L	D4AA06
Q96L73	780	S	L	D4AA06
Q96L73	780	S	L	D4AA06
Q96L73	780	S	L	D4AA06
Q96L73	782	S	N	D4AA06
Q96L73	782	S	N	D4AA06
Q96L73	817	S	F	D4AA06
Q96L73	817	S	F	D4AA06
Q96L73	817	S	F	D4AA06
Q96L73	817	S	F	D4AA06
Q96L73	817	S	F	D4AA06
Q96L73	916	D	E	D4AA06
Q96L73	916	D	E	D4AA06
Q96L73	954	K	T	D4AA06
Q96L73	982	G	R	D4AA06
Q96L73	982	G	R	D4AA06
Q96L73	990	E	K	D4AA06
Q96L73	990	E	K	D4AA06
Q96L73	990	E	K	D4AA06
Q96L73	990	E	K	D4AA06
Q96L73	1030	L	S	D4AA06
Q96L73	1030	L	F	D4AA06
Q96L73	1030	L	S	D4AA06
Q96L73	1030	L	F	D4AA06
Q96L73	1030	L	S	D4AA06
Q96L73	1030	L	S	D4AA06
Q96L73	1030	L	F	D4AA06
Q96L73	1031	R	Q	D4AA06
Q96L73	1036	A	P	D4AA06
Q96L73	1036	A	P	D4AA06
Q96L73	1036	A	P	D4AA06
Q96L73	1036	A	P	D4AA06
Q96L73	1036	A	P	D4AA06
Q96L73	1052	R	C	D4AA06
Q96L73	1052	R	C	D4AA06
Q96L73	1063	T	A	D4AA06
Q96L73	1063	T	A	D4AA06
Q96L73	1063	T	A	D4AA06
Q96L73	1063	T	A	D4AA06
Q96L73	1063	T	A	D4AA06
Q96L73	1074	R	H	D4AA06
Q96L73	1074	R	H	D4AA06
Q96L73	1074	R	H	D4AA06
Q96L73	1096	H	Y	D4AA06
Q96L73	1096	H	Y	D4AA06
Q96L73	1096	H	Y	D4AA06
Q96L73	1096	H	Y	D4AA06
Q96L73	1103	D	N	D4AA06
Q96L73	1103	D	N	D4AA06
Q96L73	1188	R	S	D4AA06
Q96L73	1188	R	S	D4AA06
Q96L73	1188	R	S	D4AA06
Q96L73	1188	R	S	D4AA06
Q96L73	1188	R	S	D4AA06
Q96L73	1241	S	T	D4AA06
Q96L73	1241	S	T	D4AA06
Q96L73	1241	S	T	D4AA06
Q96L73	1241	S	T	D4AA06
Q96L73	1241	S	T	D4AA06
Q96L73	1241	S	T	D4AA06
Q96L73	1241	S	T	D4AA06
Q96L73	1247	M	I	D4AA06
Q96L73	1247	M	I	D4AA06
Q96L73	1247	M	I	D4AA06
Q96L73	1388	E	K	D4AA06
Q96L73	1388	E	K	D4AA06
Q96L73	1503	M	I	D4AA06
Q96L73	1503	M	I	D4AA06
Q96L73	1503	M	I	D4AA06
Q96L73	1507	T	M	D4AA06
Q96L73	1507	T	M	D4AA06
Q96L73	1507	T	M	D4AA06
Q96L73	1507	T	M	D4AA06
Q96L73	1507	T	M	D4AA06
Q96L73	1522	D	N	D4AA06
Q96L73	1522	D	N	D4AA06
Q96L73	1522	D	N	D4AA06
Q96L73	1628	M	T	D4AA06
Q96L73	1628	M	T	D4AA06
Q96L73	1628	M	T	D4AA06
Q96L73	1628	M	T	D4AA06
Q96L73	1641	I	V	D4AA06
Q96L73	1641	I	V	D4AA06
Q96L73	1650	N	S	D4AA06
Q96L73	1877	R	H	D4AA06
Q96L73	1877	R	H	D4AA06
Q96L73	1957	R	W	D4AA06
Q96L73	1957	R	W	D4AA06
Q96L73	2114	T	R	D4AA06
Q96L73	2250	M	I	D4AA06
Q96L73	2250	M	I	D4AA06
Q96L73	2250	M	I	D4AA06
Q96L73	2250	M	I	D4AA06
Q96L73	2250	M	I	D4AA06
Q96L73	2261	M	T	D4AA06
Q96L73	2261	M	T	D4AA06
Q96L73	2261	M	T	D4AA06
Q96L73	2261	M	T	D4AA06
Q96L73	2261	M	T	D4AA06
Q96L73	2263	S	L	D4AA06
Q96L73	2263	S	L	D4AA06
Q96L73	2331	D	N	D4AA06
Q96L73	2331	D	N	D4AA06
Q96L73	2331	D	N	D4AA06
Q96L73	2331	D	N	D4AA06
Q96L73	2342	S	P	D4AA06
Q96L73	2342	S	P	D4AA06
Q96L73	2353	P	S	D4AA06
Q96L73	2372	P	H	D4AA06
Q96L73	2372	P	H	D4AA06
Q96L73	2382	T	I	D4AA06
Q96L73	2382	T	I	D4AA06
Q96L73	2382	T	I	D4AA06
Q96L73	2387	P	L	D4AA06
Q96L73	2387	P	L	D4AA06
Q96L73	2417	R	S	D4AA06
Q96L73	2456	M	T	D4AA06
Q96L73	2468	R	Q	D4AA06
Q96L73	2468	R	Q	D4AA06
Q96L73	2474	Q	P	D4AA06
Q96L73	2474	Q	P	D4AA06
Q96L73	2474	Q	P	D4AA06
Q96L73	2521	A	D	D4AA06
Q96L73	2544	A	V	D4AA06
Q96L73	2546	A	T	D4AA06
Q96L73	2546	A	T	D4AA06
Q96L73	2546	A	T	D4AA06
Q96L73	2546	A	T	D4AA06
Q96L73	2546	A	T	D4AA06
Q96L73	2617	L	S	D4AA06
Q96L73	2617	L	S	D4AA06
Q96L73	2617	L	S	D4AA06
Q96L73	2617	L	S	D4AA06
Q96L73	2617	L	S	D4AA06
Q96L73	2618	V	I	D4AA06
Q96L73	2652	A	V	D4AA06
Q96L73	2652	A	V	D4AA06
Q96L73	2684	A	T	D4AA06
Q96L73	2684	A	T	D4AA06
Q96L73	2684	A	T	D4AA06
Q96LA8	194	A	V	A0A2K5SDZ1
Q96LL3	43	R	K	A0A2K5ERA5
Q96LM6	24	D	N	H0VK41
Q96LM6	68	Y	H	H0VK41
Q96LM6	133	P	L	H0VK41
Q96LM9	194	K	E	A0A2J8JYP4
Q96LR7	141	R	H	M3WKI5
Q96LR7	141	R	H	M3WKI5
Q96LW1	82	V	I	L5LPG1
Q96MA6	5	I	T	F6PLL4
Q96MA6	130	D	G	F6PLL4
Q96MF2	119	R	C	H2NHT0
Q96MF2	119	R	C	H2NHT0
Q96MF2	119	R	C	H2NHT0
Q96MF2	119	R	C	H2NHT0
Q96MF2	173	R	H	H2NHT0
Q96MF2	281	N	S	H2NHT0
Q96MF2	281	N	S	H2NHT0
Q96MF2	281	N	S	H2NHT0
Q96MF2	295	F	L	H2NHT0
Q96MF2	295	F	L	H2NHT0
Q96MN2	144	A	T	F6WD23
Q96MN2	383	E	D	F6WD23
Q96MN2	427	A	T	F6WD23
Q96MN2	427	A	T	F6WD23
Q96MN2	708	R	H	F6WD23
Q96MN2	859	A	T	F6WD23
Q96MN2	859	A	T	F6WD23
Q96MN2	925	Q	L	F6WD23
Q96MP8	259	V	M	A0A2Y9TL61
Q96MS0	16	A	T	A0A286ZKM4
Q96MS0	16	A	T	A0A286ZKM4
Q96MS0	16	A	T	A0A286ZKM4
Q96MS0	284	D	N	A0A286ZKM4
Q96MS0	284	D	N	A0A286ZKM4
Q96MS0	284	D	N	A0A286ZKM4
Q96MS0	323	T	M	A0A286ZKM4
Q96MS0	323	T	M	A0A286ZKM4
Q96MS0	323	T	M	A0A286ZKM4
Q96MS0	397	P	T	A0A286ZKM4
Q96MS0	397	P	T	A0A286ZKM4
Q96MS0	416	R	H	A0A286ZKM4
Q96MS0	416	R	H	A0A286ZKM4
Q96MS0	423	V	M	A0A286ZKM4
Q96MS0	423	V	M	A0A286ZKM4
Q96MS0	495	D	E	A0A286ZKM4
Q96MS0	495	D	E	A0A286ZKM4
Q96MS0	495	D	E	A0A286ZKM4
Q96MS0	514	M	I	A0A286ZKM4
Q96MS0	514	M	I	A0A286ZKM4
Q96MS0	514	M	I	A0A286ZKM4
Q96MS0	539	R	W	A0A286ZKM4
Q96MS0	539	R	W	A0A286ZKM4
Q96MS0	539	R	W	A0A286ZKM4
Q96MS0	613	T	I	A0A286ZKM4
Q96MS0	613	T	I	A0A286ZKM4
Q96MS0	618	G	S	A0A286ZKM4
Q96MS0	618	G	S	A0A286ZKM4
Q96MS0	618	G	S	A0A286ZKM4
Q96MS0	868	P	L	A0A286ZKM4
Q96MS0	868	P	L	A0A286ZKM4
Q96MS0	868	P	L	A0A286ZKM4
Q96MS0	874	L	Q	A0A286ZKM4
Q96MS0	874	L	Q	A0A286ZKM4
Q96MS0	874	L	Q	A0A286ZKM4
Q96MS0	921	E	D	A0A286ZKM4
Q96MS0	921	E	D	A0A286ZKM4
Q96MS0	921	E	D	A0A286ZKM4
Q96MS0	1062	A	T	A0A286ZKM4
Q96MS0	1062	A	T	A0A286ZKM4
Q96MS0	1198	R	H	A0A286ZKM4
Q96MS0	1198	R	H	A0A286ZKM4
Q96MS0	1233	Q	H	A0A286ZKM4
Q96MS0	1233	Q	H	A0A286ZKM4
Q96MS0	1372	S	R	A0A286ZKM4
Q96MS0	1372	S	R	A0A286ZKM4
Q96MS0	1372	S	R	A0A286ZKM4
Q96MS0	1385	P	L	A0A286ZKM4
Q96MS0	1385	P	L	A0A286ZKM4
Q96N64	128	E	G	G1NZA4
Q96N66	455	R	Q	A0A1A6FW49
Q96N66	455	R	Q	A0A1A6FW49
Q96N66	455	R	Q	A0A1A6FW49
Q96N66	455	R	Q	A0A1A6FW49
Q96N66	455	R	Q	A0A1A6FW49
Q96N66	455	R	Q	A0A1A6FW49
Q96N66	455	R	Q	A0A1A6FW49
Q96N66	455	R	Q	A0A1A6FW49
Q96N66	455	R	Q	A0A1A6FW49
Q96N66	455	R	Q	A0A1A6FW49
Q96N66	455	R	Q	A0A1A6FW49
Q96N66	455	R	Q	A0A1A6FW49
Q96N66	455	R	Q	A0A1A6FW49
Q96N66	455	R	Q	A0A1A6FW49
Q96N66	455	R	Q	A0A1A6FW49
Q96N66	455	R	Q	A0A1A6FW49
Q96N66	455	R	Q	A0A1A6FW49
Q96N66	455	R	Q	A0A1A6FW49
Q96N66	455	R	Q	A0A1A6FW49
Q96N66	455	R	Q	A0A1A6FW49
Q96N95	211	H	L	A0A1S3AIC6
Q96NB2	49	M	L	H2NBG2
Q96ND0	39	Y	N	A0A091MQ50
Q96ND0	39	Y	N	A0A091MQ50
Q96ND0	39	Y	N	A0A091MQ50
Q96NL8	19	P	A	A0A2C9K1J0
Q96NL8	19	P	A	A0A2C9K1J0
Q96NL8	19	P	A	A0A2C9K1J0
Q96NL8	131	R	H	A0A2C9K1J0
Q96NL8	131	R	H	A0A2C9K1J0
Q96NL8	146	M	L	A0A2C9K1J0
Q96NT5	63	R	S	A0A2K5M1D4
Q96NT5	63	R	S	A0A2K5M1D4
Q96NT5	63	R	S	A0A2K5M1D4
Q96NT5	295	T	A	A0A2K5M1D4
Q96NT5	295	T	A	A0A2K5M1D4
Q96NT5	295	T	A	A0A2K5M1D4
Q96NT5	338	G	S	A0A2K5M1D4
Q96NT5	403	M	T	A0A2K5M1D4
Q96NT5	456	P	S	A0A2K5M1D4
Q96NT5	456	P	S	A0A2K5M1D4
Q96NT5	456	P	S	A0A2K5M1D4
Q96P63	247	K	E	U3KF17
Q96P63	309	N	T	U3KF17
Q96P63	314	S	L	U3KF17
Q96P63	393	R	Q	U3KF17
Q96P71	254	P	L	A0A1A8IC45
Q96PC2	308	A	V	H3B9U4
Q96PC2	312	V	I	H3B9U4
Q96PC2	347	E	K	H3B9U4
Q96PC2	378	Y	S	H3B9U4
Q96PC2	308	A	V	H3B9U4
Q96PC2	312	V	I	H3B9U4
Q96PC2	347	E	K	H3B9U4
Q96PC2	378	Y	S	H3B9U4
Q96PE7	76	A	V	G1QAH5
Q96PE7	76	A	V	G1QAH5
Q96PE7	76	A	V	G1QAH5
Q96PE7	104	R	L	G1QAH5
Q96PE7	104	R	L	G1QAH5
Q96PE7	143	R	H	G1QAH5
Q96PE7	143	R	H	G1QAH5
Q96PE7	143	R	H	G1QAH5
Q96PF1	564	P	L	L8IQL6
Q96PQ0	345	G	R	A0A091D3Z8
Q96PQ0	351	D	E	A0A091D3Z8
Q96PQ0	695	T	M	A0A091D3Z8
Q96PQ0	716	S	P	A0A091D3Z8
Q96PQ0	745	T	I	A0A091D3Z8
Q96PQ0	745	T	I	A0A091D3Z8
Q96PQ0	795	R	Q	A0A091D3Z8
Q96Q05	3	V	I	A0A2U9BLJ5
Q96Q05	3	V	I	A0A2U9BLJ5
Q96Q05	3	V	I	A0A2U9BLJ5
Q96Q05	3	V	I	A0A2U9BLJ5
Q96Q05	565	V	M	A0A2U9BLJ5
Q96Q05	565	V	M	A0A2U9BLJ5
Q96Q05	902	R	W	A0A2U9BLJ5
Q96Q05	994	S	T	A0A2U9BLJ5
Q96Q05	994	S	T	A0A2U9BLJ5
Q96Q05	994	S	T	A0A2U9BLJ5
Q96Q05	1042	R	H	A0A2U9BLJ5
Q96Q05	1042	R	H	A0A2U9BLJ5
Q96Q05	3	V	I	A0A2U9BLJ5
Q96Q05	3	V	I	A0A2U9BLJ5
Q96Q05	3	V	I	A0A2U9BLJ5
Q96Q05	3	V	I	A0A2U9BLJ5
Q96Q05	565	V	M	A0A2U9BLJ5
Q96Q05	565	V	M	A0A2U9BLJ5
Q96Q05	902	R	W	A0A2U9BLJ5
Q96Q05	994	S	T	A0A2U9BLJ5
Q96Q05	994	S	T	A0A2U9BLJ5
Q96Q05	994	S	T	A0A2U9BLJ5
Q96Q05	1042	R	H	A0A2U9BLJ5
Q96Q05	1042	R	H	A0A2U9BLJ5
Q96Q35	43	V	L	G3HUJ7
Q96Q35	43	V	L	G3HUJ7
Q96Q80	149	F	L	A0A2T7PD67
Q96Q80	211	A	V	A0A2T7PD67
Q96Q80	149	F	L	A0A2T7PD67
Q96Q80	149	F	L	A0A2T7PD67
Q96Q80	211	A	V	A0A2T7PD67
Q96Q80	211	A	V	A0A2T7PD67
Q96QS3	3	N	S	F6XTT5
Q96QS3	3	N	S	F6XTT5
Q96QS3	46	A	D	F6XTT5
Q96QS3	56	S	G	F6XTT5
Q96QS3	56	S	G	F6XTT5
Q96QS3	60	P	R	F6XTT5
Q96QS3	72	S	R	F6XTT5
Q96QS3	72	S	T	F6XTT5
Q96QS3	72	S	R	F6XTT5
Q96QS3	72	S	R	F6XTT5
Q96QS3	121	P	T	F6XTT5
Q96QS3	130	P	Q	F6XTT5
Q96QS3	130	P	Q	F6XTT5
Q96QS3	184	P	R	F6XTT5
Q96QS3	184	P	R	F6XTT5
Q96QS3	197	G	D	F6XTT5
Q96QS3	197	G	D	F6XTT5
Q96QS3	201	P	Q	F6XTT5
Q96QS3	201	P	Q	F6XTT5
Q96QS3	211	P	L	F6XTT5
Q96QS3	211	P	L	F6XTT5
Q96QS3	222	G	R	F6XTT5
Q96QS3	222	G	R	F6XTT5
Q96QS3	257	R	P	F6XTT5
Q96QS3	259	L	P	F6XTT5
Q96QS3	259	L	P	F6XTT5
Q96QS3	259	L	P	F6XTT5
Q96QS3	259	L	P	F6XTT5
Q96QS3	278	A	T	F6XTT5
Q96QS3	278	A	T	F6XTT5
Q96QS3	284	T	K	F6XTT5
Q96QS3	284	T	K	F6XTT5
Q96QS3	402	G	R	F6XTT5
Q96QS3	416	A	G	F6XTT5
Q96QS3	416	A	G	F6XTT5
Q96QS3	416	A	G	F6XTT5
Q96QS3	416	A	G	F6XTT5
Q96QV1	236	G	E	S9WKJ6
Q96QV1	236	G	E	S9WKJ6
Q96QV1	404	V	M	S9WKJ6
Q96QV1	449	T	M	S9WKJ6
Q96QV1	449	T	M	S9WKJ6
Q96RD7	5	Q	H	W5NUS9
Q96RD7	155	K	N	W5NUS9
Q96RD7	155	K	N	W5NUS9
Q96RD7	272	I	V	W5NUS9
Q96RD7	290	V	M	W5NUS9
Q96RD7	290	V	M	W5NUS9
Q96RD7	378	V	A	W5NUS9
Q96RD7	378	V	A	W5NUS9
Q96RD7	390	E	D	W5NUS9
Q96RD7	396	T	M	W5NUS9
Q96RD7	396	T	M	W5NUS9
Q96RK4	3	E	A	A0A287AKX1
Q96RK4	3	E	A	A0A287AKX1
Q96RK4	6	V	A	A0A287AKX1
Q96RK4	6	V	A	A0A287AKX1
Q96RK4	7	A	V	A0A287AKX1
Q96RK4	7	A	V	A0A287AKX1
Q96RK4	31	I	V	A0A287AKX1
Q96RK4	31	I	V	A0A287AKX1
Q96RK4	61	E	K	A0A287AKX1
Q96RK4	250	G	R	A0A287AKX1
Q96RK4	250	G	R	A0A287AKX1
Q96RK4	250	G	R	A0A287AKX1
Q96RK4	354	I	T	A0A287AKX1
Q96RK4	354	I	T	A0A287AKX1
Q96RK4	354	I	T	A0A287AKX1
Q96RK4	354	I	T	A0A287AKX1
Q96RK4	354	I	T	A0A287AKX1
Q96RK4	354	I	T	A0A287AKX1
Q96RK4	379	A	V	A0A287AKX1
Q96RT6	264	E	G	A0A1S3R9Z4
Q96RT6	264	E	G	A0A1S3R9Z4
Q96RT6	305	Q	E	A0A1S3R9Z4
Q96RT6	305	Q	E	A0A1S3R9Z4
Q96RT6	324	I	V	A0A1S3R9Z4
Q96RT6	667	P	L	A0A1S3R9Z4
Q96RT6	682	I	M	A0A1S3R9Z4
Q96RT6	682	I	V	A0A1S3R9Z4
Q96RT6	682	I	M	A0A1S3R9Z4
Q96RT6	686	P	T	A0A1S3R9Z4
Q96RT6	686	P	T	A0A1S3R9Z4
Q96RT6	696	V	M	A0A1S3R9Z4
Q96RT6	696	V	M	A0A1S3R9Z4
Q96RT6	264	E	G	A0A1S3R9Z4
Q96RT6	264	E	G	A0A1S3R9Z4
Q96RT6	305	Q	E	A0A1S3R9Z4
Q96RT6	305	Q	E	A0A1S3R9Z4
Q96RT6	682	I	V	A0A1S3R9Z4
Q96RT6	682	I	V	A0A1S3R9Z4
Q96RT6	682	I	M	A0A1S3R9Z4
Q96RT6	682	I	M	A0A1S3R9Z4
Q96RT6	686	P	T	A0A1S3R9Z4
Q96RT6	686	P	T	A0A1S3R9Z4
Q96RT6	696	V	M	A0A1S3R9Z4
Q96RT6	696	V	M	A0A1S3R9Z4
Q96RT7	4	I	V	W5NEG7
Q96RT7	35	R	Q	W5NEG7
Q96RT7	104	L	P	W5NEG7
Q96RT7	104	L	P	W5NEG7
Q96RT7	180	Q	K	W5NEG7
Q96RT7	180	Q	K	W5NEG7
Q96RT7	195	L	F	W5NEG7
Q96RT7	267	T	S	W5NEG7
Q96RT7	338	V	I	W5NEG7
Q96RT7	373	P	L	W5NEG7
Q96RT7	373	P	L	W5NEG7
Q96RT7	373	P	L	W5NEG7
Q96RT7	479	V	I	W5NEG7
Q96RT7	479	V	I	W5NEG7
Q96RT7	485	G	S	W5NEG7
Q96RT7	538	D	N	W5NEG7
Q96RT7	538	D	N	W5NEG7
Q96RT7	567	L	S	W5NEG7
Q96RT7	567	L	S	W5NEG7
Q96RT7	567	L	S	W5NEG7
Q96RT7	567	L	S	W5NEG7
Q96RT7	619	V	I	W5NEG7
Q96RT7	619	V	I	W5NEG7
Q96RT7	674	A	V	W5NEG7
Q96RT7	674	A	V	W5NEG7
Q96RT7	674	A	V	W5NEG7
Q96RT7	858	W	C	W5NEG7
Q96RT7	858	W	C	W5NEG7
Q96RT7	858	W	C	W5NEG7
Q96RT7	862	G	R	W5NEG7
Q96RT7	884	A	V	W5NEG7
Q96RT7	972	A	P	W5NEG7
Q96RT7	972	A	P	W5NEG7
Q96RT7	1031	G	A	W5NEG7
Q96RT7	1031	G	A	W5NEG7
Q96RT7	1064	G	R	W5NEG7
Q96RT7	1103	R	W	W5NEG7
Q96RT7	1103	R	W	W5NEG7
Q96RT7	1166	D	N	W5NEG7
Q96RT7	1166	D	N	W5NEG7
Q96RT7	1230	S	L	W5NEG7
Q96RT7	1232	V	M	W5NEG7
Q96RT7	1364	S	C	W5NEG7
Q96RT7	1365	V	L	W5NEG7
Q96RT7	1371	P	S	W5NEG7
Q96RT7	1371	P	S	W5NEG7
Q96RT7	1377	T	A	W5NEG7
Q96RT7	1377	T	A	W5NEG7
Q96RT7	1377	T	A	W5NEG7
Q96RT7	1377	T	A	W5NEG7
Q96RT7	1395	Q	H	W5NEG7
Q96RT7	1395	Q	H	W5NEG7
Q96RT7	1408	A	V	W5NEG7
Q96RT7	1408	A	V	W5NEG7
Q96RT7	1408	A	V	W5NEG7
Q96RT7	1436	E	K	W5NEG7
Q96RT7	1621	V	L	W5NEG7
Q96RT7	1684	I	V	W5NEG7
Q96RT7	1684	I	V	W5NEG7
Q96RT7	1705	D	N	W5NEG7
Q96RT7	1763	R	W	W5NEG7
Q96RT7	1763	R	W	W5NEG7
Q96RT7	1763	R	W	W5NEG7
Q96S52	185	R	C	H3C356
Q96S52	253	R	H	H3C356
Q96S52	253	R	H	H3C356
Q96S52	344	A	S	H3C356
Q96S52	344	A	S	H3C356
Q96S99	216	R	Q	A0A2R9AA53
Q96S99	216	R	Q	A0A2R9AA53
Q96S99	216	R	Q	A0A2R9AA53
Q96S99	216	R	Q	A0A2R9AA53
Q96SI9	595	V	I	A0A1S3FJD5
Q96SI9	595	V	I	A0A1S3FJD5
Q96SQ5	156	S	P	A0A2Y9MFH9
Q96SQ5	161	R	H	A0A2Y9MFH9
Q96SQ5	161	R	H	A0A2Y9MFH9
Q96SQ5	173	R	H	A0A2Y9MFH9
Q96SQ5	293	Q	K	A0A2Y9MFH9
Q96SQ5	316	L	R	A0A2Y9MFH9
Q96SQ5	316	L	R	A0A2Y9MFH9
Q96SQ5	322	G	R	A0A2Y9MFH9
Q96SQ5	329	C	Y	A0A2Y9MFH9
Q96SQ5	329	C	Y	A0A2Y9MFH9
Q96SQ5	495	S	N	A0A2Y9MFH9
Q96SQ5	530	S	A	A0A2Y9MFH9
Q96SZ5	25	G	W	A0A067QV27
Q96SZ5	39	P	A	A0A067QV27
Q96T17	14	P	L	H3BA58
Q96T17	182	N	S	H3BA58
Q99081	104	N	S	A0A0A0AIC6
Q99081	113	E	D	A0A0A0AIC6
Q99081	113	E	D	A0A0A0AIC6
Q99081	174	A	V	A0A0A0AIC6
Q99081	174	A	V	A0A0A0AIC6
Q99081	300	G	S	A0A0A0AIC6
Q99081	300	G	S	A0A0A0AIC6
Q99081	300	G	S	A0A0A0AIC6
Q99081	482	A	V	A0A0A0AIC6
Q99081	489	M	V	A0A0A0AIC6
Q99081	489	M	V	A0A0A0AIC6
Q99081	507	L	R	A0A0A0AIC6
Q99081	507	L	R	A0A0A0AIC6
Q99081	104	N	S	A0A0A0AIC6
Q99081	113	E	D	A0A0A0AIC6
Q99081	113	E	D	A0A0A0AIC6
Q99081	174	A	V	A0A0A0AIC6
Q99081	174	A	V	A0A0A0AIC6
Q99081	300	G	S	A0A0A0AIC6
Q99081	300	G	S	A0A0A0AIC6
Q99081	300	G	S	A0A0A0AIC6
Q99081	482	A	V	A0A0A0AIC6
Q99081	489	M	V	A0A0A0AIC6
Q99081	489	M	V	A0A0A0AIC6
Q99081	507	L	R	A0A0A0AIC6
Q99081	507	L	R	A0A0A0AIC6
Q99436	39	V	A	A0A091CPD1
Q99459	310	V	A	A0A1J1HIY8
Q99459	310	V	A	A0A1J1HIY8
Q99572	76	V	A	A0A096NC25
Q99572	150	G	R	A0A096NC25
Q99572	155	Y	H	A0A096NC25
Q99572	270	R	H	A0A096NC25
Q99572	270	R	C	A0A096NC25
Q99572	270	R	C	A0A096NC25
Q99572	276	R	H	A0A096NC25
Q99572	288	Y	H	A0A096NC25
Q99572	288	Y	H	A0A096NC25
Q99572	307	R	Q	A0A096NC25
Q99572	307	R	Q	A0A096NC25
Q99572	320	L	P	A0A096NC25
Q99572	320	L	P	A0A096NC25
Q99572	348	A	T	A0A096NC25
Q99572	357	T	S	A0A096NC25
Q99572	430	P	R	A0A096NC25
Q99572	433	A	V	A0A096NC25
Q99572	460	Q	R	A0A096NC25
Q99572	496	E	A	A0A096NC25
Q99572	521	H	Q	A0A096NC25
Q99572	522	V	I	A0A096NC25
Q99572	522	V	I	A0A096NC25
Q99572	568	I	N	A0A096NC25
Q99572	578	R	Q	A0A096NC25
Q99572	578	R	Q	A0A096NC25
Q99575	4	A	T	A0A1S3EV72
Q99575	4	A	T	A0A1S3EV72
Q99575	74	Q	R	A0A1S3EV72
Q99575	74	Q	R	A0A1S3EV72
Q99575	163	A	T	A0A1S3EV72
Q99575	163	A	T	A0A1S3EV72
Q99575	318	P	L	A0A1S3EV72
Q99575	318	P	L	A0A1S3EV72
Q99575	460	E	A	A0A1S3EV72
Q99575	460	E	A	A0A1S3EV72
Q99575	522	K	N	A0A1S3EV72
Q99575	558	I	T	A0A1S3EV72
Q99575	810	K	E	A0A1S3EV72
Q99575	810	K	E	A0A1S3EV72
Q99575	830	R	W	A0A1S3EV72
Q99575	994	L	V	A0A1S3EV72
Q99575	4	A	T	A0A1S3EV72
Q99575	4	A	T	A0A1S3EV72
Q99575	74	Q	R	A0A1S3EV72
Q99575	74	Q	R	A0A1S3EV72
Q99575	163	A	T	A0A1S3EV72
Q99575	163	A	T	A0A1S3EV72
Q99575	318	P	L	A0A1S3EV72
Q99575	318	P	L	A0A1S3EV72
Q99575	460	E	A	A0A1S3EV72
Q99575	460	E	A	A0A1S3EV72
Q99575	522	K	N	A0A1S3EV72
Q99575	558	I	T	A0A1S3EV72
Q99575	810	K	E	A0A1S3EV72
Q99575	810	K	E	A0A1S3EV72
Q99575	830	R	W	A0A1S3EV72
Q99575	994	L	V	A0A1S3EV72
Q99603	7	T	A	M3Z3F4
Q99603	9	T	P	M3Z3F4
Q99603	49	T	K	M3Z3F4
Q99608	88	P	L	A0A2K5NUU4
Q99608	88	P	L	A0A2K5NUU4
Q99608	317	S	G	A0A2K5NUU4
Q99608	317	S	G	A0A2K5NUU4
Q99608	318	V	A	A0A2K5NUU4
Q99608	318	V	A	A0A2K5NUU4
Q99683	16	F	L	H2SSQ5
Q99683	1250	I	V	H2SSQ5
Q99683	1250	I	V	H2SSQ5
Q99683	1314	T	I	H2SSQ5
Q99684	28	R	H	H2LK28
Q99684	28	R	H	H2LK28
Q99684	36	S	N	H2LK28
Q99684	36	S	N	H2LK28
Q99684	36	S	N	H2LK28
Q99684	36	S	N	H2LK28
Q99684	107	P	A	H2LK28
Q99684	107	P	A	H2LK28
Q99684	107	P	A	H2LK28
Q99684	107	P	A	H2LK28
Q99684	140	R	Q	H2LK28
Q99684	180	G	R	H2LK28
Q99684	191	A	V	H2LK28
Q99684	240	E	Q	H2LK28
Q99684	240	E	Q	H2LK28
Q99684	240	E	Q	H2LK28
Q99684	258	I	V	H2LK28
Q99684	258	I	V	H2LK28
Q99684	258	I	V	H2LK28
Q99684	400	L	F	H2LK28
Q99684	400	L	F	H2LK28
Q99684	400	L	F	H2LK28
Q99684	400	L	F	H2LK28
Q99684	403	K	R	H2LK28
Q99684	403	K	R	H2LK28
Q99684	403	K	R	H2LK28
Q99684	28	R	H	H2LK28
Q99684	28	R	H	H2LK28
Q99684	36	S	N	H2LK28
Q99684	36	S	N	H2LK28
Q99684	36	S	N	H2LK28
Q99684	36	S	N	H2LK28
Q99684	107	P	A	H2LK28
Q99684	107	P	A	H2LK28
Q99684	107	P	A	H2LK28
Q99684	107	P	A	H2LK28
Q99684	140	R	Q	H2LK28
Q99684	180	G	R	H2LK28
Q99684	191	A	V	H2LK28
Q99684	240	E	Q	H2LK28
Q99684	240	E	Q	H2LK28
Q99684	240	E	Q	H2LK28
Q99684	258	I	V	H2LK28
Q99684	258	I	V	H2LK28
Q99684	258	I	V	H2LK28
Q99684	400	L	F	H2LK28
Q99684	400	L	F	H2LK28
Q99684	400	L	F	H2LK28
Q99684	400	L	F	H2LK28
Q99684	403	K	R	H2LK28
Q99684	403	K	R	H2LK28
Q99684	403	K	R	H2LK28
Q99684	28	R	H	H2LK28
Q99684	28	R	H	H2LK28
Q99684	36	S	N	H2LK28
Q99684	36	S	N	H2LK28
Q99684	36	S	N	H2LK28
Q99684	36	S	N	H2LK28
Q99684	107	P	A	H2LK28
Q99684	107	P	A	H2LK28
Q99684	107	P	A	H2LK28
Q99684	107	P	A	H2LK28
Q99684	140	R	Q	H2LK28
Q99684	180	G	R	H2LK28
Q99684	191	A	V	H2LK28
Q99684	240	E	Q	H2LK28
Q99684	240	E	Q	H2LK28
Q99684	240	E	Q	H2LK28
Q99684	258	I	V	H2LK28
Q99684	258	I	V	H2LK28
Q99684	258	I	V	H2LK28
Q99684	400	L	F	H2LK28
Q99684	400	L	F	H2LK28
Q99684	400	L	F	H2LK28
Q99684	400	L	F	H2LK28
Q99684	403	K	R	H2LK28
Q99684	403	K	R	H2LK28
Q99684	403	K	R	H2LK28
Q99689	123	D	E	A0A091DGW8
Q99689	358	E	Q	A0A091DGW8
Q99689	358	E	Q	A0A091DGW8
Q99689	123	D	E	A0A091DGW8
Q99689	358	E	Q	A0A091DGW8
Q99689	358	E	Q	A0A091DGW8
Q99750	128	R	Q	A0A2I3H3Z7
Q99750	128	R	Q	A0A2I3H3Z7
Q99750	128	R	Q	A0A2I3H3Z7
Q99750	128	R	Q	A0A2I3H3Z7
Q99757	52	I	M	A0A151NHV1
Q99757	52	I	M	A0A151NHV1
Q99757	52	I	M	A0A151NHV1
Q99757	52	I	M	A0A151NHV1
Q99758	563	V	I	A0A2Y9Q3Y3
Q99758	589	R	Q	A0A2Y9Q3Y3
Q99758	589	R	Q	A0A2Y9Q3Y3
Q99758	589	R	Q	A0A2Y9Q3Y3
Q99758	605	R	Q	A0A2Y9Q3Y3
Q99758	654	L	V	A0A2Y9Q3Y3
Q99758	707	L	F	A0A2Y9Q3Y3
Q99758	707	L	F	A0A2Y9Q3Y3
Q99758	778	H	R	A0A2Y9Q3Y3
Q99758	778	H	R	A0A2Y9Q3Y3
Q99758	778	H	R	A0A2Y9Q3Y3
Q99758	778	H	R	A0A2Y9Q3Y3
Q99758	1056	V	I	A0A2Y9Q3Y3
Q99758	1056	V	I	A0A2Y9Q3Y3
Q99758	1056	V	I	A0A2Y9Q3Y3
Q99758	1474	R	W	A0A2Y9Q3Y3
Q99758	1474	R	W	A0A2Y9Q3Y3
Q99758	1474	R	W	A0A2Y9Q3Y3
Q99758	1474	R	W	A0A2Y9Q3Y3
Q99758	1474	R	W	A0A2Y9Q3Y3
Q99758	1701	E	K	A0A2Y9Q3Y3
Q99758	1701	E	K	A0A2Y9Q3Y3
Q99758	1701	E	K	A0A2Y9Q3Y3
Q99758	1701	E	K	A0A2Y9Q3Y3
Q99758	1701	E	K	A0A2Y9Q3Y3
Q99797	16	A	S	M3XNI2
Q99797	16	A	S	M3XNI2
Q99797	62	R	C	M3XNI2
Q99797	62	R	C	M3XNI2
Q99797	94	R	C	M3XNI2
Q99797	94	R	C	M3XNI2
Q99797	172	V	M	M3XNI2
Q99797	172	V	M	M3XNI2
Q99797	207	D	N	M3XNI2
Q99797	207	D	N	M3XNI2
Q99797	224	N	S	M3XNI2
Q99797	224	N	S	M3XNI2
Q99797	248	H	R	M3XNI2
Q99797	248	H	R	M3XNI2
Q99797	288	S	R	M3XNI2
Q99797	340	R	Q	M3XNI2
Q99797	488	S	G	M3XNI2
Q99797	602	E	K	M3XNI2
Q99797	602	E	K	M3XNI2
Q99797	642	A	T	M3XNI2
Q99797	642	A	T	M3XNI2
Q99797	662	R	H	M3XNI2
Q99797	662	R	H	M3XNI2
Q99944	86	R	K	W5Q7N1
Q99944	86	R	K	W5Q7N1
Q99944	86	R	K	W5Q7N1
Q99944	86	R	K	W5Q7N1
Q99944	86	R	K	W5Q7N1
Q99944	86	R	K	W5Q7N1
Q99944	86	R	K	W5Q7N1
Q99944	86	R	K	W5Q7N1
Q99944	86	R	K	W5Q7N1
Q99944	86	R	K	W5Q7N1
Q99944	86	R	K	W5Q7N1
Q99944	86	R	K	W5Q7N1
Q99944	86	R	K	W5Q7N1
Q99944	86	R	K	W5Q7N1
Q99944	86	R	K	W5Q7N1
Q99944	86	R	K	W5Q7N1
Q99944	86	R	K	W5Q7N1
Q99944	86	R	K	W5Q7N1
Q99944	86	R	K	W5Q7N1
Q99944	86	R	K	W5Q7N1
Q99944	86	R	K	W5Q7N1
Q99944	86	R	K	W5Q7N1
Q99944	86	R	K	W5Q7N1
Q99944	86	R	K	W5Q7N1
Q99944	86	R	K	W5Q7N1
Q99944	86	R	K	W5Q7N1
Q99952	23	G	A	H0UXC7
Q99952	95	V	M	H0UXC7
Q99954	28	G	R	A0A2K6MJ45
Q99954	42	C	R	A0A2K6MJ45
Q99954	132	P	L	A0A2K6MJ45
Q99961	350	G	S	A0A2Y9L4L2
Q99967	181	S	T	A0A2K6KM56
Q99967	192	S	G	A0A2K6KM56
Q99967	192	S	G	A0A2K6KM56
Q99967	181	S	T	A0A2K6KM56
Q99967	192	S	G	A0A2K6KM56
Q99967	192	S	G	A0A2K6KM56
Q9BPU6	512	A	T	L9KUG1
Q9BPU6	512	A	T	L9KUG1
Q9BPU6	512	A	T	L9KUG1
Q9BQ31	9	R	H	F1PGB8
Q9BQ31	382	A	V	F1PGB8
Q9BQ31	382	A	V	F1PGB8
Q9BQ31	450	T	A	F1PGB8
Q9BQ31	9	R	H	F1PGB8
Q9BQ31	382	A	V	F1PGB8
Q9BQ31	382	A	V	F1PGB8
Q9BQ31	450	T	A	F1PGB8
Q9BQA5	493	A	V	G5BHN8
Q9BQA9	49	L	F	A0A2R8M5C8
Q9BQA9	52	V	I	A0A2R8M5C8
Q9BQA9	62	N	D	A0A2R8M5C8
Q9BQA9	157	I	V	A0A2R8M5C8
Q9BQA9	49	L	F	A0A2R8M5C8
Q9BQA9	52	V	I	A0A2R8M5C8
Q9BQA9	62	N	D	A0A2R8M5C8
Q9BQA9	157	I	V	A0A2R8M5C8
Q9BQA9	49	L	F	A0A2R8M5C8
Q9BQA9	52	V	I	A0A2R8M5C8
Q9BQA9	62	N	D	A0A2R8M5C8
Q9BQA9	157	I	V	A0A2R8M5C8
Q9BQA9	49	L	F	A0A2R8M5C8
Q9BQA9	52	V	I	A0A2R8M5C8
Q9BQA9	62	N	D	A0A2R8M5C8
Q9BQA9	157	I	V	A0A2R8M5C8
Q9BQA9	49	L	F	A0A2R8M5C8
Q9BQA9	52	V	I	A0A2R8M5C8
Q9BQA9	62	N	D	A0A2R8M5C8
Q9BQA9	157	I	V	A0A2R8M5C8
Q9BQA9	49	L	F	A0A2R8M5C8
Q9BQA9	52	V	I	A0A2R8M5C8
Q9BQA9	62	N	D	A0A2R8M5C8
Q9BQA9	157	I	V	A0A2R8M5C8
Q9BQA9	49	L	F	A0A2R8M5C8
Q9BQA9	52	V	I	A0A2R8M5C8
Q9BQA9	62	N	D	A0A2R8M5C8
Q9BQA9	157	I	V	A0A2R8M5C8
Q9BQA9	49	L	F	A0A2R8M5C8
Q9BQA9	52	V	I	A0A2R8M5C8
Q9BQA9	62	N	D	A0A2R8M5C8
Q9BQA9	157	I	V	A0A2R8M5C8
Q9BQE5	78	R	K	A5PL32
Q9BQE5	78	R	K	A5PL32
Q9BQE5	182	R	C	A5PL32
Q9BQE5	78	R	K	A5PL32
Q9BQE5	78	R	K	A5PL32
Q9BQE5	182	R	C	A5PL32
Q9BQE6	27	S	G	A0A2I3MFH4
Q9BQF6	79	K	Q	K7F8B0
Q9BQF6	241	Q	H	K7F8B0
Q9BQF6	241	Q	H	K7F8B0
Q9BQF6	242	T	S	K7F8B0
Q9BQF6	242	T	S	K7F8B0
Q9BQF6	308	N	S	K7F8B0
Q9BQF6	308	N	S	K7F8B0
Q9BQF6	612	Q	H	K7F8B0
Q9BQF6	637	D	Y	K7F8B0
Q9BQF6	637	D	Y	K7F8B0
Q9BQG0	8	Q	E	Q6DRL5
Q9BQG0	9	P	L	Q6DRL5
Q9BQG0	9	P	L	Q6DRL5
Q9BQG0	35	F	L	Q6DRL5
Q9BQG0	184	I	V	Q6DRL5
Q9BQG0	311	A	E	Q6DRL5
Q9BQG0	337	V	M	Q6DRL5
Q9BQG0	337	V	M	Q6DRL5
Q9BQG0	498	K	R	Q6DRL5
Q9BQG0	498	K	R	Q6DRL5
Q9BQG0	529	K	R	Q6DRL5
Q9BQG0	570	R	H	Q6DRL5
Q9BQG0	638	K	E	Q6DRL5
Q9BQG0	638	K	E	Q6DRL5
Q9BQG0	680	H	Y	Q6DRL5
Q9BQG0	745	E	G	Q6DRL5
Q9BQG0	745	E	G	Q6DRL5
Q9BQG0	748	R	S	Q6DRL5
Q9BQG0	748	R	S	Q6DRL5
Q9BQG0	828	V	L	Q6DRL5
Q9BQG0	828	V	L	Q6DRL5
Q9BQG0	877	R	C	Q6DRL5
Q9BQG0	877	R	C	Q6DRL5
Q9BQG0	958	H	P	Q6DRL5
Q9BQG0	1069	V	M	Q6DRL5
Q9BQG0	1069	V	M	Q6DRL5
Q9BQG0	1106	T	M	Q6DRL5
Q9BQG0	1106	T	M	Q6DRL5
Q9BQG0	1142	L	V	Q6DRL5
Q9BQG0	1142	L	V	Q6DRL5
Q9BQG0	1208	M	L	Q6DRL5
Q9BQG0	1299	K	R	Q6DRL5
Q9BQG0	1299	K	R	Q6DRL5
Q9BQG2	235	I	V	R7U2G6
Q9BQQ3	31	A	V	S9YHN8
Q9BQQ3	31	A	V	S9YHN8
Q9BQQ3	425	T	M	S9YHN8
Q9BQQ3	432	S	N	S9YHN8
Q9BQQ3	432	S	N	S9YHN8
Q9BR84	6	L	W	G3H6F5
Q9BR84	6	L	W	G3H6F5
Q9BR84	18	D	G	G3H6F5
Q9BR84	49	N	K	G3H6F5
Q9BR84	191	E	K	G3H6F5
Q9BR84	251	T	N	G3H6F5
Q9BR84	6	L	W	G3H6F5
Q9BR84	6	L	W	G3H6F5
Q9BR84	18	D	G	G3H6F5
Q9BR84	49	N	K	G3H6F5
Q9BR84	191	E	K	G3H6F5
Q9BR84	251	T	N	G3H6F5
Q9BRJ6	51	G	R	F7HM12
Q9BRJ6	51	G	R	F7HM12
Q9BRJ6	51	G	R	F7HM12
Q9BSE4	108	A	T	A0A2U3ZXH4
Q9BSE4	108	A	T	A0A2U3ZXH4
Q9BSF0	56	T	I	G3TLQ9
Q9BSF0	56	T	I	G3TLQ9
Q9BSF0	56	T	I	G3TLQ9
Q9BSF0	56	T	I	G3TLQ9
Q9BSG0	41	R	Q	L9KNK5
Q9BSJ5	83	V	M	A0A2Y9PQ60
Q9BSJ5	226	G	S	A0A2Y9PQ60
Q9BSJ5	356	F	L	A0A2Y9PQ60
Q9BSJ5	395	H	N	A0A2Y9PQ60
Q9BSJ5	396	C	R	A0A2Y9PQ60
Q9BSJ5	420	Q	H	A0A2Y9PQ60
Q9BSJ5	457	R	S	A0A2Y9PQ60
Q9BSJ5	522	A	T	A0A2Y9PQ60
Q9BSJ5	83	V	M	A0A2Y9PQ60
Q9BSJ5	226	G	S	A0A2Y9PQ60
Q9BSJ5	356	F	L	A0A2Y9PQ60
Q9BSJ5	395	H	N	A0A2Y9PQ60
Q9BSJ5	396	C	R	A0A2Y9PQ60
Q9BSJ5	420	Q	H	A0A2Y9PQ60
Q9BSJ5	457	R	S	A0A2Y9PQ60
Q9BSJ5	522	A	T	A0A2Y9PQ60
Q9BSU3	19	L	F	A0A2Y9G2S5
Q9BT92	127	K	R	K7GGQ8
Q9BT92	417	E	K	K7GGQ8
Q9BT92	127	K	R	K7GGQ8
Q9BT92	417	E	K	K7GGQ8
Q9BT92	127	K	R	K7GGQ8
Q9BT92	417	E	K	K7GGQ8
Q9BTE0	56	C	R	I3JMK6
Q9BTT6	16	S	I	A0A1S3Q6W0
Q9BTT6	16	S	I	A0A1S3Q6W0
Q9BTT6	193	I	V	A0A1S3Q6W0
Q9BTV5	232	L	V	W5MHW8
Q9BTY2	233	A	E	A0A2U4CP59
Q9BTY2	356	M	V	A0A2U4CP59
Q9BTY2	371	H	Y	A0A2U4CP59
Q9BU02	176	H	R	A0A1S3HYD9
Q9BU02	176	H	R	A0A1S3HYD9
Q9BU70	7	S	P	G5AZ27
Q9BU70	324	V	M	G5AZ27
Q9BUE0	74	R	C	A0A226NFW3
Q9BUE0	74	R	C	A0A226NFW3
Q9BUE0	74	R	C	A0A226NFW3
Q9BUE0	74	R	C	A0A226NFW3
Q9BUE0	74	R	C	A0A226NFW3
Q9BUE0	74	R	C	A0A226NFW3
Q9BUE0	74	R	C	A0A226NFW3
Q9BUE0	74	R	C	A0A226NFW3
Q9BUM1	20	A	V	A0A151PBT7
Q9BUM1	20	A	V	A0A151PBT7
Q9BUM1	216	T	I	A0A151PBT7
Q9BUM1	272	Q	R	A0A151PBT7
Q9BUM1	272	Q	R	A0A151PBT7
Q9BUP0	6	L	R	A0A2R9AAF1
Q9BUP0	31	A	V	A0A2R9AAF1
Q9BUP0	82	T	M	A0A2R9AAF1
Q9BUP0	82	T	M	A0A2R9AAF1
Q9BUP0	186	K	R	A0A2R9AAF1
Q9BUY5	4	A	V	G3H6F5
Q9BUY5	4	A	V	G3H6F5
Q9BV10	188	C	Y	A0A1S3FZJ3
Q9BV10	211	R	C	A0A1S3FZJ3
Q9BV10	211	R	C	A0A1S3FZJ3
Q9BV10	211	R	C	A0A1S3FZJ3
Q9BV10	211	R	C	A0A1S3FZJ3
Q9BV10	222	G	A	A0A1S3FZJ3
Q9BV10	222	G	A	A0A1S3FZJ3
Q9BV10	222	G	A	A0A1S3FZJ3
Q9BV10	233	R	Q	A0A1S3FZJ3
Q9BV10	233	R	Q	A0A1S3FZJ3
Q9BV10	233	R	Q	A0A1S3FZJ3
Q9BV10	349	I	M	A0A1S3FZJ3
Q9BV10	393	I	V	A0A1S3FZJ3
Q9BV10	393	I	V	A0A1S3FZJ3
Q9BV10	393	I	V	A0A1S3FZJ3
Q9BV10	393	I	V	A0A1S3FZJ3
Q9BV35	324	R	H	A0A1S3FP46
Q9BV36	72	Q	R	L9KKU2
Q9BV36	98	E	K	L9KKU2
Q9BV36	139	R	W	L9KKU2
Q9BV36	153	L	P	L9KKU2
Q9BV36	163	D	N	L9KKU2
Q9BV36	172	G	D	L9KKU2
Q9BV36	271	G	S	L9KKU2
Q9BV36	271	G	S	L9KKU2
Q9BV36	289	T	I	L9KKU2
Q9BV36	347	H	R	L9KKU2
Q9BV36	374	V	A	L9KKU2
Q9BV36	391	E	K	L9KKU2
Q9BV36	391	E	K	L9KKU2
Q9BV36	391	E	V	L9KKU2
Q9BV36	391	E	V	L9KKU2
Q9BV36	408	A	S	L9KKU2
Q9BV36	451	P	S	L9KKU2
Q9BV36	503	S	L	L9KKU2
Q9BV36	503	S	L	L9KKU2
Q9BV36	503	S	L	L9KKU2
Q9BV36	582	A	V	L9KKU2
Q9BV38	62	I	V	H3B7I8
Q9BV38	172	A	T	H3B7I8
Q9BV38	213	L	F	H3B7I8
Q9BV38	264	V	I	H3B7I8
Q9BV68	68	V	M	A0A2D0TAJ4
Q9BV68	124	A	T	A0A2D0TAJ4
Q9BV68	253	D	N	A0A2D0TAJ4
Q9BV68	253	D	N	A0A2D0TAJ4
Q9BV79	96	F	L	U3KN23
Q9BV79	179	E	K	U3KN23
Q9BV79	179	E	K	U3KN23
Q9BV79	227	R	K	U3KN23
Q9BV79	227	R	K	U3KN23
Q9BV79	258	R	L	U3KN23
Q9BV79	258	R	L	U3KN23
Q9BV79	277	A	V	U3KN23
Q9BV79	277	A	V	U3KN23
Q9BV99	143	N	S	A0A1W5AYY8
Q9BV99	143	N	S	A0A1W5AYY8
Q9BV99	143	N	S	A0A1W5AYY8
Q9BVC3	376	H	R	A0A024R9J7
Q9BVG3	473	V	I	F6P534
Q9BVG3	473	V	I	F6P534
Q9BVG9	423	A	V	A0A2K5CFI6
Q9BVK6	16	T	S	H0WKP6
Q9BVM4	142	P	L	A0A210Q1L1
Q9BVM4	142	P	L	A0A210Q1L1
Q9BVM4	142	P	L	A0A210Q1L1
Q9BW11	185	E	K	A0A1U7R0B6
Q9BW11	185	E	K	A0A1U7R0B6
Q9BWF2	108	R	Q	A0A1A7XES4
Q9BWF2	108	R	Q	A0A1A7XES4
Q9BWF2	335	G	V	A0A1A7XES4
Q9BWF2	335	G	V	A0A1A7XES4
Q9BWF2	356	I	T	A0A1A7XES4
Q9BWF2	356	I	T	A0A1A7XES4
Q9BWS9	331	R	Q	H2LQ71
Q9BWS9	338	A	V	H2LQ71
Q9BWS9	331	R	Q	H2LQ71
Q9BWS9	338	A	V	H2LQ71
Q9BWS9	331	R	Q	H2LQ71
Q9BWS9	338	A	V	H2LQ71
Q9BX67	15	L	V	A0A2K6KVC9
Q9BX67	15	L	V	A0A2K6KVC9
Q9BX67	150	V	A	A0A2K6KVC9
Q9BX67	150	V	A	A0A2K6KVC9
Q9BX67	205	V	M	A0A2K6KVC9
Q9BX67	205	V	M	A0A2K6KVC9
Q9BX67	292	N	K	A0A2K6KVC9
Q9BX67	295	R	C	A0A2K6KVC9
Q9BX67	295	R	C	A0A2K6KVC9
Q9BXB7	44	S	T	A0A2Y9JXN8
Q9BXB7	44	S	T	A0A2Y9JXN8
Q9BXB7	50	N	S	A0A2Y9JXN8
Q9BXB7	50	N	S	A0A2Y9JXN8
Q9BXB7	50	N	S	A0A2Y9JXN8
Q9BXB7	78	E	K	A0A2Y9JXN8
Q9BXB7	78	E	K	A0A2Y9JXN8
Q9BXB7	78	E	K	A0A2Y9JXN8
Q9BXB7	133	M	V	A0A2Y9JXN8
Q9BXB7	133	M	V	A0A2Y9JXN8
Q9BXB7	133	M	V	A0A2Y9JXN8
Q9BXB7	147	G	E	A0A2Y9JXN8
Q9BXB7	147	G	E	A0A2Y9JXN8
Q9BXB7	147	G	E	A0A2Y9JXN8
Q9BXB7	509	A	V	A0A2Y9JXN8
Q9BXB7	509	A	V	A0A2Y9JXN8
Q9BXB7	526	M	T	A0A2Y9JXN8
Q9BXB7	526	M	T	A0A2Y9JXN8
Q9BXB7	569	R	S	A0A2Y9JXN8
Q9BXB7	569	R	S	A0A2Y9JXN8
Q9BXF3	293	R	H	A0A151NIJ3
Q9BXF3	301	L	V	A0A151NIJ3
Q9BXF3	593	S	G	A0A151NIJ3
Q9BXF3	654	P	L	A0A151NIJ3
Q9BXF3	682	P	T	A0A151NIJ3
Q9BXF3	702	M	V	A0A151NIJ3
Q9BXF3	743	A	V	A0A151NIJ3
Q9BXF3	1221	S	N	A0A151NIJ3
Q9BXJ7	55	M	I	I3NH45
Q9BXJ7	55	M	I	I3NH45
Q9BXJ7	55	M	I	I3NH45
Q9BXJ7	92	S	L	I3NH45
Q9BXJ7	92	S	L	I3NH45
Q9BXJ7	92	S	L	I3NH45
Q9BXJ7	258	L	S	I3NH45
Q9BXJ7	258	L	S	I3NH45
Q9BXJ7	277	T	A	I3NH45
Q9BXJ7	277	T	A	I3NH45
Q9BXJ7	277	T	A	I3NH45
Q9BXL6	3	E	K	S7NIU0
Q9BXL6	3	E	K	S7NIU0
Q9BXL6	62	R	Q	S7NIU0
Q9BXL6	62	R	Q	S7NIU0
Q9BXL6	62	R	Q	S7NIU0
Q9BXL6	62	R	Q	S7NIU0
Q9BXL6	110	V	A	S7NIU0
Q9BXL6	110	V	A	S7NIU0
Q9BXL6	176	D	H	S7NIU0
Q9BXL6	176	D	H	S7NIU0
Q9BXL6	176	D	H	S7NIU0
Q9BXL6	200	S	N	S7NIU0
Q9BXL6	200	S	I	S7NIU0
Q9BXL6	200	S	I	S7NIU0
Q9BXL6	200	S	I	S7NIU0
Q9BXL6	200	S	N	S7NIU0
Q9BXL6	200	S	N	S7NIU0
Q9BXL6	200	S	I	S7NIU0
Q9BXL6	200	S	N	S7NIU0
Q9BXL6	237	N	H	S7NIU0
Q9BXL6	237	N	H	S7NIU0
Q9BXL6	237	N	H	S7NIU0
Q9BXL6	249	Q	P	S7NIU0
Q9BXL6	275	R	H	S7NIU0
Q9BXL6	311	R	Q	S7NIU0
Q9BXL6	364	A	V	S7NIU0
Q9BXL6	364	A	V	S7NIU0
Q9BXL6	364	A	V	S7NIU0
Q9BXL6	364	A	V	S7NIU0
Q9BXL6	422	E	K	S7NIU0
Q9BXL6	422	E	K	S7NIU0
Q9BXL6	422	E	K	S7NIU0
Q9BXL6	422	E	K	S7NIU0
Q9BXL6	426	R	W	S7NIU0
Q9BXL6	426	R	W	S7NIU0
Q9BXL6	453	S	C	S7NIU0
Q9BXL6	462	T	M	S7NIU0
Q9BXL6	462	T	M	S7NIU0
Q9BXL6	462	T	M	S7NIU0
Q9BXL6	477	A	V	S7NIU0
Q9BXL6	506	P	L	S7NIU0
Q9BXL6	506	P	L	S7NIU0
Q9BXL6	506	P	L	S7NIU0
Q9BXL6	547	R	S	S7NIU0
Q9BXL6	547	R	S	S7NIU0
Q9BXL6	547	R	S	S7NIU0
Q9BXL6	547	R	S	S7NIU0
Q9BXL6	547	R	S	S7NIU0
Q9BXL6	547	R	S	S7NIU0
Q9BXL6	585	V	I	S7NIU0
Q9BXL6	591	T	M	S7NIU0
Q9BXL6	591	T	M	S7NIU0
Q9BXL6	591	T	M	S7NIU0
Q9BXL6	597	R	W	S7NIU0
Q9BXL6	597	R	W	S7NIU0
Q9BXL6	597	R	W	S7NIU0
Q9BXL6	682	R	W	S7NIU0
Q9BXL6	682	R	W	S7NIU0
Q9BXL6	682	R	W	S7NIU0
Q9BXL6	682	R	W	S7NIU0
Q9BXL6	714	G	S	S7NIU0
Q9BXL6	714	G	S	S7NIU0
Q9BXL6	714	G	S	S7NIU0
Q9BXL6	753	T	A	S7NIU0
Q9BXL6	756	C	Y	S7NIU0
Q9BXL6	756	C	Y	S7NIU0
Q9BXL6	779	A	T	S7NIU0
Q9BXL6	820	R	W	S7NIU0
Q9BXL6	820	R	W	S7NIU0
Q9BXL6	820	R	W	S7NIU0
Q9BXL6	820	R	W	S7NIU0
Q9BXL6	820	R	W	S7NIU0
Q9BXL6	820	R	W	S7NIU0
Q9BXL6	883	R	H	S7NIU0
Q9BXL6	883	R	H	S7NIU0
Q9BXL6	883	R	H	S7NIU0
Q9BXL6	941	R	Q	S7NIU0
Q9BXL6	941	R	Q	S7NIU0
Q9BXL6	962	R	Q	S7NIU0
Q9BXL6	962	R	Q	S7NIU0
Q9BXL6	962	R	Q	S7NIU0
Q9BXL6	973	D	E	S7NIU0
Q9BXL6	973	D	E	S7NIU0
Q9BXL6	973	D	E	S7NIU0
Q9BXL6	3	E	K	S7NIU0
Q9BXL6	3	E	K	S7NIU0
Q9BXL6	62	R	Q	S7NIU0
Q9BXL6	62	R	Q	S7NIU0
Q9BXL6	62	R	Q	S7NIU0
Q9BXL6	62	R	Q	S7NIU0
Q9BXL6	110	V	A	S7NIU0
Q9BXL6	110	V	A	S7NIU0
Q9BXL6	176	D	H	S7NIU0
Q9BXL6	176	D	H	S7NIU0
Q9BXL6	176	D	H	S7NIU0
Q9BXL6	200	S	I	S7NIU0
Q9BXL6	200	S	N	S7NIU0
Q9BXL6	200	S	I	S7NIU0
Q9BXL6	200	S	N	S7NIU0
Q9BXL6	200	S	I	S7NIU0
Q9BXL6	200	S	N	S7NIU0
Q9BXL6	200	S	I	S7NIU0
Q9BXL6	200	S	N	S7NIU0
Q9BXL6	237	N	H	S7NIU0
Q9BXL6	237	N	H	S7NIU0
Q9BXL6	237	N	H	S7NIU0
Q9BXL6	249	Q	P	S7NIU0
Q9BXL6	275	R	H	S7NIU0
Q9BXL6	311	R	Q	S7NIU0
Q9BXL6	364	A	V	S7NIU0
Q9BXL6	364	A	V	S7NIU0
Q9BXL6	364	A	V	S7NIU0
Q9BXL6	364	A	V	S7NIU0
Q9BXL6	422	E	K	S7NIU0
Q9BXL6	422	E	K	S7NIU0
Q9BXL6	422	E	K	S7NIU0
Q9BXL6	422	E	K	S7NIU0
Q9BXL6	426	R	W	S7NIU0
Q9BXL6	426	R	W	S7NIU0
Q9BXL6	453	S	C	S7NIU0
Q9BXL6	462	T	M	S7NIU0
Q9BXL6	462	T	M	S7NIU0
Q9BXL6	462	T	M	S7NIU0
Q9BXL6	477	A	V	S7NIU0
Q9BXL6	506	P	L	S7NIU0
Q9BXL6	506	P	L	S7NIU0
Q9BXL6	506	P	L	S7NIU0
Q9BXL6	547	R	S	S7NIU0
Q9BXL6	547	R	S	S7NIU0
Q9BXL6	547	R	S	S7NIU0
Q9BXL6	547	R	S	S7NIU0
Q9BXL6	547	R	S	S7NIU0
Q9BXL6	547	R	S	S7NIU0
Q9BXL6	585	V	I	S7NIU0
Q9BXL6	591	T	M	S7NIU0
Q9BXL6	591	T	M	S7NIU0
Q9BXL6	591	T	M	S7NIU0
Q9BXL6	597	R	W	S7NIU0
Q9BXL6	597	R	W	S7NIU0
Q9BXL6	597	R	W	S7NIU0
Q9BXL6	682	R	W	S7NIU0
Q9BXL6	682	R	W	S7NIU0
Q9BXL6	682	R	W	S7NIU0
Q9BXL6	682	R	W	S7NIU0
Q9BXL6	682	R	W	S7NIU0
Q9BXL6	682	R	W	S7NIU0
Q9BXL6	714	G	S	S7NIU0
Q9BXL6	714	G	S	S7NIU0
Q9BXL6	714	G	S	S7NIU0
Q9BXL6	714	G	S	S7NIU0
Q9BXL6	714	G	S	S7NIU0
Q9BXL6	753	T	A	S7NIU0
Q9BXL6	756	C	Y	S7NIU0
Q9BXL6	756	C	Y	S7NIU0
Q9BXL6	779	A	T	S7NIU0
Q9BXL6	820	R	W	S7NIU0
Q9BXL6	820	R	W	S7NIU0
Q9BXL6	820	R	W	S7NIU0
Q9BXL6	820	R	W	S7NIU0
Q9BXL6	820	R	W	S7NIU0
Q9BXL6	820	R	W	S7NIU0
Q9BXL6	820	R	W	S7NIU0
Q9BXL6	820	R	W	S7NIU0
Q9BXL6	883	R	H	S7NIU0
Q9BXL6	883	R	H	S7NIU0
Q9BXL6	883	R	H	S7NIU0
Q9BXL6	883	R	H	S7NIU0
Q9BXL6	883	R	H	S7NIU0
Q9BXL6	941	R	Q	S7NIU0
Q9BXL6	941	R	Q	S7NIU0
Q9BXL6	962	R	Q	S7NIU0
Q9BXL6	962	R	Q	S7NIU0
Q9BXL6	962	R	Q	S7NIU0
Q9BXL6	962	R	Q	S7NIU0
Q9BXL6	962	R	Q	S7NIU0
Q9BXL6	973	D	E	S7NIU0
Q9BXL6	973	D	E	S7NIU0
Q9BXL6	973	D	E	S7NIU0
Q9BXL6	973	D	E	S7NIU0
Q9BXL6	973	D	E	S7NIU0
Q9BXL6	3	E	K	S7NIU0
Q9BXL6	3	E	K	S7NIU0
Q9BXL6	62	R	Q	S7NIU0
Q9BXL6	62	R	Q	S7NIU0
Q9BXL6	62	R	Q	S7NIU0
Q9BXL6	62	R	Q	S7NIU0
Q9BXL6	110	V	A	S7NIU0
Q9BXL6	110	V	A	S7NIU0
Q9BXL6	176	D	H	S7NIU0
Q9BXL6	176	D	H	S7NIU0
Q9BXL6	176	D	H	S7NIU0
Q9BXL6	200	S	N	S7NIU0
Q9BXL6	200	S	N	S7NIU0
Q9BXL6	200	S	I	S7NIU0
Q9BXL6	200	S	I	S7NIU0
Q9BXL6	200	S	N	S7NIU0
Q9BXL6	200	S	I	S7NIU0
Q9BXL6	200	S	N	S7NIU0
Q9BXL6	200	S	I	S7NIU0
Q9BXL6	237	N	H	S7NIU0
Q9BXL6	237	N	H	S7NIU0
Q9BXL6	237	N	H	S7NIU0
Q9BXL6	249	Q	P	S7NIU0
Q9BXL6	275	R	H	S7NIU0
Q9BXL6	311	R	Q	S7NIU0
Q9BXL6	364	A	V	S7NIU0
Q9BXL6	364	A	V	S7NIU0
Q9BXL6	364	A	V	S7NIU0
Q9BXL6	364	A	V	S7NIU0
Q9BXL6	422	E	K	S7NIU0
Q9BXL6	422	E	K	S7NIU0
Q9BXL6	422	E	K	S7NIU0
Q9BXL6	422	E	K	S7NIU0
Q9BXL6	426	R	W	S7NIU0
Q9BXL6	426	R	W	S7NIU0
Q9BXL6	453	S	C	S7NIU0
Q9BXL6	462	T	M	S7NIU0
Q9BXL6	462	T	M	S7NIU0
Q9BXL6	462	T	M	S7NIU0
Q9BXL6	477	A	V	S7NIU0
Q9BXL6	506	P	L	S7NIU0
Q9BXL6	506	P	L	S7NIU0
Q9BXL6	506	P	L	S7NIU0
Q9BXL6	547	R	S	S7NIU0
Q9BXL6	547	R	S	S7NIU0
Q9BXL6	547	R	S	S7NIU0
Q9BXL6	547	R	S	S7NIU0
Q9BXL6	547	R	S	S7NIU0
Q9BXL6	547	R	S	S7NIU0
Q9BXL6	585	V	I	S7NIU0
Q9BXL6	591	T	M	S7NIU0
Q9BXL6	591	T	M	S7NIU0
Q9BXL6	591	T	M	S7NIU0
Q9BXL6	597	R	W	S7NIU0
Q9BXL6	597	R	W	S7NIU0
Q9BXL6	597	R	W	S7NIU0
Q9BXL6	682	R	W	S7NIU0
Q9BXL6	682	R	W	S7NIU0
Q9BXL6	682	R	W	S7NIU0
Q9BXL6	682	R	W	S7NIU0
Q9BXL6	682	R	W	S7NIU0
Q9BXL6	682	R	W	S7NIU0
Q9BXL6	714	G	S	S7NIU0
Q9BXL6	714	G	S	S7NIU0
Q9BXL6	714	G	S	S7NIU0
Q9BXL6	714	G	S	S7NIU0
Q9BXL6	714	G	S	S7NIU0
Q9BXL6	753	T	A	S7NIU0
Q9BXL6	756	C	Y	S7NIU0
Q9BXL6	756	C	Y	S7NIU0
Q9BXL6	779	A	T	S7NIU0
Q9BXL6	820	R	W	S7NIU0
Q9BXL6	820	R	W	S7NIU0
Q9BXL6	820	R	W	S7NIU0
Q9BXL6	820	R	W	S7NIU0
Q9BXL6	820	R	W	S7NIU0
Q9BXL6	820	R	W	S7NIU0
Q9BXL6	820	R	W	S7NIU0
Q9BXL6	820	R	W	S7NIU0
Q9BXL6	883	R	H	S7NIU0
Q9BXL6	883	R	H	S7NIU0
Q9BXL6	883	R	H	S7NIU0
Q9BXL6	883	R	H	S7NIU0
Q9BXL6	883	R	H	S7NIU0
Q9BXL6	941	R	Q	S7NIU0
Q9BXL6	941	R	Q	S7NIU0
Q9BXL6	962	R	Q	S7NIU0
Q9BXL6	962	R	Q	S7NIU0
Q9BXL6	962	R	Q	S7NIU0
Q9BXL6	962	R	Q	S7NIU0
Q9BXL6	962	R	Q	S7NIU0
Q9BXL6	973	D	E	S7NIU0
Q9BXL6	973	D	E	S7NIU0
Q9BXL6	973	D	E	S7NIU0
Q9BXL6	973	D	E	S7NIU0
Q9BXL6	973	D	E	S7NIU0
Q9BXM0	165	R	C	G7NNM6
Q9BXM0	165	R	C	G7NNM6
Q9BXM0	165	R	C	G7NNM6
Q9BXM0	165	R	C	G7NNM6
Q9BXM0	185	R	H	G7NNM6
Q9BXM0	185	R	H	G7NNM6
Q9BXM0	185	R	H	G7NNM6
Q9BXM0	185	R	H	G7NNM6
Q9BXM0	185	R	H	G7NNM6
Q9BXM0	194	R	C	G7NNM6
Q9BXM0	194	R	C	G7NNM6
Q9BXM0	194	R	C	G7NNM6
Q9BXM0	244	A	V	G7NNM6
Q9BXM0	244	A	V	G7NNM6
Q9BXM0	244	A	V	G7NNM6
Q9BXM0	265	G	V	G7NNM6
Q9BXM0	265	G	V	G7NNM6
Q9BXM0	265	G	V	G7NNM6
Q9BXM0	265	G	V	G7NNM6
Q9BXM0	351	P	S	G7NNM6
Q9BXM0	351	P	S	G7NNM6
Q9BXM0	351	P	S	G7NNM6
Q9BXM0	351	P	S	G7NNM6
Q9BXM0	351	P	S	G7NNM6
Q9BXM0	377	V	L	G7NNM6
Q9BXM0	377	V	L	G7NNM6
Q9BXM0	495	E	Q	G7NNM6
Q9BXM0	495	E	Q	G7NNM6
Q9BXM0	495	E	Q	G7NNM6
Q9BXM0	495	E	Q	G7NNM6
Q9BXM0	495	E	Q	G7NNM6
Q9BXM0	542	R	W	G7NNM6
Q9BXM0	542	R	Q	G7NNM6
Q9BXM0	542	R	Q	G7NNM6
Q9BXM0	542	R	W	G7NNM6
Q9BXM0	542	R	Q	G7NNM6
Q9BXM0	542	R	W	G7NNM6
Q9BXM0	542	R	Q	G7NNM6
Q9BXM0	542	R	Q	G7NNM6
Q9BXM0	542	R	W	G7NNM6
Q9BXM0	542	R	Q	G7NNM6
Q9BXM0	542	R	W	G7NNM6
Q9BXM0	655	P	L	G7NNM6
Q9BXM0	655	P	L	G7NNM6
Q9BXM0	655	P	L	G7NNM6
Q9BXM0	655	P	L	G7NNM6
Q9BXM0	655	P	L	G7NNM6
Q9BXM0	655	P	L	G7NNM6
Q9BXM0	673	M	V	G7NNM6
Q9BXM0	673	M	V	G7NNM6
Q9BXM0	673	M	V	G7NNM6
Q9BXM0	673	M	V	G7NNM6
Q9BXM0	673	M	V	G7NNM6
Q9BXM0	673	M	V	G7NNM6
Q9BXM0	682	E	K	G7NNM6
Q9BXM0	683	V	M	G7NNM6
Q9BXM0	683	V	M	G7NNM6
Q9BXM0	701	V	M	G7NNM6
Q9BXM0	701	V	M	G7NNM6
Q9BXM0	701	V	M	G7NNM6
Q9BXM0	701	V	M	G7NNM6
Q9BXM0	701	V	M	G7NNM6
Q9BXM0	832	V	L	G7NNM6
Q9BXM0	832	V	L	G7NNM6
Q9BXM0	882	V	A	G7NNM6
Q9BXM0	882	V	A	G7NNM6
Q9BXM0	882	V	A	G7NNM6
Q9BXM0	882	V	A	G7NNM6
Q9BXM0	882	V	A	G7NNM6
Q9BXM0	882	V	A	G7NNM6
Q9BXM0	882	V	A	G7NNM6
Q9BXM0	921	I	M	G7NNM6
Q9BXM0	921	I	M	G7NNM6
Q9BXM0	921	I	M	G7NNM6
Q9BXM0	921	I	M	G7NNM6
Q9BXM0	921	I	M	G7NNM6
Q9BXM0	921	I	M	G7NNM6
Q9BXM0	1073	E	G	G7NNM6
Q9BXM0	1073	E	G	G7NNM6
Q9BXM0	1073	E	G	G7NNM6
Q9BXM0	1073	E	G	G7NNM6
Q9BXM0	1073	E	G	G7NNM6
Q9BXM0	1073	E	G	G7NNM6
Q9BXM0	1083	P	R	G7NNM6
Q9BXM0	1083	P	R	G7NNM6
Q9BXM0	1132	G	R	G7NNM6
Q9BXM0	1132	G	R	G7NNM6
Q9BXM0	1132	G	R	G7NNM6
Q9BXM0	1132	G	R	G7NNM6
Q9BXM0	1132	G	R	G7NNM6
Q9BXM0	1132	G	R	G7NNM6
Q9BXM0	1132	G	R	G7NNM6
Q9BXM0	1286	G	S	G7NNM6
Q9BXM0	1286	G	S	G7NNM6
Q9BXM0	1286	G	S	G7NNM6
Q9BXM0	1286	G	S	G7NNM6
Q9BXM9	121	N	S	W5MHW8
Q9BXN6	17	D	E	Q9NS25
Q9BXN6	21	A	V	Q9NS25
Q9BXN6	24	M	T	Q9NS25
Q9BXN6	68	V	L	Q9NS25
Q9BXN6	74	K	E	Q9NS25
Q9BXN6	80	L	V	Q9NS25
Q9BXN6	80	L	H	Q9NS25
Q9BXS4	46	A	V	G1SUJ2
Q9BXS9	206	V	M	A0A2Y9N7D6
Q9BXS9	637	D	N	A0A2Y9N7D6
Q9BXT8	346	K	N	U3I8C3
Q9BXT8	350	M	V	U3I8C3
Q9BXT8	350	M	V	U3I8C3
Q9BXT8	367	N	S	U3I8C3
Q9BXT8	367	N	S	U3I8C3
Q9BXT8	382	V	I	U3I8C3
Q9BXT8	382	V	I	U3I8C3
Q9BXT8	501	S	G	U3I8C3
Q9BXT8	501	S	G	U3I8C3
Q9BXT8	542	A	S	U3I8C3
Q9BXT8	542	A	S	U3I8C3
Q9BXT8	667	H	R	U3I8C3
Q9BXT8	1110	N	K	U3I8C3
Q9BXT8	1380	E	K	U3I8C3
Q9BXT8	1620	D	Y	U3I8C3
Q9BXT8	1620	D	Y	U3I8C3
Q9BXW7	33	R	C	F6XBN5
Q9BXW7	179	T	M	F6XBN5
Q9BXW7	232	V	I	F6XBN5
Q9BXW7	232	V	I	F6XBN5
Q9BXW7	369	R	S	F6XBN5
Q9BXW7	369	R	S	F6XBN5
Q9BXW7	416	R	C	F6XBN5
Q9BXW7	416	R	C	F6XBN5
Q9BXX0	136	P	S	A0A1U7V5G1
Q9BXX0	136	P	S	A0A1U7V5G1
Q9BXX0	215	A	T	A0A1U7V5G1
Q9BXX0	215	A	T	A0A1U7V5G1
Q9BXX0	224	R	Q	A0A1U7V5G1
Q9BXX0	243	T	K	A0A1U7V5G1
Q9BXX0	243	T	K	A0A1U7V5G1
Q9BXX0	259	M	V	A0A1U7V5G1
Q9BXX0	259	M	V	A0A1U7V5G1
Q9BXX0	893	P	L	A0A1U7V5G1
Q9BXX0	893	P	L	A0A1U7V5G1
Q9BXX0	903	P	S	A0A1U7V5G1
Q9BY14	99	G	V	A0A2K6MRH9
Q9BY71	109	A	T	A0A1S3G1Y2
Q9BY76	266	T	M	A0A096N5Y2
Q9BY76	278	R	Q	A0A096N5Y2
Q9BY76	278	R	Q	A0A096N5Y2
Q9BY76	266	T	M	A0A096N5Y2
Q9BY76	278	R	Q	A0A096N5Y2
Q9BY76	278	R	Q	A0A096N5Y2
Q9BYM8	249	Q	R	G3VSL8
Q9BYM8	249	Q	R	G3VSL8
Q9BYR9	10	L	F	G1PA38
Q9BYR9	59	R	C	G1PA38
Q9BYW3	51	M	T	G1REI4
Q9BYX2	241	P	T	A0A2R5LA93
Q9BYX2	253	L	S	A0A2R5LA93
Q9BYX2	261	G	V	A0A2R5LA93
Q9BYX2	387	A	V	A0A2R5LA93
Q9BYX2	387	A	V	A0A2R5LA93
Q9BYX2	425	V	A	A0A2R5LA93
Q9BYX2	425	V	A	A0A2R5LA93
Q9BYX2	499	L	R	A0A2R5LA93
Q9BYX2	499	L	R	A0A2R5LA93
Q9BYX2	850	R	C	A0A2R5LA93
Q9BYX2	850	R	C	A0A2R5LA93
Q9BYX2	894	R	Q	A0A2R5LA93
Q9BYX2	894	R	Q	A0A2R5LA93
Q9BYX2	910	R	W	A0A2R5LA93
Q9BYX2	910	R	W	A0A2R5LA93
Q9BYX2	916	E	K	A0A2R5LA93
Q9BYX2	916	E	K	A0A2R5LA93
Q9BZJ0	35	G	R	G1T9K0
Q9BZJ0	682	V	I	G1T9K0
Q9BZR8	22	I	T	A0A2K6DRI2
Q9BZR8	292	R	W	A0A2K6DRI2
Q9BZR8	306	S	L	A0A2K6DRI2
Q9BZR8	22	I	T	A0A2K6DRI2
Q9BZR8	292	R	W	A0A2K6DRI2
Q9BZR8	306	S	L	A0A2K6DRI2
Q9BZR8	22	I	T	A0A2K6DRI2
Q9BZR8	292	R	W	A0A2K6DRI2
Q9BZR8	306	S	L	A0A2K6DRI2
Q9C004	9	A	T	A0A091CP76
Q9C004	9	A	T	A0A091CP76
Q9C004	30	R	W	A0A091CP76
Q9C004	30	R	W	A0A091CP76
Q9C004	82	D	N	A0A091CP76
Q9C004	186	C	Y	A0A091CP76
Q9C004	186	C	Y	A0A091CP76
Q9C091	444	G	S	H3CSS3
Q9C091	793	S	P	H3CSS3
Q9C091	793	S	P	H3CSS3
Q9C091	964	S	L	H3CSS3
Q9C091	964	S	L	H3CSS3
Q9C091	1223	G	V	H3CSS3
Q9C091	1292	R	Q	H3CSS3
Q9C091	444	G	S	H3CSS3
Q9C091	793	S	P	H3CSS3
Q9C091	793	S	P	H3CSS3
Q9C091	964	S	L	H3CSS3
Q9C091	964	S	L	H3CSS3
Q9C091	1223	G	V	H3CSS3
Q9C091	1292	R	Q	H3CSS3
Q9C0D9	338	V	A	W5UEW6
Q9C0D9	338	V	A	W5UEW6
Q9C0I4	353	R	H	A0A1W5AAU9
Q9C0I4	418	E	K	A0A1W5AAU9
Q9C0I4	503	D	E	A0A1W5AAU9
Q9C0I4	512	T	M	A0A1W5AAU9
Q9C0I4	579	S	L	A0A1W5AAU9
Q9C0I4	709	H	Y	A0A1W5AAU9
Q9C0I4	1501	K	R	A0A1W5AAU9
Q9C0J8	839	P	A	A0A1W4Z3P4
Q9GZM5	5	A	V	V8P9C2
Q9GZV7	139	V	L	A0A218UMW8
Q9GZV7	139	V	L	A0A218UMW8
Q9GZZ6	77	T	N	F7D6N1
Q9GZZ6	347	G	S	F7D6N1
Q9GZZ6	355	E	A	F7D6N1
Q9H009	9	V	F	A0A2K5SHY3
Q9H009	64	V	I	A0A2K5SHY3
Q9H009	174	T	R	A0A2K5SHY3
Q9H019	31	N	S	H2T598
Q9H019	58	P	S	H2T598
Q9H019	31	N	S	H2T598
Q9H019	58	P	S	H2T598
Q9H019	31	N	S	H2T598
Q9H019	58	P	S	H2T598
Q9H061	52	S	G	A0A2I2U3D7
Q9H061	52	S	G	A0A2I2U3D7
Q9H061	52	S	G	A0A2I2U3D7
Q9H061	52	S	G	A0A2I2U3D7
Q9H061	64	R	H	A0A2I2U3D7
Q9H061	64	R	H	A0A2I2U3D7
Q9H061	64	R	H	A0A2I2U3D7
Q9H061	64	R	H	A0A2I2U3D7
Q9H061	188	S	T	A0A2I2U3D7
Q9H061	188	S	T	A0A2I2U3D7
Q9H061	188	S	T	A0A2I2U3D7
Q9H061	188	S	T	A0A2I2U3D7
Q9H082	226	T	M	A0A2U3Y343
Q9H082	226	T	M	A0A2U3Y343
Q9H082	226	T	M	A0A2U3Y343
Q9H0C1	316	F	L	K1PK64
Q9H0C1	355	S	I	K1PK64
Q9H0F6	17	S	F	K7DSJ3
Q9H0F6	147	P	S	K7DSJ3
Q9H0F6	282	S	T	K7DSJ3
Q9H0F6	294	P	S	K7DSJ3
Q9H0F6	294	P	S	K7DSJ3
Q9H0F6	365	R	H	K7DSJ3
Q9H0F6	365	R	H	K7DSJ3
Q9H0F7	148	C	G	L5JV56
Q9H0F7	148	C	G	L5JV56
Q9H0F7	161	A	S	L5JV56
Q9H0F7	148	C	G	L5JV56
Q9H0F7	148	C	G	L5JV56
Q9H0F7	161	A	S	L5JV56
Q9H0F7	148	C	G	L5JV56
Q9H0F7	148	C	G	L5JV56
Q9H0F7	161	A	S	L5JV56
Q9H0F7	148	C	G	L5JV56
Q9H0F7	148	C	G	L5JV56
Q9H0F7	161	A	S	L5JV56
Q9H0T7	19	V	A	A0A093QFN7
Q9H0T7	184	S	G	A0A093QFN7
Q9H0T7	191	L	P	A0A093QFN7
Q9H0V1	23	V	I	W5LNZ1
Q9H0V1	23	V	I	W5LNZ1
Q9H0V1	23	V	I	W5LNZ1
Q9H0V1	23	V	I	W5LNZ1
Q9H0W7	170	T	M	K7G2G8
Q9H1P6	99	I	V	A0A2I3SWI8
Q9H2B2	142	S	N	S9WAE2
Q9H2B2	165	F	Y	S9WAE2
Q9H2B2	165	F	Y	S9WAE2
Q9H2B2	169	A	T	S9WAE2
Q9H2B2	169	A	T	S9WAE2
Q9H2C0	269	R	Q	F6WU31
Q9H2C0	269	R	Q	F6WU31
Q9H2C0	269	R	Q	F6WU31
Q9H2C2	22	T	S	A0A1U7T7X1
Q9H2C2	22	T	S	A0A1U7T7X1
Q9H2C2	22	T	S	A0A1U7T7X1
Q9H2C2	25	A	S	A0A1U7T7X1
Q9H2C2	25	A	S	A0A1U7T7X1
Q9H2C2	32	Y	H	A0A1U7T7X1
Q9H2C2	32	Y	H	A0A1U7T7X1
Q9H2C2	101	G	E	A0A1U7T7X1
Q9H2C2	101	G	E	A0A1U7T7X1
Q9H2E6	538	E	G	H3BX77
Q9H2E6	538	E	G	H3BX77
Q9H2E6	559	R	H	H3BX77
Q9H2E6	795	G	S	H3BX77
Q9H2E6	891	P	L	H3BX77
Q9H2E6	891	P	L	H3BX77
Q9H2E6	931	A	P	H3BX77
Q9H2E6	931	A	P	H3BX77
Q9H2E6	970	Q	P	H3BX77
Q9H2E6	970	Q	P	H3BX77
Q9H2E6	538	E	G	H3BX77
Q9H2E6	538	E	G	H3BX77
Q9H2E6	559	R	H	H3BX77
Q9H2E6	795	G	S	H3BX77
Q9H2E6	891	P	L	H3BX77
Q9H2E6	891	P	L	H3BX77
Q9H2E6	931	A	P	H3BX77
Q9H2E6	931	A	P	H3BX77
Q9H2E6	970	Q	P	H3BX77
Q9H2E6	970	Q	P	H3BX77
Q9H2F9	85	C	Y	A0A1U7T9K3
Q9H2F9	151	D	G	A0A1U7T9K3
Q9H2F9	249	V	A	A0A1U7T9K3
Q9H2F9	85	C	Y	A0A1U7T9K3
Q9H2F9	151	D	G	A0A1U7T9K3
Q9H2F9	249	V	A	A0A1U7T9K3
Q9H2F9	85	C	Y	A0A1U7T9K3
Q9H2F9	151	D	G	A0A1U7T9K3
Q9H2F9	249	V	A	A0A1U7T9K3
Q9H2G4	498	S	T	K9ITK2
Q9H2G4	498	S	T	K9ITK2
Q9H2K0	138	Q	R	G3GWI6
Q9H2K0	138	Q	R	G3GWI6
Q9H2K0	243	F	L	G3GWI6
Q9H2K0	138	Q	R	G3GWI6
Q9H2K0	138	Q	R	G3GWI6
Q9H2K0	243	F	L	G3GWI6
Q9H2K0	138	Q	R	G3GWI6
Q9H2K0	138	Q	R	G3GWI6
Q9H2K0	243	F	L	G3GWI6
Q9H2S5	135	S	P	M3Y816
Q9H2S5	177	A	T	M3Y816
Q9H2S5	192	P	A	M3Y816
Q9H2S5	195	G	C	M3Y816
Q9H2S5	200	D	N	M3Y816
Q9H2S5	236	A	E	M3Y816
Q9H2S5	270	E	G	M3Y816
Q9H2S5	135	S	P	M3Y816
Q9H2S5	177	A	T	M3Y816
Q9H2S5	192	P	A	M3Y816
Q9H2S5	195	G	C	M3Y816
Q9H2S5	200	D	N	M3Y816
Q9H2S5	236	A	E	M3Y816
Q9H2U9	244	V	M	M3WI75
Q9H2U9	453	I	T	M3WI75
Q9H2U9	638	N	H	M3WI75
Q9H2U9	735	L	P	M3WI75
Q9H300	262	V	L	A0A2R8MV14
Q9H306	22	R	W	D3YV89
Q9H306	24	T	M	D3YV89
Q9H306	30	M	V	D3YV89
Q9H306	77	K	R	D3YV89
Q9H306	266	E	V	D3YV89
Q9H306	447	D	N	D3YV89
Q9H361	114	A	T	A0A2J7QKS7
Q9H361	144	H	R	A0A2J7QKS7
Q9H361	147	T	I	A0A2J7QKS7
Q9H361	148	H	Q	A0A2J7QKS7
Q9H361	154	A	G	A0A2J7QKS7
Q9H361	156	K	R	A0A2J7QKS7
Q9H361	172	Q	R	A0A2J7QKS7
Q9H361	178	E	K	A0A2J7QKS7
Q9H361	181	A	T	A0A2J7QKS7
Q9H361	191	P	T	A0A2J7QKS7
Q9H361	195	I	V	A0A2J7QKS7
Q9H361	206	R	H	A0A2J7QKS7
Q9H361	207	L	F	A0A2J7QKS7
Q9H361	218	L	V	A0A2J7QKS7
Q9H361	227	S	G	A0A2J7QKS7
Q9H361	231	K	E	A0A2J7QKS7
Q9H361	251	M	I	A0A2J7QKS7
Q9H361	278	R	C	A0A2J7QKS7
Q9H361	279	T	K	A0A2J7QKS7
Q9H361	287	R	G	A0A2J7QKS7
Q9H361	293	V	G	A0A2J7QKS7
Q9H361	312	K	R	A0A2J7QKS7
Q9H361	313	A	V	A0A2J7QKS7
Q9H361	319	T	I	A0A2J7QKS7
Q9H361	365	V	L	A0A2J7QKS7
Q9H361	372	E	G	A0A2J7QKS7
Q9H361	374	R	C	A0A2J7QKS7
Q9H361	377	Y	H	A0A2J7QKS7
Q9H361	381	E	Q	A0A2J7QKS7
Q9H361	444	K	M	A0A2J7QKS7
Q9H361	446	S	G	A0A2J7QKS7
Q9H361	448	I	T	A0A2J7QKS7
Q9H361	451	G	A	A0A2J7QKS7
Q9H361	455	V	L	A0A2J7QKS7
Q9H361	455	V	A	A0A2J7QKS7
Q9H361	469	R	Q	A0A2J7QKS7
Q9H361	475	R	C	A0A2J7QKS7
Q9H361	600	S	Y	A0A2J7QKS7
Q9H3G5	5	M	T	A0A091DMN8
Q9H3G5	5	M	T	A0A091DMN8
Q9H3G5	11	S	L	A0A091DMN8
Q9H3G5	25	R	H	A0A091DMN8
Q9H3G5	71	M	V	A0A091DMN8
Q9H3G5	168	Y	H	A0A091DMN8
Q9H3G5	398	R	H	A0A091DMN8
Q9H3G5	435	A	V	A0A091DMN8
Q9H3G5	464	R	Q	A0A091DMN8
Q9H3G5	464	R	Q	A0A091DMN8
Q9H3G5	5	M	T	A0A091DMN8
Q9H3G5	5	M	T	A0A091DMN8
Q9H3G5	11	S	L	A0A091DMN8
Q9H3G5	25	R	H	A0A091DMN8
Q9H3G5	71	M	V	A0A091DMN8
Q9H3G5	168	Y	H	A0A091DMN8
Q9H3G5	398	R	H	A0A091DMN8
Q9H3G5	435	A	V	A0A091DMN8
Q9H3G5	464	R	Q	A0A091DMN8
Q9H3G5	464	R	Q	A0A091DMN8
Q9H3G5	5	M	T	A0A091DMN8
Q9H3G5	5	M	T	A0A091DMN8
Q9H3G5	11	S	L	A0A091DMN8
Q9H3G5	25	R	H	A0A091DMN8
Q9H3G5	71	M	V	A0A091DMN8
Q9H3G5	168	Y	H	A0A091DMN8
Q9H3G5	398	R	H	A0A091DMN8
Q9H3G5	435	A	V	A0A091DMN8
Q9H3G5	464	R	Q	A0A091DMN8
Q9H3G5	464	R	Q	A0A091DMN8
Q9H3Q3	4	M	L	W5Q836
Q9H3Q3	164	A	V	W5Q836
Q9H3Q3	325	G	S	W5Q836
Q9H3S3	46	R	Q	L9KMT3
Q9H3S3	46	R	Q	L9KMT3
Q9H3S3	47	R	C	L9KMT3
Q9H3S3	125	V	M	L9KMT3
Q9H3S3	125	V	M	L9KMT3
Q9H3S3	198	S	T	L9KMT3
Q9H3S3	198	S	T	L9KMT3
Q9H3S3	201	V	I	L9KMT3
Q9H3S3	201	V	I	L9KMT3
Q9H3S3	211	A	V	L9KMT3
Q9H3S3	211	A	V	L9KMT3
Q9H3S3	242	T	M	L9KMT3
Q9H3S3	242	T	M	L9KMT3
Q9H3S3	245	G	S	L9KMT3
Q9H3S3	245	G	S	L9KMT3
Q9H3S3	251	R	C	L9KMT3
Q9H3S3	251	R	C	L9KMT3
Q9H3S3	326	A	S	L9KMT3
Q9H3S3	326	A	S	L9KMT3
Q9H3S3	369	F	L	L9KMT3
Q9H3S3	369	F	L	L9KMT3
Q9H3S3	387	R	C	L9KMT3
Q9H3S3	391	A	S	L9KMT3
Q9H3S3	397	R	K	L9KMT3
Q9H3S3	397	R	K	L9KMT3
Q9H400	83	R	W	A0A2Y9G2G5
Q9H400	211	P	L	A0A2Y9G2G5
Q9H4E7	106	D	H	A0A2K6E656
Q9H4E7	202	L	V	A0A2K6E656
Q9H4E7	261	P	L	A0A2K6E656
Q9H4E7	287	N	H	A0A2K6E656
Q9H4E7	287	N	T	A0A2K6E656
Q9H4E7	578	R	H	A0A2K6E656
Q9H4E7	578	R	H	A0A2K6E656
Q9H4E7	618	S	F	A0A2K6E656
Q9H4E7	621	Q	P	A0A2K6E656
Q9H4E7	621	Q	P	A0A2K6E656
Q9H4L7	138	M	V	L5LY36
Q9H4L7	138	M	V	L5LY36
Q9H4L7	247	S	N	L5LY36
Q9H4L7	301	V	A	L5LY36
Q9H4L7	351	P	S	L5LY36
Q9H4L7	351	P	S	L5LY36
Q9H4L7	733	P	A	L5LY36
Q9H4L7	733	P	A	L5LY36
Q9H4M7	20	S	Y	G1SFK2
Q9H4M7	37	I	V	G1SFK2
Q9H4M7	533	P	R	G1SFK2
Q9H4M7	597	R	Q	G1SFK2
Q9H4M7	714	T	A	G1SFK2
Q9H4M7	742	G	V	G1SFK2
Q9H5K3	48	S	P	A0A099Z2Q9
Q9H5K3	48	S	P	A0A099Z2Q9
Q9H5K3	48	S	P	A0A099Z2Q9
Q9H5K3	296	I	V	A0A099Z2Q9
Q9H5K3	296	I	V	A0A099Z2Q9
Q9H5K3	296	I	V	A0A099Z2Q9
Q9H5K3	301	M	T	A0A099Z2Q9
Q9H5K3	301	M	T	A0A099Z2Q9
Q9H5K3	301	M	T	A0A099Z2Q9
Q9H5K3	301	M	T	A0A099Z2Q9
Q9H5K3	336	D	N	A0A099Z2Q9
Q9H5K3	336	D	N	A0A099Z2Q9
Q9H5K3	336	D	N	A0A099Z2Q9
Q9H5K3	336	D	N	A0A099Z2Q9
Q9H5K3	338	L	R	A0A099Z2Q9
Q9H5K3	338	L	R	A0A099Z2Q9
Q9H5K3	338	L	R	A0A099Z2Q9
Q9H5K3	48	S	P	A0A099Z2Q9
Q9H5K3	48	S	P	A0A099Z2Q9
Q9H5K3	48	S	P	A0A099Z2Q9
Q9H5K3	296	I	V	A0A099Z2Q9
Q9H5K3	296	I	V	A0A099Z2Q9
Q9H5K3	296	I	V	A0A099Z2Q9
Q9H5K3	301	M	T	A0A099Z2Q9
Q9H5K3	301	M	T	A0A099Z2Q9
Q9H5K3	301	M	T	A0A099Z2Q9
Q9H5K3	301	M	T	A0A099Z2Q9
Q9H5K3	336	D	N	A0A099Z2Q9
Q9H5K3	336	D	N	A0A099Z2Q9
Q9H5K3	336	D	N	A0A099Z2Q9
Q9H5K3	336	D	N	A0A099Z2Q9
Q9H5K3	338	L	R	A0A099Z2Q9
Q9H5K3	338	L	R	A0A099Z2Q9
Q9H5K3	338	L	R	A0A099Z2Q9
Q9H5Z1	189	I	T	A0A0L0VY49
Q9H5Z1	703	P	L	A0A0L0VY49
Q9H649	251	I	V	A0A061I1Q8
Q9H6F5	153	Q	H	A0A2Y9GMX8
Q9H6R3	163	H	Y	A0A2U3WFE9
Q9H6X2	7	R	K	A0A2Y9FNX1
Q9H6X2	518	A	V	A0A2Y9FNX1
Q9H6X2	518	A	V	A0A2Y9FNX1
Q9H6X5	519	S	L	G3T333
Q9H792	792	S	I	A0A1S3EVE0
Q9H792	1071	R	K	A0A1S3EVE0
Q9H792	1408	P	Q	A0A1S3EVE0
Q9H792	1542	S	T	A0A1S3EVE0
Q9H792	792	S	I	A0A1S3EVE0
Q9H792	1071	R	K	A0A1S3EVE0
Q9H792	1408	P	Q	A0A1S3EVE0
Q9H792	1542	S	T	A0A1S3EVE0
Q9H792	792	S	I	A0A1S3EVE0
Q9H792	1071	R	K	A0A1S3EVE0
Q9H792	1408	P	Q	A0A1S3EVE0
Q9H792	1542	S	T	A0A1S3EVE0
Q9H7B4	13	K	N	C3Z9H1
Q9H7H0	289	G	A	A0A0R4IJY0
Q9H898	201	T	A	M3Y383
Q9H8G2	233	V	M	A0A2Y9L9S8
Q9H8T0	235	A	T	A0A226N9I2
Q9H8T0	235	A	T	A0A226N9I2
Q9H8T0	235	A	T	A0A226N9I2
Q9H8T0	235	A	T	A0A226N9I2
Q9H8Y8	415	T	M	L5LQB9
Q9H8Y8	415	T	M	L5LQB9
Q9H8Y8	432	S	F	L5LQB9
Q9H936	45	V	M	V9L2Z8
Q9H936	45	V	M	V9L2Z8
Q9H936	57	V	I	V9L2Z8
Q9H936	57	V	I	V9L2Z8
Q9H936	57	V	I	V9L2Z8
Q9H936	57	V	I	V9L2Z8
Q9H936	57	V	I	V9L2Z8
Q9H936	150	L	V	V9L2Z8
Q9H936	150	L	V	V9L2Z8
Q9H936	150	L	V	V9L2Z8
Q9H936	150	L	V	V9L2Z8
Q9H936	150	L	V	V9L2Z8
Q9H936	150	L	V	V9L2Z8
Q9H936	45	V	M	V9L2Z8
Q9H936	45	V	M	V9L2Z8
Q9H936	57	V	I	V9L2Z8
Q9H936	57	V	I	V9L2Z8
Q9H936	57	V	I	V9L2Z8
Q9H936	57	V	I	V9L2Z8
Q9H936	57	V	I	V9L2Z8
Q9H936	150	L	V	V9L2Z8
Q9H936	150	L	V	V9L2Z8
Q9H936	150	L	V	V9L2Z8
Q9H936	150	L	V	V9L2Z8
Q9H936	150	L	V	V9L2Z8
Q9H936	150	L	V	V9L2Z8
Q9H936	45	V	M	V9L2Z8
Q9H936	45	V	M	V9L2Z8
Q9H936	57	V	I	V9L2Z8
Q9H936	57	V	I	V9L2Z8
Q9H936	57	V	I	V9L2Z8
Q9H936	57	V	I	V9L2Z8
Q9H936	57	V	I	V9L2Z8
Q9H936	150	L	V	V9L2Z8
Q9H936	150	L	V	V9L2Z8
Q9H936	150	L	V	V9L2Z8
Q9H936	150	L	V	V9L2Z8
Q9H936	150	L	V	V9L2Z8
Q9H936	150	L	V	V9L2Z8
Q9H972	190	A	V	F7HFD6
Q9H972	190	A	V	F7HFD6
Q9H972	190	A	V	F7HFD6
Q9H9A5	348	T	S	F6V3V4
Q9H9A6	388	P	S	A0A093HAI3
Q9H9A6	388	P	S	A0A093HAI3
Q9H9A6	500	I	V	A0A093HAI3
Q9H9K5	7	Y	C	A0A2I2YPB3
Q9H9K5	513	R	C	A0A2I2YPB3
Q9H9K5	7	Y	C	A0A2I2YPB3
Q9H9K5	513	R	C	A0A2I2YPB3
Q9H9L3	130	N	S	A0A226NRU2
Q9H9L3	130	N	S	A0A226NRU2
Q9H9Y6	295	S	L	A0A060W1T4
Q9HA92	119	A	T	A0A2Y9LXM4
Q9HA92	126	L	S	A0A2Y9LXM4
Q9HA92	354	E	Q	A0A2Y9LXM4
Q9HAI6	75	H	N	W5NMP6
Q9HAK2	559	G	S	A0A1A8FG46
Q9HAP2	373	L	I	I3LZ59
Q9HAP2	396	E	G	I3LZ59
Q9HAP2	414	D	N	I3LZ59
Q9HAP2	481	P	L	I3LZ59
Q9HAP2	539	V	L	I3LZ59
Q9HAP2	737	M	V	I3LZ59
Q9HAP2	396	E	G	I3LZ59
Q9HAP2	396	E	G	I3LZ59
Q9HAP2	539	V	L	I3LZ59
Q9HAP2	539	V	L	I3LZ59
Q9HAP2	396	E	G	I3LZ59
Q9HAP2	396	E	G	I3LZ59
Q9HAP2	539	V	L	I3LZ59
Q9HAP2	539	V	L	I3LZ59
Q9HAQ2	638	R	W	F6TSW9
Q9HAQ2	638	R	W	F6TSW9
Q9HAQ2	638	R	W	F6TSW9
Q9HAV0	87	T	A	A0A1E3QFC9
Q9HAV0	123	I	V	A0A1E3QFC9
Q9HAV0	223	T	M	A0A1E3QFC9
Q9HAV0	223	T	M	A0A1E3QFC9
Q9HAV0	223	T	M	A0A1E3QFC9
Q9HAV0	223	T	M	A0A1E3QFC9
Q9HAV0	233	S	G	A0A1E3QFC9
Q9HAV0	233	S	G	A0A1E3QFC9
Q9HAV0	233	S	G	A0A1E3QFC9
Q9HAV0	268	N	S	A0A1E3QFC9
Q9HAV0	299	T	M	A0A1E3QFC9
Q9HAV0	299	T	M	A0A1E3QFC9
Q9HAV0	320	V	I	A0A1E3QFC9
Q9HAV0	320	V	I	A0A1E3QFC9
Q9HAV0	320	V	I	A0A1E3QFC9
Q9HAV0	87	T	A	A0A1E3QFC9
Q9HAV0	123	I	V	A0A1E3QFC9
Q9HAV0	223	T	M	A0A1E3QFC9
Q9HAV0	223	T	M	A0A1E3QFC9
Q9HAV0	223	T	M	A0A1E3QFC9
Q9HAV0	223	T	M	A0A1E3QFC9
Q9HAV0	233	S	G	A0A1E3QFC9
Q9HAV0	233	S	G	A0A1E3QFC9
Q9HAV0	233	S	G	A0A1E3QFC9
Q9HAV0	268	N	S	A0A1E3QFC9
Q9HAV0	299	T	M	A0A1E3QFC9
Q9HAV0	299	T	M	A0A1E3QFC9
Q9HAV0	320	V	I	A0A1E3QFC9
Q9HAV0	320	V	I	A0A1E3QFC9
Q9HAV0	320	V	I	A0A1E3QFC9
Q9HAV0	87	T	A	A0A1E3QFC9
Q9HAV0	123	I	V	A0A1E3QFC9
Q9HAV0	223	T	M	A0A1E3QFC9
Q9HAV0	223	T	M	A0A1E3QFC9
Q9HAV0	223	T	M	A0A1E3QFC9
Q9HAV0	223	T	M	A0A1E3QFC9
Q9HAV0	233	S	G	A0A1E3QFC9
Q9HAV0	233	S	G	A0A1E3QFC9
Q9HAV0	233	S	G	A0A1E3QFC9
Q9HAV0	268	N	S	A0A1E3QFC9
Q9HAV0	299	T	M	A0A1E3QFC9
Q9HAV0	299	T	M	A0A1E3QFC9
Q9HAV0	320	V	I	A0A1E3QFC9
Q9HAV0	320	V	I	A0A1E3QFC9
Q9HAV0	320	V	I	A0A1E3QFC9
Q9HAV5	8	Y	H	A0A096MJP5
Q9HAV5	57	R	K	A0A096MJP5
Q9HAV5	112	P	S	A0A096MJP5
Q9HAV5	112	P	S	A0A096MJP5
Q9HAV5	112	P	S	A0A096MJP5
Q9HAV5	129	T	A	A0A096MJP5
Q9HAV5	8	Y	H	A0A096MJP5
Q9HAV5	57	R	K	A0A096MJP5
Q9HAV5	112	P	S	A0A096MJP5
Q9HAV5	112	P	S	A0A096MJP5
Q9HAV5	112	P	S	A0A096MJP5
Q9HAV5	129	T	A	A0A096MJP5
Q9HB07	4	Q	H	A0A2K6L4L3
Q9HB07	4	Q	R	A0A2K6L4L3
Q9HB07	349	T	I	A0A2K6L4L3
Q9HB07	353	H	R	A0A2K6L4L3
Q9HBE5	7	A	T	G1P3X4
Q9HBE5	7	A	T	G1P3X4
Q9HBE5	139	R	C	G1P3X4
Q9HBE5	139	R	C	G1P3X4
Q9HBE5	191	R	C	G1P3X4
Q9HBE5	191	R	C	G1P3X4
Q9HBE5	318	S	R	G1P3X4
Q9HBE5	318	S	R	G1P3X4
Q9HBE5	478	A	V	G1P3X4
Q9HBE5	484	G	S	G1P3X4
Q9HBE5	484	G	S	G1P3X4
Q9HBE5	7	A	T	G1P3X4
Q9HBE5	7	A	T	G1P3X4
Q9HBE5	139	R	C	G1P3X4
Q9HBE5	139	R	C	G1P3X4
Q9HBE5	191	R	C	G1P3X4
Q9HBE5	191	R	C	G1P3X4
Q9HBE5	318	S	R	G1P3X4
Q9HBE5	318	S	R	G1P3X4
Q9HBE5	478	A	V	G1P3X4
Q9HBE5	484	G	S	G1P3X4
Q9HBE5	484	G	S	G1P3X4
Q9HBE5	7	A	T	G1P3X4
Q9HBE5	7	A	T	G1P3X4
Q9HBE5	139	R	C	G1P3X4
Q9HBE5	139	R	C	G1P3X4
Q9HBE5	191	R	C	G1P3X4
Q9HBE5	191	R	C	G1P3X4
Q9HBE5	318	S	R	G1P3X4
Q9HBE5	318	S	R	G1P3X4
Q9HBE5	478	A	V	G1P3X4
Q9HBE5	484	G	S	G1P3X4
Q9HBE5	484	G	S	G1P3X4
Q9HBG4	2	V	A	A0A1S3PEW2
Q9HBG4	2	V	A	A0A1S3PEW2
Q9HBG4	2	V	A	A0A1S3PEW2
Q9HBG4	252	P	R	A0A1S3PEW2
Q9HBG4	252	P	R	A0A1S3PEW2
Q9HBG4	252	P	R	A0A1S3PEW2
Q9HBG4	345	L	I	A0A1S3PEW2
Q9HBG4	345	L	I	A0A1S3PEW2
Q9HBG4	345	L	I	A0A1S3PEW2
Q9HBG4	345	L	I	A0A1S3PEW2
Q9HBG4	500	S	G	A0A1S3PEW2
Q9HBG4	500	S	G	A0A1S3PEW2
Q9HBG4	500	S	G	A0A1S3PEW2
Q9HBG4	500	S	G	A0A1S3PEW2
Q9HBG4	580	M	T	A0A1S3PEW2
Q9HBG4	580	M	T	A0A1S3PEW2
Q9HBG4	580	M	T	A0A1S3PEW2
Q9HBG4	580	M	T	A0A1S3PEW2
Q9HBG4	580	M	T	A0A1S3PEW2
Q9HBG4	630	A	T	A0A1S3PEW2
Q9HBG4	630	A	T	A0A1S3PEW2
Q9HBG4	630	A	T	A0A1S3PEW2
Q9HBG4	630	A	T	A0A1S3PEW2
Q9HBG4	679	D	Y	A0A1S3PEW2
Q9HBG4	679	D	Y	A0A1S3PEW2
Q9HBG4	679	D	Y	A0A1S3PEW2
Q9HBG4	679	D	Y	A0A1S3PEW2
Q9HBG4	769	T	M	A0A1S3PEW2
Q9HBG4	769	T	M	A0A1S3PEW2
Q9HBG4	769	T	M	A0A1S3PEW2
Q9HBG4	776	V	I	A0A1S3PEW2
Q9HBG4	776	V	I	A0A1S3PEW2
Q9HBG4	2	V	A	A0A1S3PEW2
Q9HBG4	2	V	A	A0A1S3PEW2
Q9HBG4	2	V	A	A0A1S3PEW2
Q9HBG4	252	P	R	A0A1S3PEW2
Q9HBG4	252	P	R	A0A1S3PEW2
Q9HBG4	252	P	R	A0A1S3PEW2
Q9HBG4	345	L	I	A0A1S3PEW2
Q9HBG4	345	L	I	A0A1S3PEW2
Q9HBG4	345	L	I	A0A1S3PEW2
Q9HBG4	345	L	I	A0A1S3PEW2
Q9HBG4	500	S	G	A0A1S3PEW2
Q9HBG4	500	S	G	A0A1S3PEW2
Q9HBG4	500	S	G	A0A1S3PEW2
Q9HBG4	500	S	G	A0A1S3PEW2
Q9HBG4	580	M	T	A0A1S3PEW2
Q9HBG4	580	M	T	A0A1S3PEW2
Q9HBG4	580	M	T	A0A1S3PEW2
Q9HBG4	580	M	T	A0A1S3PEW2
Q9HBG4	580	M	T	A0A1S3PEW2
Q9HBG4	630	A	T	A0A1S3PEW2
Q9HBG4	630	A	T	A0A1S3PEW2
Q9HBG4	630	A	T	A0A1S3PEW2
Q9HBG4	630	A	T	A0A1S3PEW2
Q9HBG4	679	D	Y	A0A1S3PEW2
Q9HBG4	679	D	Y	A0A1S3PEW2
Q9HBG4	679	D	Y	A0A1S3PEW2
Q9HBG4	679	D	Y	A0A1S3PEW2
Q9HBG4	769	T	M	A0A1S3PEW2
Q9HBG4	769	T	M	A0A1S3PEW2
Q9HBG4	769	T	M	A0A1S3PEW2
Q9HBG4	776	V	I	A0A1S3PEW2
Q9HBG4	776	V	I	A0A1S3PEW2
Q9HBG4	2	V	A	A0A1S3PEW2
Q9HBG4	2	V	A	A0A1S3PEW2
Q9HBG4	2	V	A	A0A1S3PEW2
Q9HBG4	252	P	R	A0A1S3PEW2
Q9HBG4	252	P	R	A0A1S3PEW2
Q9HBG4	252	P	R	A0A1S3PEW2
Q9HBG4	345	L	I	A0A1S3PEW2
Q9HBG4	345	L	I	A0A1S3PEW2
Q9HBG4	345	L	I	A0A1S3PEW2
Q9HBG4	345	L	I	A0A1S3PEW2
Q9HBG4	500	S	G	A0A1S3PEW2
Q9HBG4	500	S	G	A0A1S3PEW2
Q9HBG4	500	S	G	A0A1S3PEW2
Q9HBG4	500	S	G	A0A1S3PEW2
Q9HBG4	580	M	T	A0A1S3PEW2
Q9HBG4	580	M	T	A0A1S3PEW2
Q9HBG4	580	M	T	A0A1S3PEW2
Q9HBG4	580	M	T	A0A1S3PEW2
Q9HBG4	580	M	T	A0A1S3PEW2
Q9HBG4	630	A	T	A0A1S3PEW2
Q9HBG4	630	A	T	A0A1S3PEW2
Q9HBG4	630	A	T	A0A1S3PEW2
Q9HBG4	630	A	T	A0A1S3PEW2
Q9HBG4	679	D	Y	A0A1S3PEW2
Q9HBG4	679	D	Y	A0A1S3PEW2
Q9HBG4	679	D	Y	A0A1S3PEW2
Q9HBG4	679	D	Y	A0A1S3PEW2
Q9HBG4	769	T	M	A0A1S3PEW2
Q9HBG4	769	T	M	A0A1S3PEW2
Q9HBG4	769	T	M	A0A1S3PEW2
Q9HBG4	776	V	I	A0A1S3PEW2
Q9HBG4	776	V	I	A0A1S3PEW2
Q9HBG4	2	V	A	A0A1S3PEW2
Q9HBG4	2	V	A	A0A1S3PEW2
Q9HBG4	2	V	A	A0A1S3PEW2
Q9HBG4	252	P	R	A0A1S3PEW2
Q9HBG4	252	P	R	A0A1S3PEW2
Q9HBG4	252	P	R	A0A1S3PEW2
Q9HBG4	345	L	I	A0A1S3PEW2
Q9HBG4	345	L	I	A0A1S3PEW2
Q9HBG4	345	L	I	A0A1S3PEW2
Q9HBG4	345	L	I	A0A1S3PEW2
Q9HBG4	500	S	G	A0A1S3PEW2
Q9HBG4	500	S	G	A0A1S3PEW2
Q9HBG4	500	S	G	A0A1S3PEW2
Q9HBG4	500	S	G	A0A1S3PEW2
Q9HBG4	580	M	T	A0A1S3PEW2
Q9HBG4	580	M	T	A0A1S3PEW2
Q9HBG4	580	M	T	A0A1S3PEW2
Q9HBG4	580	M	T	A0A1S3PEW2
Q9HBG4	580	M	T	A0A1S3PEW2
Q9HBG4	630	A	T	A0A1S3PEW2
Q9HBG4	630	A	T	A0A1S3PEW2
Q9HBG4	630	A	T	A0A1S3PEW2
Q9HBG4	630	A	T	A0A1S3PEW2
Q9HBG4	679	D	Y	A0A1S3PEW2
Q9HBG4	679	D	Y	A0A1S3PEW2
Q9HBG4	679	D	Y	A0A1S3PEW2
Q9HBG4	679	D	Y	A0A1S3PEW2
Q9HBG4	769	T	M	A0A1S3PEW2
Q9HBG4	769	T	M	A0A1S3PEW2
Q9HBG4	769	T	M	A0A1S3PEW2
Q9HBG4	776	V	I	A0A1S3PEW2
Q9HBG4	776	V	I	A0A1S3PEW2
Q9HBG7	196	P	T	A0A2Y9M8I3
Q9HBG7	196	P	T	A0A2Y9M8I3
Q9HBG7	468	V	I	A0A2Y9M8I3
Q9HBG7	602	M	V	A0A2Y9M8I3
Q9HBH1	11	W	R	H2NRC3
Q9HBH5	280	V	I	G7N9G1
Q9HBU1	48	A	T	G1S3S6
Q9HBX8	337	R	H	A0A2Y9G3T2
Q9HBX8	337	R	H	A0A2Y9G3T2
Q9HBX8	516	A	S	A0A2Y9G3T2
Q9HBX8	592	V	A	A0A2Y9G3T2
Q9HBX8	775	V	M	A0A2Y9G3T2
Q9HBX8	845	A	T	A0A2Y9G3T2
Q9HBX8	845	A	T	A0A2Y9G3T2
Q9HBZ2	306	G	S	G1U1R7
Q9HBZ2	306	G	S	G1U1R7
Q9HBZ2	450	V	A	G1U1R7
Q9HBZ2	450	V	A	G1U1R7
Q9HBZ2	569	Q	H	G1U1R7
Q9HBZ2	569	Q	H	G1U1R7
Q9HBZ2	679	G	S	G1U1R7
Q9HC38	280	A	S	A0A146PBB2
Q9HC38	281	A	E	A0A146PBB2
Q9HC62	238	N	D	A0A212CID7
Q9HC62	238	N	D	A0A212CID7
Q9HC62	301	T	K	A0A212CID7
Q9HCC0	180	R	Q	W8KTK2
Q9HCC0	180	R	Q	W8KTK2
Q9HCC0	480	N	S	W8KTK2
Q9HCC0	480	N	S	W8KTK2
Q9HCC0	480	N	S	W8KTK2
Q9HCC9	316	P	A	A0A1S3I6J5
Q9HCC9	316	P	A	A0A1S3I6J5
Q9HCC9	316	P	S	A0A1S3I6J5
Q9HCC9	457	D	E	A0A1S3I6J5
Q9HCC9	457	D	E	A0A1S3I6J5
Q9HCC9	603	S	N	A0A1S3I6J5
Q9HCC9	672	S	P	A0A1S3I6J5
Q9HCE0	35	S	N	M7BQE1
Q9HCE0	35	S	N	M7BQE1
Q9HCE0	35	S	N	M7BQE1
Q9HCE0	51	L	V	M7BQE1
Q9HCE0	51	L	V	M7BQE1
Q9HCE0	51	L	V	M7BQE1
Q9HCE0	182	K	E	M7BQE1
Q9HCE0	182	K	E	M7BQE1
Q9HCE0	182	K	E	M7BQE1
Q9HCE0	182	K	E	M7BQE1
Q9HCE0	196	G	S	M7BQE1
Q9HCE0	247	P	L	M7BQE1
Q9HCE0	247	P	L	M7BQE1
Q9HCE0	247	P	L	M7BQE1
Q9HCE0	267	S	L	M7BQE1
Q9HCE0	267	S	L	M7BQE1
Q9HCE0	267	S	L	M7BQE1
Q9HCE0	267	S	L	M7BQE1
Q9HCE0	350	R	C	M7BQE1
Q9HCE0	350	R	C	M7BQE1
Q9HCE0	424	S	N	M7BQE1
Q9HCE0	424	S	N	M7BQE1
Q9HCE0	424	S	N	M7BQE1
Q9HCE0	424	S	N	M7BQE1
Q9HCE0	537	E	K	M7BQE1
Q9HCE0	537	E	K	M7BQE1
Q9HCE0	589	Q	R	M7BQE1
Q9HCE0	745	A	T	M7BQE1
Q9HCE0	768	N	S	M7BQE1
Q9HCE0	768	N	S	M7BQE1
Q9HCE0	768	N	S	M7BQE1
Q9HCE0	792	E	K	M7BQE1
Q9HCE0	809	T	I	M7BQE1
Q9HCE0	809	T	I	M7BQE1
Q9HCE0	809	T	I	M7BQE1
Q9HCE0	844	E	D	M7BQE1
Q9HCE0	844	E	D	M7BQE1
Q9HCE0	844	E	D	M7BQE1
Q9HCE0	971	L	V	M7BQE1
Q9HCE0	971	L	V	M7BQE1
Q9HCE0	971	L	V	M7BQE1
Q9HCE0	1027	M	V	M7BQE1
Q9HCE0	1027	M	V	M7BQE1
Q9HCE0	1027	M	V	M7BQE1
Q9HCE0	1058	V	A	M7BQE1
Q9HCE0	1058	V	A	M7BQE1
Q9HCE0	1058	V	A	M7BQE1
Q9HCE0	1058	V	A	M7BQE1
Q9HCE0	1079	E	K	M7BQE1
Q9HCE0	1079	E	K	M7BQE1
Q9HCE0	1083	S	L	M7BQE1
Q9HCE0	1083	S	L	M7BQE1
Q9HCE0	1083	S	L	M7BQE1
Q9HCE0	1083	S	L	M7BQE1
Q9HCE0	1105	H	Y	M7BQE1
Q9HCE0	1105	H	Y	M7BQE1
Q9HCE0	1105	H	Y	M7BQE1
Q9HCE0	1131	I	V	M7BQE1
Q9HCE0	1131	I	V	M7BQE1
Q9HCE0	1165	I	V	M7BQE1
Q9HCE0	1165	I	V	M7BQE1
Q9HCE0	1203	R	Q	M7BQE1
Q9HCE0	1203	R	Q	M7BQE1
Q9HCE0	1501	R	Q	M7BQE1
Q9HCE0	1501	R	Q	M7BQE1
Q9HCE0	1511	A	V	M7BQE1
Q9HCE0	1511	A	V	M7BQE1
Q9HCE0	1511	A	V	M7BQE1
Q9HCE0	1514	P	L	M7BQE1
Q9HCE0	1514	P	L	M7BQE1
Q9HCE0	1515	T	M	M7BQE1
Q9HCE0	1515	T	M	M7BQE1
Q9HCE0	1515	T	M	M7BQE1
Q9HCE0	1528	L	F	M7BQE1
Q9HCE0	1528	L	F	M7BQE1
Q9HCE0	1601	T	M	M7BQE1
Q9HCE0	1601	T	M	M7BQE1
Q9HCE0	1631	A	T	M7BQE1
Q9HCE0	1631	A	T	M7BQE1
Q9HCE0	1758	N	S	M7BQE1
Q9HCE0	1758	N	S	M7BQE1
Q9HCE0	1770	D	N	M7BQE1
Q9HCE0	1770	D	N	M7BQE1
Q9HCE0	1770	D	N	M7BQE1
Q9HCE0	1862	A	T	M7BQE1
Q9HCE0	1862	A	T	M7BQE1
Q9HCE0	1864	S	N	M7BQE1
Q9HCE0	1864	S	N	M7BQE1
Q9HCE0	1864	S	N	M7BQE1
Q9HCE0	1873	E	V	M7BQE1
Q9HCE0	1873	E	V	M7BQE1
Q9HCE0	1985	R	Q	M7BQE1
Q9HCE0	1985	R	Q	M7BQE1
Q9HCE0	1985	R	Q	M7BQE1
Q9HCE0	2054	T	M	M7BQE1
Q9HCE0	2054	T	M	M7BQE1
Q9HCE0	2054	T	M	M7BQE1
Q9HCE0	2124	M	I	M7BQE1
Q9HCE0	2124	M	I	M7BQE1
Q9HCE0	2244	K	E	M7BQE1
Q9HCE0	2244	K	E	M7BQE1
Q9HCM1	59	I	V	D2H4K2
Q9HCM1	106	H	Q	D2H4K2
Q9HCM1	147	P	S	D2H4K2
Q9HCM1	147	P	S	D2H4K2
Q9HCM1	250	L	P	D2H4K2
Q9HCM1	309	R	Q	D2H4K2
Q9HCM1	346	S	N	D2H4K2
Q9HCM1	352	S	G	D2H4K2
Q9HCM1	433	S	T	D2H4K2
Q9HCM1	518	S	P	D2H4K2
Q9HCM1	811	T	A	D2H4K2
Q9HCM1	954	F	S	D2H4K2
Q9HCM1	1010	T	K	D2H4K2
Q9HCM1	1208	S	C	D2H4K2
Q9HCM1	1226	V	I	D2H4K2
Q9HCM1	1479	M	T	D2H4K2
Q9HCM1	1479	M	T	D2H4K2
Q9HCM3	135	P	H	A0A2Y9JXG8
Q9HCM3	135	P	H	A0A2Y9JXG8
Q9HCM3	154	D	E	A0A2Y9JXG8
Q9HCM3	193	M	V	A0A2Y9JXG8
Q9HCM3	220	A	P	A0A2Y9JXG8
Q9HCM3	220	A	P	A0A2Y9JXG8
Q9HCM3	231	T	I	A0A2Y9JXG8
Q9HCM3	231	T	I	A0A2Y9JXG8
Q9HCM3	237	R	L	A0A2Y9JXG8
Q9HCM3	237	R	L	A0A2Y9JXG8
Q9HCM3	286	R	W	A0A2Y9JXG8
Q9HCM3	286	R	W	A0A2Y9JXG8
Q9HCM3	292	P	L	A0A2Y9JXG8
Q9HCM3	292	P	L	A0A2Y9JXG8
Q9HCM3	311	P	S	A0A2Y9JXG8
Q9HCM3	320	D	N	A0A2Y9JXG8
Q9HCM3	320	D	N	A0A2Y9JXG8
Q9HCM3	364	T	A	A0A2Y9JXG8
Q9HCM3	375	T	A	A0A2Y9JXG8
Q9HCM3	375	T	A	A0A2Y9JXG8
Q9HCM3	379	S	C	A0A2Y9JXG8
Q9HCM3	379	S	C	A0A2Y9JXG8
Q9HCM3	401	G	S	A0A2Y9JXG8
Q9HCM3	411	P	L	A0A2Y9JXG8
Q9HCM3	467	V	I	A0A2Y9JXG8
Q9HCM3	467	V	I	A0A2Y9JXG8
Q9HCM3	486	P	A	A0A2Y9JXG8
Q9HCM3	551	S	C	A0A2Y9JXG8
Q9HCM3	551	S	C	A0A2Y9JXG8
Q9HCM3	590	T	M	A0A2Y9JXG8
Q9HCM3	590	T	M	A0A2Y9JXG8
Q9HCM3	601	S	L	A0A2Y9JXG8
Q9HCM3	601	S	L	A0A2Y9JXG8
Q9HCM3	608	R	C	A0A2Y9JXG8
Q9HCM3	608	R	C	A0A2Y9JXG8
Q9HCM3	608	R	L	A0A2Y9JXG8
Q9HCM3	608	R	L	A0A2Y9JXG8
Q9HCM3	617	R	G	A0A2Y9JXG8
Q9HCM3	642	S	L	A0A2Y9JXG8
Q9HCM3	647	S	C	A0A2Y9JXG8
Q9HCM3	652	P	L	A0A2Y9JXG8
Q9HCM3	702	L	Q	A0A2Y9JXG8
Q9HCM3	702	L	Q	A0A2Y9JXG8
Q9HCM3	772	P	S	A0A2Y9JXG8
Q9HCM3	796	T	M	A0A2Y9JXG8
Q9HCM3	796	T	M	A0A2Y9JXG8
Q9HCM3	842	A	V	A0A2Y9JXG8
Q9HCM3	842	A	V	A0A2Y9JXG8
Q9HCM3	849	S	L	A0A2Y9JXG8
Q9HCM3	889	G	V	A0A2Y9JXG8
Q9HCM3	889	G	V	A0A2Y9JXG8
Q9HCM3	881	T	M	A0A2Y9JXG8
Q9HCM3	881	T	M	A0A2Y9JXG8
Q9HCM3	889	G	V	A0A2Y9JXG8
Q9HCM3	897	D	N	A0A2Y9JXG8
Q9HCM3	897	D	N	A0A2Y9JXG8
Q9HCM3	904	A	T	A0A2Y9JXG8
Q9HCM3	904	A	T	A0A2Y9JXG8
Q9HCM3	905	A	P	A0A2Y9JXG8
Q9HCM3	905	A	P	A0A2Y9JXG8
Q9HCM3	906	S	G	A0A2Y9JXG8
Q9HCM3	906	S	G	A0A2Y9JXG8
Q9HCM3	924	V	M	A0A2Y9JXG8
Q9HCM3	924	V	M	A0A2Y9JXG8
Q9HCM3	934	D	N	A0A2Y9JXG8
Q9HCM3	953	D	N	A0A2Y9JXG8
Q9HCM3	1018	I	L	A0A2Y9JXG8
Q9HCM3	1018	I	L	A0A2Y9JXG8
Q9HCM3	1090	T	K	A0A2Y9JXG8
Q9HCM3	1106	R	Q	A0A2Y9JXG8
Q9HCM3	1106	R	Q	A0A2Y9JXG8
Q9HCM3	1198	Q	R	A0A2Y9JXG8
Q9HCM3	1292	P	L	A0A2Y9JXG8
Q9HCM3	1395	S	N	A0A2Y9JXG8
Q9HCM3	1395	S	N	A0A2Y9JXG8
Q9HCM3	1405	V	A	A0A2Y9JXG8
Q9HCM3	1434	P	L	A0A2Y9JXG8
Q9HCM3	1434	P	L	A0A2Y9JXG8
Q9HCM3	1460	H	Q	A0A2Y9JXG8
Q9HCM3	1460	H	Q	A0A2Y9JXG8
Q9HCM3	1511	S	T	A0A2Y9JXG8
Q9HCM3	1511	S	T	A0A2Y9JXG8
Q9HCM3	1550	V	I	A0A2Y9JXG8
Q9HCM3	1550	V	I	A0A2Y9JXG8
Q9HCM3	1582	V	M	A0A2Y9JXG8
Q9HCM3	1729	R	K	A0A2Y9JXG8
Q9HCM3	1729	R	K	A0A2Y9JXG8
Q9HCM3	1743	T	M	A0A2Y9JXG8
Q9HCM3	1743	T	M	A0A2Y9JXG8
Q9HCM3	1754	Y	C	A0A2Y9JXG8
Q9HCM3	1754	Y	C	A0A2Y9JXG8
Q9HCM3	1888	G	S	A0A2Y9JXG8
Q9HCM3	1888	G	S	A0A2Y9JXG8
Q9HCN3	136	T	A	G1PIW4
Q9HCN3	310	I	V	G1PIW4
Q9HCN3	563	A	V	G1PIW4
Q9HCN3	567	R	W	G1PIW4
Q9HCP6	403	M	V	A0A2I4AQ70
Q9HCP6	403	M	V	A0A2I4AQ70
Q9HCX3	7	M	T	A0A2Y9MFH9
Q9HCX3	121	L	P	A0A2Y9MFH9
Q9HCX3	367	K	E	A0A2Y9MFH9
Q9HCX3	416	A	T	A0A2Y9MFH9
Q9HCX3	7	M	T	A0A2Y9MFH9
Q9HCX3	121	L	P	A0A2Y9MFH9
Q9HCX3	367	K	E	A0A2Y9MFH9
Q9HCX3	416	A	T	A0A2Y9MFH9
Q9HD40	452	K	N	A0A2K5NHZ3
Q9HD40	452	K	N	A0A2K5NHZ3
Q9HD40	452	K	N	A0A2K5NHZ3
Q9HD40	452	K	N	A0A2K5NHZ3
Q9HD40	465	R	Q	A0A2K5NHZ3
Q9HD40	465	R	Q	A0A2K5NHZ3
Q9HD40	465	R	Q	A0A2K5NHZ3
Q9HD40	465	R	Q	A0A2K5NHZ3
Q9NP31	52	N	S	A0A1U7T2A1
Q9NP66	9	T	I	A0A091L6L4
Q9NP66	9	T	I	A0A091L6L4
Q9NP66	9	T	I	A0A091L6L4
Q9NP66	9	T	I	A0A091L6L4
Q9NP71	207	A	V	I3LZ59
Q9NP71	207	A	V	I3LZ59
Q9NP71	241	Q	H	I3LZ59
Q9NP71	244	D	E	I3LZ59
Q9NP71	244	D	E	I3LZ59
Q9NP71	264	P	H	I3LZ59
Q9NP71	264	P	H	I3LZ59
Q9NP71	292	S	R	I3LZ59
Q9NP71	292	S	R	I3LZ59
Q9NP71	358	A	V	I3LZ59
Q9NP71	400	P	A	I3LZ59
Q9NP71	400	P	A	I3LZ59
Q9NP71	458	T	P	I3LZ59
Q9NP71	458	T	P	I3LZ59
Q9NP71	468	T	P	I3LZ59
Q9NP71	495	P	S	I3LZ59
Q9NP71	495	P	S	I3LZ59
Q9NP71	505	A	V	I3LZ59
Q9NP71	505	A	V	I3LZ59
Q9NP71	513	A	T	I3LZ59
Q9NP71	513	A	T	I3LZ59
Q9NP71	513	A	T	I3LZ59
Q9NP71	572	T	N	I3LZ59
Q9NP71	572	T	N	I3LZ59
Q9NP71	605	A	S	I3LZ59
Q9NP71	605	A	S	I3LZ59
Q9NP71	723	E	K	I3LZ59
Q9NP71	723	E	K	I3LZ59
Q9NP71	758	V	I	I3LZ59
Q9NP71	758	V	I	I3LZ59
Q9NP71	810	A	T	I3LZ59
Q9NP71	810	A	T	I3LZ59
Q9NP71	841	R	W	I3LZ59
Q9NP71	841	R	W	I3LZ59
Q9NP73	14	D	E	Q9D8C3
Q9NP73	14	D	E	Q9D8C3
Q9NP73	14	D	E	Q9D8C3
Q9NP73	27	Q	E	Q9D8C3
Q9NP73	47	V	I	Q9D8C3
Q9NP73	47	V	I	Q9D8C3
Q9NP73	47	V	I	Q9D8C3
Q9NP73	171	K	E	Q9D8C3
Q9NP73	181	T	A	Q9D8C3
Q9NP73	182	C	S	Q9D8C3
Q9NP73	185	L	R	Q9D8C3
Q9NP73	207	G	E	Q9D8C3
Q9NP73	213	S	N	Q9D8C3
Q9NP73	213	S	N	Q9D8C3
Q9NP73	213	S	N	Q9D8C3
Q9NP73	213	S	N	Q9D8C3
Q9NP73	286	K	R	Q9D8C3
Q9NP73	286	K	R	Q9D8C3
Q9NP73	297	S	G	Q9D8C3
Q9NP73	332	Y	C	Q9D8C3
Q9NP73	332	Y	C	Q9D8C3
Q9NP73	332	Y	C	Q9D8C3
Q9NP73	395	N	H	Q9D8C3
Q9NP73	395	N	H	Q9D8C3
Q9NP73	404	E	A	Q9D8C3
Q9NP73	404	E	A	Q9D8C3
Q9NP73	404	E	K	Q9D8C3
Q9NP73	404	E	K	Q9D8C3
Q9NP73	463	E	G	Q9D8C3
Q9NP73	463	E	G	Q9D8C3
Q9NP73	463	E	G	Q9D8C3
Q9NP73	583	I	V	Q9D8C3
Q9NP73	583	I	V	Q9D8C3
Q9NP73	583	I	V	Q9D8C3
Q9NP73	600	M	V	Q9D8C3
Q9NP73	600	M	V	Q9D8C3
Q9NP73	600	M	V	Q9D8C3
Q9NP73	600	M	V	Q9D8C3
Q9NP73	608	D	H	Q9D8C3
Q9NP73	641	H	R	Q9D8C3
Q9NP73	641	H	R	Q9D8C3
Q9NP73	641	H	R	Q9D8C3
Q9NP73	645	Q	P	Q9D8C3
Q9NP73	657	M	I	Q9D8C3
Q9NP73	671	P	L	Q9D8C3
Q9NP73	671	P	L	Q9D8C3
Q9NP73	756	T	A	Q9D8C3
Q9NP73	756	T	A	Q9D8C3
Q9NP73	756	T	A	Q9D8C3
Q9NP73	756	T	A	Q9D8C3
Q9NP73	757	M	V	Q9D8C3
Q9NP73	757	M	V	Q9D8C3
Q9NP73	760	A	S	Q9D8C3
Q9NP73	760	A	S	Q9D8C3
Q9NP73	760	A	S	Q9D8C3
Q9NP73	775	K	R	Q9D8C3
Q9NP73	775	K	R	Q9D8C3
Q9NP73	790	G	E	Q9D8C3
Q9NP73	790	G	E	Q9D8C3
Q9NP73	790	G	E	Q9D8C3
Q9NP73	799	R	C	Q9D8C3
Q9NP73	829	M	V	Q9D8C3
Q9NP73	829	M	V	Q9D8C3
Q9NP73	829	M	V	Q9D8C3
Q9NP73	829	M	V	Q9D8C3
Q9NP73	834	T	A	Q9D8C3
Q9NP73	864	L	S	Q9D8C3
Q9NP73	864	L	S	Q9D8C3
Q9NP73	869	A	T	Q9D8C3
Q9NP73	873	A	P	Q9D8C3
Q9NP73	873	A	P	Q9D8C3
Q9NP73	873	A	P	Q9D8C3
Q9NP73	873	A	P	Q9D8C3
Q9NP73	873	A	P	Q9D8C3
Q9NP73	875	S	T	Q9D8C3
Q9NP73	885	I	T	Q9D8C3
Q9NP73	885	I	T	Q9D8C3
Q9NP73	885	I	T	Q9D8C3
Q9NP73	885	I	T	Q9D8C3
Q9NP73	891	S	F	Q9D8C3
Q9NP73	891	S	F	Q9D8C3
Q9NP73	891	S	F	Q9D8C3
Q9NP73	891	S	F	Q9D8C3
Q9NP73	891	S	F	Q9D8C3
Q9NP73	962	P	S	Q9D8C3
Q9NP73	1003	Y	C	Q9D8C3
Q9NP73	1003	Y	C	Q9D8C3
Q9NP73	1003	Y	C	Q9D8C3
Q9NP73	1003	Y	C	Q9D8C3
Q9NP73	1020	T	A	Q9D8C3
Q9NP73	1020	T	A	Q9D8C3
Q9NP73	1020	T	A	Q9D8C3
Q9NP73	1074	Y	F	Q9D8C3
Q9NP73	1074	Y	C	Q9D8C3
Q9NP73	1074	Y	F	Q9D8C3
Q9NP73	1074	Y	C	Q9D8C3
Q9NP73	1074	Y	F	Q9D8C3
Q9NP73	1074	Y	C	Q9D8C3
Q9NP73	1120	I	V	Q9D8C3
Q9NP73	1120	I	V	Q9D8C3
Q9NP73	1120	I	V	Q9D8C3
Q9NP73	1127	P	S	Q9D8C3
Q9NP73	1127	P	S	Q9D8C3
Q9NP73	1127	P	S	Q9D8C3
Q9NP73	1135	Q	R	Q9D8C3
Q9NP80	277	D	V	M4ARR5
Q9NP80	277	D	V	M4ARR5
Q9NP80	277	D	V	M4ARR5
Q9NP80	342	E	G	M4ARR5
Q9NP80	342	E	G	M4ARR5
Q9NP80	350	R	Q	M4ARR5
Q9NP80	350	R	Q	M4ARR5
Q9NP80	379	C	G	M4ARR5
Q9NP80	379	C	G	M4ARR5
Q9NP80	539	N	D	M4ARR5
Q9NP80	277	D	V	M4ARR5
Q9NP80	277	D	V	M4ARR5
Q9NP80	277	D	V	M4ARR5
Q9NP80	342	E	G	M4ARR5
Q9NP80	342	E	G	M4ARR5
Q9NP80	350	R	Q	M4ARR5
Q9NP80	350	R	Q	M4ARR5
Q9NP80	379	C	G	M4ARR5
Q9NP80	379	C	G	M4ARR5
Q9NP80	539	N	D	M4ARR5
Q9NP80	277	D	V	M4ARR5
Q9NP80	277	D	V	M4ARR5
Q9NP80	277	D	V	M4ARR5
Q9NP80	342	E	G	M4ARR5
Q9NP80	342	E	G	M4ARR5
Q9NP80	350	R	Q	M4ARR5
Q9NP80	350	R	Q	M4ARR5
Q9NP80	379	C	G	M4ARR5
Q9NP80	379	C	G	M4ARR5
Q9NP80	539	N	D	M4ARR5
Q9NP95	79	I	V	W5PIL4
Q9NP95	79	I	V	W5PIL4
Q9NP95	116	G	R	W5PIL4
Q9NP95	116	G	R	W5PIL4
Q9NP95	206	D	N	W5PIL4
Q9NP95	206	D	N	W5PIL4
Q9NPC4	34	V	I	Q6RJV7
Q9NPC4	37	M	V	Q6RJV7
Q9NPC4	123	S	P	Q6RJV7
Q9NPC4	123	S	P	Q6RJV7
Q9NPC4	163	Q	R	Q6RJV7
Q9NPC4	163	Q	R	Q6RJV7
Q9NPC4	34	V	I	Q6RJV7
Q9NPC4	37	M	V	Q6RJV7
Q9NPC4	123	S	P	Q6RJV7
Q9NPC4	123	S	P	Q6RJV7
Q9NPC4	163	Q	R	Q6RJV7
Q9NPC4	163	Q	R	Q6RJV7
Q9NPC4	34	V	I	Q6RJV7
Q9NPC4	37	M	V	Q6RJV7
Q9NPC4	123	S	P	Q6RJV7
Q9NPC4	123	S	P	Q6RJV7
Q9NPC4	163	Q	R	Q6RJV7
Q9NPC4	163	Q	R	Q6RJV7
Q9NPC4	34	V	I	Q6RJV7
Q9NPC4	37	M	V	Q6RJV7
Q9NPC4	123	S	P	Q6RJV7
Q9NPC4	123	S	P	Q6RJV7
Q9NPC4	163	Q	R	Q6RJV7
Q9NPC4	163	Q	R	Q6RJV7
Q9NPC8	241	P	L	H9GNL3
Q9NPI1	458	V	I	A0A218UJ25
Q9NPY3	116	W	G	V8NY71
Q9NPY3	117	V	G	V8NY71
Q9NPY3	428	V	L	V8NY71
Q9NPY3	428	V	L	V8NY71
Q9NPY3	493	T	I	V8NY71
Q9NPY3	493	T	I	V8NY71
Q9NPY3	520	S	L	V8NY71
Q9NPY3	520	S	L	V8NY71
Q9NPY3	541	P	S	V8NY71
Q9NPY3	640	M	V	V8NY71
Q9NQ11	49	G	S	S7NZ80
Q9NQ11	49	G	S	S7NZ80
Q9NQ11	49	G	S	S7NZ80
Q9NQ11	49	G	S	S7NZ80
Q9NQ11	49	G	S	S7NZ80
Q9NQ11	294	R	Q	S7NZ80
Q9NQ11	294	R	Q	S7NZ80
Q9NQ11	294	R	Q	S7NZ80
Q9NQ11	294	R	Q	S7NZ80
Q9NQ11	294	R	Q	S7NZ80
Q9NQ11	294	R	Q	S7NZ80
Q9NQ11	563	R	Q	S7NZ80
Q9NQ11	563	R	Q	S7NZ80
Q9NQ11	634	L	V	S7NZ80
Q9NQ11	698	V	A	S7NZ80
Q9NQ11	698	V	A	S7NZ80
Q9NQ11	698	V	A	S7NZ80
Q9NQ11	698	V	A	S7NZ80
Q9NQ11	698	V	A	S7NZ80
Q9NQ11	783	R	Q	S7NZ80
Q9NQ11	783	R	Q	S7NZ80
Q9NQ11	783	R	Q	S7NZ80
Q9NQ11	783	R	Q	S7NZ80
Q9NQ11	908	S	L	S7NZ80
Q9NQ11	1069	A	T	S7NZ80
Q9NQ11	1144	A	T	S7NZ80
Q9NQ11	1144	A	T	S7NZ80
Q9NQ11	1144	A	T	S7NZ80
Q9NQ11	1144	A	T	S7NZ80
Q9NQ11	1144	A	T	S7NZ80
Q9NQ76	317	I	V	H0X4A0
Q9NQ76	330	V	I	H0X4A0
Q9NQ76	330	V	I	H0X4A0
Q9NQ76	391	A	T	H0X4A0
Q9NQ76	391	A	T	H0X4A0
Q9NQ76	395	N	K	H0X4A0
Q9NQ76	395	N	K	H0X4A0
Q9NQ76	414	S	A	H0X4A0
Q9NQ76	414	S	A	H0X4A0
Q9NQ76	449	N	T	H0X4A0
Q9NQ76	449	N	T	H0X4A0
Q9NQ76	481	R	W	H0X4A0
Q9NQ76	481	R	W	H0X4A0
Q9NQ76	487	Q	H	H0X4A0
Q9NQ76	487	Q	H	H0X4A0
Q9NQ76	317	I	V	H0X4A0
Q9NQ76	330	V	I	H0X4A0
Q9NQ76	330	V	I	H0X4A0
Q9NQ76	391	A	T	H0X4A0
Q9NQ76	391	A	T	H0X4A0
Q9NQ76	395	N	K	H0X4A0
Q9NQ76	395	N	K	H0X4A0
Q9NQ76	414	S	A	H0X4A0
Q9NQ76	414	S	A	H0X4A0
Q9NQ76	449	N	T	H0X4A0
Q9NQ76	449	N	T	H0X4A0
Q9NQ76	481	R	W	H0X4A0
Q9NQ76	481	R	W	H0X4A0
Q9NQ76	487	Q	H	H0X4A0
Q9NQ76	487	Q	H	H0X4A0
Q9NQ79	569	V	M	A0A1L8FEZ0
Q9NQ79	658	E	K	A0A1L8FEZ0
Q9NQ89	361	I	T	A0A1S3K0H4
Q9NQ89	361	I	T	A0A1S3K0H4
Q9NQ89	361	I	T	A0A1S3K0H4
Q9NQ89	361	I	T	A0A1S3K0H4
Q9NQ92	43	S	G	F7AE33
Q9NQG6	89	T	M	A0A1A8FQJ7
Q9NQG6	89	T	M	A0A1A8FQJ7
Q9NQG6	304	R	H	A0A1A8FQJ7
Q9NQG6	304	R	H	A0A1A8FQJ7
Q9NQG6	89	T	M	A0A1A8FQJ7
Q9NQG6	89	T	M	A0A1A8FQJ7
Q9NQG6	304	R	H	A0A1A8FQJ7
Q9NQG6	304	R	H	A0A1A8FQJ7
Q9NQV7	569	I	N	H0XJF3
Q9NQV7	569	I	N	H0XJF3
Q9NQV7	681	T	S	H0XJF3
Q9NQV7	681	T	S	H0XJF3
Q9NQV7	681	T	S	H0XJF3
Q9NQV7	788	K	E	H0XJF3
Q9NQV7	790	N	H	H0XJF3
Q9NQV7	790	N	H	H0XJF3
Q9NQV7	569	I	N	H0XJF3
Q9NQV7	569	I	N	H0XJF3
Q9NQV7	681	T	S	H0XJF3
Q9NQV7	681	T	S	H0XJF3
Q9NQV7	681	T	S	H0XJF3
Q9NQV7	788	K	E	H0XJF3
Q9NQV7	790	N	H	H0XJF3
Q9NQV7	790	N	H	H0XJF3
Q9NQW6	3	P	L	A0A151P2S9
Q9NQW6	34	M	V	A0A151P2S9
Q9NQW6	43	P	L	A0A151P2S9
Q9NQW6	48	S	N	A0A151P2S9
Q9NQW6	65	S	W	A0A151P2S9
Q9NQW6	145	R	H	A0A151P2S9
Q9NQW6	185	R	K	A0A151P2S9
Q9NQW6	185	R	K	A0A151P2S9
Q9NQW6	185	R	Q	A0A151P2S9
Q9NQW6	185	R	K	A0A151P2S9
Q9NQW6	185	R	K	A0A151P2S9
Q9NQW6	200	G	S	A0A151P2S9
Q9NQW6	285	A	P	A0A151P2S9
Q9NQW6	373	F	S	A0A151P2S9
Q9NQW6	454	G	R	A0A151P2S9
Q9NQW6	596	E	G	A0A151P2S9
Q9NQW6	717	K	R	A0A151P2S9
Q9NQW6	795	S	R	A0A151P2S9
Q9NQW6	795	S	R	A0A151P2S9
Q9NQW6	810	R	C	A0A151P2S9
Q9NQW6	821	T	M	A0A151P2S9
Q9NQW6	841	E	K	A0A151P2S9
Q9NQW6	964	F	L	A0A151P2S9
Q9NQW6	1045	A	V	A0A151P2S9
Q9NQW6	1108	D	G	A0A151P2S9
Q9NQW6	1109	I	V	A0A151P2S9
Q9NQZ2	23	T	M	A0A2Y9FB68
Q9NQZ2	23	T	M	A0A2Y9FB68
Q9NQZ2	371	D	E	A0A2Y9FB68
Q9NQZ2	371	D	E	A0A2Y9FB68
Q9NQZ6	7	I	V	A0A2J8UB68
Q9NQZ6	19	N	K	A0A2J8UB68
Q9NQZ6	19	N	K	A0A2J8UB68
Q9NQZ6	157	A	T	A0A2J8UB68
Q9NQZ6	162	A	T	A0A2J8UB68
Q9NQZ6	162	A	T	A0A2J8UB68
Q9NR33	17	G	V	E2R060
Q9NRA1	38	Q	R	A0A2Y9T0K5
Q9NRA1	38	Q	R	A0A2Y9T0K5
Q9NRA2	296	V	I	M3XYS2
Q9NRA2	296	V	I	M3XYS2
Q9NRA2	296	V	I	M3XYS2
Q9NRA2	296	V	I	M3XYS2
Q9NRD1	60	R	Q	G5C512
Q9NRD1	110	R	H	G5C512
Q9NRD1	110	R	H	G5C512
Q9NRD1	290	V	I	G5C512
Q9NRD1	290	V	I	G5C512
Q9NRL2	876	R	C	G3NJG6
Q9NRL2	876	R	C	G3NJG6
Q9NRL2	1366	N	K	G3NJG6
Q9NRL2	1409	R	K	G3NJG6
Q9NRL2	876	R	C	G3NJG6
Q9NRL2	876	R	C	G3NJG6
Q9NRL2	1366	N	K	G3NJG6
Q9NRL2	1409	R	K	G3NJG6
Q9NRL3	568	V	I	A0A2C9K792
Q9NRL3	620	M	V	A0A2C9K792
Q9NRL3	620	M	V	A0A2C9K792
Q9NRR6	108	G	E	A0A2Y9J6Q9
Q9NRR6	144	R	G	A0A2Y9J6Q9
Q9NRR6	191	P	R	A0A2Y9J6Q9
Q9NRR6	191	P	R	A0A2Y9J6Q9
Q9NRR6	191	P	R	A0A2Y9J6Q9
Q9NRR6	191	P	R	A0A2Y9J6Q9
Q9NRR6	201	I	M	A0A2Y9J6Q9
Q9NRR6	201	I	M	A0A2Y9J6Q9
Q9NRR6	201	I	M	A0A2Y9J6Q9
Q9NRR6	201	I	M	A0A2Y9J6Q9
Q9NRR6	201	I	M	A0A2Y9J6Q9
Q9NRR6	264	R	H	A0A2Y9J6Q9
Q9NRR6	264	R	H	A0A2Y9J6Q9
Q9NRR6	264	R	H	A0A2Y9J6Q9
Q9NRR6	264	R	H	A0A2Y9J6Q9
Q9NRR6	326	E	K	A0A2Y9J6Q9
Q9NRR6	326	E	K	A0A2Y9J6Q9
Q9NRU3	368	A	T	W5MRP1
Q9NRU3	368	A	T	W5MRP1
Q9NRU3	819	R	Q	W5MRP1
Q9NRV9	183	E	D	A0A151LYZ5
Q9NRX5	225	S	G	A0A1U7QGE5
Q9NS25	74	L	V	Q9NS25
Q9NS25	86	D	H	Q9NS25
Q9NS86	56	T	P	A0A287AQ33
Q9NS86	74	I	V	A0A287AQ33
Q9NSD5	415	R	Q	A0A1I8HK84
Q9NSD5	415	R	Q	A0A1I8HK84
Q9NSD5	426	V	I	A0A1I8HK84
Q9NSD5	577	R	Q	A0A1I8HK84
Q9NSG2	285	F	S	U3JZM8
Q9NSG2	285	F	S	U3JZM8
Q9NSG2	481	A	S	U3JZM8
Q9NSG2	781	E	A	U3JZM8
Q9NSG2	781	E	A	U3JZM8
Q9NSG2	285	F	S	U3JZM8
Q9NSG2	285	F	S	U3JZM8
Q9NSG2	481	A	S	U3JZM8
Q9NSG2	781	E	A	U3JZM8
Q9NSG2	781	E	A	U3JZM8
Q9NT22	55	H	P	A0A2K5DXD8
Q9NT22	500	R	W	A0A2K5DXD8
Q9NT22	532	S	N	A0A2K5DXD8
Q9NT22	611	A	G	A0A2K5DXD8
Q9NTI5	471	T	A	S4RX75
Q9NTI5	471	T	A	S4RX75
Q9NTJ5	434	Y	F	A0A087UT65
Q9NTJ5	434	Y	F	A0A087UT65
Q9NTK5	254	Y	C	L9KN32
Q9NTQ9	60	C	G	Q6GQC4
Q9NTQ9	69	F	L	Q6GQC4
Q9NTQ9	69	F	L	Q6GQC4
Q9NTQ9	75	R	C	Q6GQC4
Q9NTQ9	75	R	C	Q6GQC4
Q9NTQ9	75	R	H	Q6GQC4
Q9NTQ9	75	R	H	Q6GQC4
Q9NTQ9	103	R	C	Q6GQC4
Q9NTQ9	124	R	Q	Q6GQC4
Q9NTQ9	124	R	Q	Q6GQC4
Q9NTQ9	151	R	S	Q6GQC4
Q9NTQ9	169	C	W	Q6GQC4
Q9NTQ9	169	C	W	Q6GQC4
Q9NTQ9	169	C	W	Q6GQC4
Q9NTQ9	181	T	M	Q6GQC4
Q9NTQ9	204	E	A	Q6GQC4
Q9NTQ9	204	E	A	Q6GQC4
Q9NTQ9	204	E	A	Q6GQC4
Q9NU02	74	P	T	A0A2I3HK16
Q9NU02	324	L	Q	A0A2I3HK16
Q9NU02	412	G	E	A0A2I3HK16
Q9NU02	742	R	Q	A0A2I3HK16
Q9NU02	74	P	T	A0A2I3HK16
Q9NU02	324	L	Q	A0A2I3HK16
Q9NU02	412	G	E	A0A2I3HK16
Q9NU02	742	R	Q	A0A2I3HK16
Q9NUE0	387	H	L	G1PFE2
Q9NUV7	140	L	V	A0A146ZIX8
Q9NUV7	496	A	T	A0A146ZIX8
Q9NUW8	95	E	D	F7FXC6
Q9NUW8	95	E	D	F7FXC6
Q9NUW8	95	E	D	F7FXC6
Q9NUW8	101	P	L	F7FXC6
Q9NUW8	101	P	L	F7FXC6
Q9NUW8	101	P	L	F7FXC6
Q9NUW8	101	P	L	F7FXC6
Q9NUW8	134	A	T	F7FXC6
Q9NUW8	134	A	T	F7FXC6
Q9NUW8	134	A	T	F7FXC6
Q9NUW8	134	A	T	F7FXC6
Q9NUW8	304	R	Q	F7FXC6
Q9NUW8	304	R	Q	F7FXC6
Q9NUW8	304	R	Q	F7FXC6
Q9NUW8	304	R	Q	F7FXC6
Q9NUW8	389	A	T	F7FXC6
Q9NUW8	389	A	T	F7FXC6
Q9NUW8	389	A	T	F7FXC6
Q9NUW8	389	A	T	F7FXC6
Q9NUW8	569	T	A	F7FXC6
Q9NUW8	569	T	A	F7FXC6
Q9NUW8	569	T	A	F7FXC6
Q9NUW8	569	T	A	F7FXC6
Q9NUW8	95	E	D	F7FXC6
Q9NUW8	95	E	D	F7FXC6
Q9NUW8	95	E	D	F7FXC6
Q9NUW8	101	P	L	F7FXC6
Q9NUW8	101	P	L	F7FXC6
Q9NUW8	101	P	L	F7FXC6
Q9NUW8	101	P	L	F7FXC6
Q9NUW8	134	A	T	F7FXC6
Q9NUW8	134	A	T	F7FXC6
Q9NUW8	134	A	T	F7FXC6
Q9NUW8	134	A	T	F7FXC6
Q9NUW8	304	R	Q	F7FXC6
Q9NUW8	304	R	Q	F7FXC6
Q9NUW8	304	R	Q	F7FXC6
Q9NUW8	304	R	Q	F7FXC6
Q9NUW8	389	A	T	F7FXC6
Q9NUW8	389	A	T	F7FXC6
Q9NUW8	389	A	T	F7FXC6
Q9NUW8	389	A	T	F7FXC6
Q9NUW8	569	T	A	F7FXC6
Q9NUW8	569	T	A	F7FXC6
Q9NUW8	569	T	A	F7FXC6
Q9NUW8	569	T	A	F7FXC6
Q9NUY8	31	C	S	A0A210PI74
Q9NUY8	31	C	S	A0A210PI74
Q9NUY8	31	C	S	A0A210PI74
Q9NUY8	31	C	S	A0A210PI74
Q9NV92	33	N	K	M0QWK1
Q9NV92	124	P	S	M0QWK1
Q9NV92	136	A	V	M0QWK1
Q9NVE7	6	A	G	D2HPP2
Q9NVE7	547	A	V	D2HPP2
Q9NVE7	684	Q	R	D2HPP2
Q9NVE7	547	A	V	D2HPP2
Q9NVE7	547	A	V	D2HPP2
Q9NVE7	684	Q	R	D2HPP2
Q9NVE7	684	Q	R	D2HPP2
Q9NVH6	83	A	V	A0A1V4KZM7
Q9NVH6	235	T	N	A0A1V4KZM7
Q9NVH6	235	T	N	A0A1V4KZM7
Q9NVI1	55	P	L	A0A151M9A6
Q9NVI1	55	P	L	A0A151M9A6
Q9NVI1	55	P	L	A0A151M9A6
Q9NVI1	55	P	L	A0A151M9A6
Q9NVI1	55	P	L	A0A151M9A6
Q9NVI1	86	A	V	A0A151M9A6
Q9NVI1	86	A	V	A0A151M9A6
Q9NVI1	86	A	V	A0A151M9A6
Q9NVI1	86	A	V	A0A151M9A6
Q9NVI1	86	A	V	A0A151M9A6
Q9NVI1	96	E	K	A0A151M9A6
Q9NVI1	96	E	K	A0A151M9A6
Q9NVI1	96	E	K	A0A151M9A6
Q9NVI1	96	E	K	A0A151M9A6
Q9NVI1	290	V	M	A0A151M9A6
Q9NVI1	290	V	M	A0A151M9A6
Q9NVI1	290	V	M	A0A151M9A6
Q9NVI1	290	V	M	A0A151M9A6
Q9NVI1	372	V	I	A0A151M9A6
Q9NVI1	372	V	I	A0A151M9A6
Q9NVI1	372	V	I	A0A151M9A6
Q9NVI1	372	V	I	A0A151M9A6
Q9NVI1	404	I	T	A0A151M9A6
Q9NVI1	404	I	T	A0A151M9A6
Q9NVI1	404	I	T	A0A151M9A6
Q9NVI1	404	I	T	A0A151M9A6
Q9NVI1	605	L	F	A0A151M9A6
Q9NVI1	605	L	F	A0A151M9A6
Q9NVI1	605	L	F	A0A151M9A6
Q9NVI1	605	L	F	A0A151M9A6
Q9NVI1	605	L	F	A0A151M9A6
Q9NVI1	605	L	F	A0A151M9A6
Q9NVI1	631	L	F	A0A151M9A6
Q9NVI1	631	L	F	A0A151M9A6
Q9NVI1	631	L	F	A0A151M9A6
Q9NVI1	631	L	F	A0A151M9A6
Q9NVI1	671	I	V	A0A151M9A6
Q9NVI1	671	I	V	A0A151M9A6
Q9NVI1	671	I	V	A0A151M9A6
Q9NVI1	671	I	V	A0A151M9A6
Q9NVI1	671	I	V	A0A151M9A6
Q9NVI1	686	Q	K	A0A151M9A6
Q9NVI1	686	Q	K	A0A151M9A6
Q9NVI1	686	Q	K	A0A151M9A6
Q9NVI1	742	C	S	A0A151M9A6
Q9NVI1	742	C	S	A0A151M9A6
Q9NVI1	742	C	S	A0A151M9A6
Q9NVI1	742	C	S	A0A151M9A6
Q9NVI1	742	C	S	A0A151M9A6
Q9NVI1	797	A	V	A0A151M9A6
Q9NVI1	816	A	G	A0A151M9A6
Q9NVI1	868	E	D	A0A151M9A6
Q9NVI1	868	E	D	A0A151M9A6
Q9NVI1	868	E	D	A0A151M9A6
Q9NVI1	868	E	D	A0A151M9A6
Q9NVI1	868	E	D	A0A151M9A6
Q9NVI1	877	I	L	A0A151M9A6
Q9NVI1	877	I	L	A0A151M9A6
Q9NVI1	877	I	L	A0A151M9A6
Q9NVI1	877	I	L	A0A151M9A6
Q9NVI1	877	I	L	A0A151M9A6
Q9NVI1	939	K	N	A0A151M9A6
Q9NVI1	939	K	N	A0A151M9A6
Q9NVI1	939	K	N	A0A151M9A6
Q9NVI1	944	R	S	A0A151M9A6
Q9NVI1	944	R	S	A0A151M9A6
Q9NVI1	944	R	S	A0A151M9A6
Q9NVI1	944	R	S	A0A151M9A6
Q9NVI1	969	L	F	A0A151M9A6
Q9NVI1	969	L	F	A0A151M9A6
Q9NVI1	1289	I	V	A0A151M9A6
Q9NVI1	1289	I	V	A0A151M9A6
Q9NVI1	1289	I	V	A0A151M9A6
Q9NVI1	55	P	L	A0A151M9A6
Q9NVI1	55	P	L	A0A151M9A6
Q9NVI1	55	P	L	A0A151M9A6
Q9NVI1	55	P	L	A0A151M9A6
Q9NVI1	55	P	L	A0A151M9A6
Q9NVI1	86	A	V	A0A151M9A6
Q9NVI1	86	A	V	A0A151M9A6
Q9NVI1	86	A	V	A0A151M9A6
Q9NVI1	86	A	V	A0A151M9A6
Q9NVI1	86	A	V	A0A151M9A6
Q9NVI1	96	E	K	A0A151M9A6
Q9NVI1	96	E	K	A0A151M9A6
Q9NVI1	96	E	K	A0A151M9A6
Q9NVI1	96	E	K	A0A151M9A6
Q9NVI1	290	V	M	A0A151M9A6
Q9NVI1	290	V	M	A0A151M9A6
Q9NVI1	290	V	M	A0A151M9A6
Q9NVI1	290	V	M	A0A151M9A6
Q9NVI1	372	V	I	A0A151M9A6
Q9NVI1	372	V	I	A0A151M9A6
Q9NVI1	372	V	I	A0A151M9A6
Q9NVI1	372	V	I	A0A151M9A6
Q9NVI1	404	I	T	A0A151M9A6
Q9NVI1	404	I	T	A0A151M9A6
Q9NVI1	404	I	T	A0A151M9A6
Q9NVI1	404	I	T	A0A151M9A6
Q9NVI1	605	L	F	A0A151M9A6
Q9NVI1	605	L	F	A0A151M9A6
Q9NVI1	605	L	F	A0A151M9A6
Q9NVI1	605	L	F	A0A151M9A6
Q9NVI1	605	L	F	A0A151M9A6
Q9NVI1	605	L	F	A0A151M9A6
Q9NVI1	631	L	F	A0A151M9A6
Q9NVI1	631	L	F	A0A151M9A6
Q9NVI1	631	L	F	A0A151M9A6
Q9NVI1	631	L	F	A0A151M9A6
Q9NVI1	671	I	V	A0A151M9A6
Q9NVI1	671	I	V	A0A151M9A6
Q9NVI1	671	I	V	A0A151M9A6
Q9NVI1	671	I	V	A0A151M9A6
Q9NVI1	671	I	V	A0A151M9A6
Q9NVI1	686	Q	K	A0A151M9A6
Q9NVI1	686	Q	K	A0A151M9A6
Q9NVI1	686	Q	K	A0A151M9A6
Q9NVI1	742	C	S	A0A151M9A6
Q9NVI1	742	C	S	A0A151M9A6
Q9NVI1	742	C	S	A0A151M9A6
Q9NVI1	742	C	S	A0A151M9A6
Q9NVI1	742	C	S	A0A151M9A6
Q9NVI1	797	A	V	A0A151M9A6
Q9NVI1	816	A	G	A0A151M9A6
Q9NVI1	868	E	D	A0A151M9A6
Q9NVI1	868	E	D	A0A151M9A6
Q9NVI1	868	E	D	A0A151M9A6
Q9NVI1	868	E	D	A0A151M9A6
Q9NVI1	868	E	D	A0A151M9A6
Q9NVI1	877	I	L	A0A151M9A6
Q9NVI1	877	I	L	A0A151M9A6
Q9NVI1	877	I	L	A0A151M9A6
Q9NVI1	877	I	L	A0A151M9A6
Q9NVI1	877	I	L	A0A151M9A6
Q9NVI1	939	K	N	A0A151M9A6
Q9NVI1	939	K	N	A0A151M9A6
Q9NVI1	939	K	N	A0A151M9A6
Q9NVI1	944	R	S	A0A151M9A6
Q9NVI1	944	R	S	A0A151M9A6
Q9NVI1	944	R	S	A0A151M9A6
Q9NVI1	944	R	S	A0A151M9A6
Q9NVI1	969	L	F	A0A151M9A6
Q9NVI1	969	L	F	A0A151M9A6
Q9NVI1	1289	I	V	A0A151M9A6
Q9NVI1	1289	I	V	A0A151M9A6
Q9NVI1	1289	I	V	A0A151M9A6
Q9NVI7	7	I	V	U3D8L8
Q9NVI7	15	G	D	U3D8L8
Q9NVI7	96	R	Q	U3D8L8
Q9NVI7	101	S	N	U3D8L8
Q9NVI7	110	W	R	U3D8L8
Q9NVI7	100	V	M	U3D8L8
Q9NVI7	176	R	Q	U3D8L8
Q9NVI7	216	A	S	U3D8L8
Q9NVI7	311	P	S	U3D8L8
Q9NVI7	311	P	S	U3D8L8
Q9NVI7	474	D	H	U3D8L8
Q9NVI7	474	D	H	U3D8L8
Q9NVI7	568	K	M	U3D8L8
Q9NVI7	570	C	R	U3D8L8
Q9NVI7	578	G	R	U3D8L8
Q9NVI7	578	G	R	U3D8L8
Q9NVV0	114	A	V	A0A2K6REJ5
Q9NVV0	151	R	Q	A0A2K6REJ5
Q9NVV0	151	R	Q	A0A2K6REJ5
Q9NVV0	165	V	L	A0A2K6REJ5
Q9NVV0	254	C	S	A0A2K6REJ5
Q9NVV0	254	C	S	A0A2K6REJ5
Q9NVV0	254	C	S	A0A2K6REJ5
Q9NVV0	254	C	S	A0A2K6REJ5
Q9NVV0	267	V	I	A0A2K6REJ5
Q9NVV0	267	V	I	A0A2K6REJ5
Q9NVV0	268	G	E	A0A2K6REJ5
Q9NVV0	268	G	E	A0A2K6REJ5
Q9NVX2	6	P	A	A0A2G8K2E8
Q9NVX2	169	R	K	A0A2G8K2E8
Q9NVX2	319	Q	K	A0A2G8K2E8
Q9NWF9	26	N	S	A0A093J6R1
Q9NWF9	26	N	S	A0A093J6R1
Q9NWF9	50	A	G	A0A093J6R1
Q9NWF9	50	A	G	A0A093J6R1
Q9NWF9	50	A	G	A0A093J6R1
Q9NWF9	51	P	R	A0A093J6R1
Q9NWF9	51	P	R	A0A093J6R1
Q9NWF9	149	S	R	A0A093J6R1
Q9NWF9	149	S	R	A0A093J6R1
Q9NWF9	213	G	A	A0A093J6R1
Q9NWF9	872	V	M	A0A093J6R1
Q9NWF9	872	V	M	A0A093J6R1
Q9NWF9	896	V	I	A0A093J6R1
Q9NWF9	896	V	I	A0A093J6R1
Q9NWF9	907	L	V	A0A093J6R1
Q9NWQ8	151	V	A	A0A2K6EJJ2
Q9NWQ8	151	V	A	A0A2K6EJJ2
Q9NWQ8	404	T	S	A0A2K6EJJ2
Q9NWQ8	404	T	S	A0A2K6EJJ2
Q9NWS1	161	R	H	L5LKT3
Q9NWS1	217	Q	K	L5LKT3
Q9NWX6	232	L	P	A0A2N0PN86
Q9NX02	4	S	L	A0A2K6DR93
Q9NX02	4	S	L	A0A2K6DR93
Q9NX02	221	T	M	A0A2K6DR93
Q9NX02	349	E	Q	A0A2K6DR93
Q9NX02	350	E	Q	A0A2K6DR93
Q9NX02	352	I	S	A0A2K6DR93
Q9NX02	354	I	V	A0A2K6DR93
Q9NX02	354	I	V	A0A2K6DR93
Q9NX02	359	F	L	A0A2K6DR93
Q9NX02	359	F	L	A0A2K6DR93
Q9NX02	364	R	K	A0A2K6DR93
Q9NX02	406	T	R	A0A2K6DR93
Q9NX02	406	T	R	A0A2K6DR93
Q9NX02	516	T	A	A0A2K6DR93
Q9NX02	516	T	A	A0A2K6DR93
Q9NX02	522	E	G	A0A2K6DR93
Q9NX02	522	E	G	A0A2K6DR93
Q9NX02	529	T	A	A0A2K6DR93
Q9NX02	724	A	V	A0A2K6DR93
Q9NX02	724	A	V	A0A2K6DR93
Q9NX02	801	A	T	A0A2K6DR93
Q9NX02	801	A	T	A0A2K6DR93
Q9NX02	920	L	V	A0A2K6DR93
Q9NX02	974	L	V	A0A2K6DR93
Q9NX02	974	L	V	A0A2K6DR93
Q9NX02	1032	E	V	A0A2K6DR93
Q9NX02	1032	E	V	A0A2K6DR93
Q9NX02	1034	I	V	A0A2K6DR93
Q9NX02	1034	I	V	A0A2K6DR93
Q9NX02	1052	A	E	A0A2K6DR93
Q9NX02	4	S	L	A0A2K6DR93
Q9NX02	4	S	L	A0A2K6DR93
Q9NX02	221	T	M	A0A2K6DR93
Q9NX02	349	E	Q	A0A2K6DR93
Q9NX02	350	E	Q	A0A2K6DR93
Q9NX02	352	I	S	A0A2K6DR93
Q9NX02	354	I	V	A0A2K6DR93
Q9NX02	354	I	V	A0A2K6DR93
Q9NX02	359	F	L	A0A2K6DR93
Q9NX02	359	F	L	A0A2K6DR93
Q9NX02	364	R	K	A0A2K6DR93
Q9NX02	406	T	R	A0A2K6DR93
Q9NX02	406	T	R	A0A2K6DR93
Q9NX02	516	T	A	A0A2K6DR93
Q9NX02	516	T	A	A0A2K6DR93
Q9NX02	522	E	G	A0A2K6DR93
Q9NX02	522	E	G	A0A2K6DR93
Q9NX02	529	T	A	A0A2K6DR93
Q9NX02	724	A	V	A0A2K6DR93
Q9NX02	724	A	V	A0A2K6DR93
Q9NX02	801	A	T	A0A2K6DR93
Q9NX02	801	A	T	A0A2K6DR93
Q9NX02	920	L	V	A0A2K6DR93
Q9NX02	974	L	V	A0A2K6DR93
Q9NX02	974	L	V	A0A2K6DR93
Q9NX02	1032	E	V	A0A2K6DR93
Q9NX02	1032	E	V	A0A2K6DR93
Q9NX02	1034	I	V	A0A2K6DR93
Q9NX02	1034	I	V	A0A2K6DR93
Q9NX02	1052	A	E	A0A2K6DR93
Q9NX02	4	S	L	A0A2K6DR93
Q9NX02	4	S	L	A0A2K6DR93
Q9NX02	195	F	L	A0A2K6DR93
Q9NX02	221	T	M	A0A2K6DR93
Q9NX02	221	T	M	A0A2K6DR93
Q9NX02	221	T	K	A0A2K6DR93
Q9NX02	221	T	M	A0A2K6DR93
Q9NX02	221	T	R	A0A2K6DR93
Q9NX02	349	E	Q	A0A2K6DR93
Q9NX02	349	E	K	A0A2K6DR93
Q9NX02	350	E	Q	A0A2K6DR93
Q9NX02	352	I	S	A0A2K6DR93
Q9NX02	354	I	V	A0A2K6DR93
Q9NX02	354	I	V	A0A2K6DR93
Q9NX02	359	F	L	A0A2K6DR93
Q9NX02	359	F	L	A0A2K6DR93
Q9NX02	364	R	K	A0A2K6DR93
Q9NX02	364	R	K	A0A2K6DR93
Q9NX02	406	T	R	A0A2K6DR93
Q9NX02	406	T	R	A0A2K6DR93
Q9NX02	516	T	A	A0A2K6DR93
Q9NX02	516	T	A	A0A2K6DR93
Q9NX02	516	T	A	A0A2K6DR93
Q9NX02	516	T	A	A0A2K6DR93
Q9NX02	522	E	G	A0A2K6DR93
Q9NX02	522	E	G	A0A2K6DR93
Q9NX02	522	E	G	A0A2K6DR93
Q9NX02	522	E	G	A0A2K6DR93
Q9NX02	529	T	A	A0A2K6DR93
Q9NX02	529	T	A	A0A2K6DR93
Q9NX02	529	T	A	A0A2K6DR93
Q9NX02	558	F	L	A0A2K6DR93
Q9NX02	724	A	V	A0A2K6DR93
Q9NX02	724	A	V	A0A2K6DR93
Q9NX02	801	A	T	A0A2K6DR93
Q9NX02	801	A	T	A0A2K6DR93
Q9NX02	920	L	V	A0A2K6DR93
Q9NX02	974	L	V	A0A2K6DR93
Q9NX02	974	L	V	A0A2K6DR93
Q9NX02	1032	E	V	A0A2K6DR93
Q9NX02	1032	E	V	A0A2K6DR93
Q9NX02	1034	I	V	A0A2K6DR93
Q9NX02	1034	I	V	A0A2K6DR93
Q9NX02	1052	A	E	A0A2K6DR93
Q9NX02	1052	A	E	A0A2K6DR93
Q9NX02	1052	A	E	A0A2K6DR93
Q9NX02	4	S	L	A0A2K6DR93
Q9NX02	4	S	L	A0A2K6DR93
Q9NX02	195	F	L	A0A2K6DR93
Q9NX02	221	T	R	A0A2K6DR93
Q9NX02	221	T	M	A0A2K6DR93
Q9NX02	221	T	M	A0A2K6DR93
Q9NX02	221	T	M	A0A2K6DR93
Q9NX02	221	T	K	A0A2K6DR93
Q9NX02	349	E	Q	A0A2K6DR93
Q9NX02	349	E	K	A0A2K6DR93
Q9NX02	350	E	Q	A0A2K6DR93
Q9NX02	352	I	S	A0A2K6DR93
Q9NX02	354	I	V	A0A2K6DR93
Q9NX02	354	I	V	A0A2K6DR93
Q9NX02	359	F	L	A0A2K6DR93
Q9NX02	359	F	L	A0A2K6DR93
Q9NX02	364	R	K	A0A2K6DR93
Q9NX02	364	R	K	A0A2K6DR93
Q9NX02	406	T	R	A0A2K6DR93
Q9NX02	406	T	R	A0A2K6DR93
Q9NX02	516	T	A	A0A2K6DR93
Q9NX02	516	T	A	A0A2K6DR93
Q9NX02	516	T	A	A0A2K6DR93
Q9NX02	516	T	A	A0A2K6DR93
Q9NX02	522	E	G	A0A2K6DR93
Q9NX02	522	E	G	A0A2K6DR93
Q9NX02	522	E	G	A0A2K6DR93
Q9NX02	522	E	G	A0A2K6DR93
Q9NX02	529	T	A	A0A2K6DR93
Q9NX02	529	T	A	A0A2K6DR93
Q9NX02	529	T	A	A0A2K6DR93
Q9NX02	558	F	L	A0A2K6DR93
Q9NX02	724	A	V	A0A2K6DR93
Q9NX02	724	A	V	A0A2K6DR93
Q9NX02	801	A	T	A0A2K6DR93
Q9NX02	801	A	T	A0A2K6DR93
Q9NX02	920	L	V	A0A2K6DR93
Q9NX02	974	L	V	A0A2K6DR93
Q9NX02	974	L	V	A0A2K6DR93
Q9NX02	1032	E	V	A0A2K6DR93
Q9NX02	1032	E	V	A0A2K6DR93
Q9NX02	1034	I	V	A0A2K6DR93
Q9NX02	1034	I	V	A0A2K6DR93
Q9NX02	1052	A	E	A0A2K6DR93
Q9NX02	1052	A	E	A0A2K6DR93
Q9NX02	1052	A	E	A0A2K6DR93
Q9NX02	4	S	L	A0A2K6DR93
Q9NX02	4	S	L	A0A2K6DR93
Q9NX02	195	F	L	A0A2K6DR93
Q9NX02	221	T	R	A0A2K6DR93
Q9NX02	221	T	M	A0A2K6DR93
Q9NX02	221	T	M	A0A2K6DR93
Q9NX02	221	T	K	A0A2K6DR93
Q9NX02	221	T	M	A0A2K6DR93
Q9NX02	349	E	Q	A0A2K6DR93
Q9NX02	349	E	K	A0A2K6DR93
Q9NX02	350	E	Q	A0A2K6DR93
Q9NX02	352	I	S	A0A2K6DR93
Q9NX02	354	I	V	A0A2K6DR93
Q9NX02	354	I	V	A0A2K6DR93
Q9NX02	359	F	L	A0A2K6DR93
Q9NX02	359	F	L	A0A2K6DR93
Q9NX02	364	R	K	A0A2K6DR93
Q9NX02	364	R	K	A0A2K6DR93
Q9NX02	406	T	R	A0A2K6DR93
Q9NX02	406	T	R	A0A2K6DR93
Q9NX02	516	T	A	A0A2K6DR93
Q9NX02	516	T	A	A0A2K6DR93
Q9NX02	516	T	A	A0A2K6DR93
Q9NX02	516	T	A	A0A2K6DR93
Q9NX02	522	E	G	A0A2K6DR93
Q9NX02	522	E	G	A0A2K6DR93
Q9NX02	522	E	G	A0A2K6DR93
Q9NX02	522	E	G	A0A2K6DR93
Q9NX02	529	T	A	A0A2K6DR93
Q9NX02	529	T	A	A0A2K6DR93
Q9NX02	529	T	A	A0A2K6DR93
Q9NX02	558	F	L	A0A2K6DR93
Q9NX02	724	A	V	A0A2K6DR93
Q9NX02	724	A	V	A0A2K6DR93
Q9NX02	801	A	T	A0A2K6DR93
Q9NX02	801	A	T	A0A2K6DR93
Q9NX02	920	L	V	A0A2K6DR93
Q9NX02	974	L	V	A0A2K6DR93
Q9NX02	974	L	V	A0A2K6DR93
Q9NX02	1032	E	V	A0A2K6DR93
Q9NX02	1032	E	V	A0A2K6DR93
Q9NX02	1034	I	V	A0A2K6DR93
Q9NX02	1034	I	V	A0A2K6DR93
Q9NX02	1052	A	E	A0A2K6DR93
Q9NX02	1052	A	E	A0A2K6DR93
Q9NX02	1052	A	E	A0A2K6DR93
Q9NX02	4	S	L	A0A2K6DR93
Q9NX02	4	S	L	A0A2K6DR93
Q9NX02	195	F	L	A0A2K6DR93
Q9NX02	221	T	R	A0A2K6DR93
Q9NX02	221	T	K	A0A2K6DR93
Q9NX02	221	T	M	A0A2K6DR93
Q9NX02	221	T	M	A0A2K6DR93
Q9NX02	221	T	M	A0A2K6DR93
Q9NX02	349	E	Q	A0A2K6DR93
Q9NX02	349	E	K	A0A2K6DR93
Q9NX02	350	E	Q	A0A2K6DR93
Q9NX02	352	I	S	A0A2K6DR93
Q9NX02	354	I	V	A0A2K6DR93
Q9NX02	354	I	V	A0A2K6DR93
Q9NX02	359	F	L	A0A2K6DR93
Q9NX02	359	F	L	A0A2K6DR93
Q9NX02	364	R	K	A0A2K6DR93
Q9NX02	364	R	K	A0A2K6DR93
Q9NX02	406	T	R	A0A2K6DR93
Q9NX02	406	T	R	A0A2K6DR93
Q9NX02	516	T	A	A0A2K6DR93
Q9NX02	516	T	A	A0A2K6DR93
Q9NX02	516	T	A	A0A2K6DR93
Q9NX02	516	T	A	A0A2K6DR93
Q9NX02	522	E	G	A0A2K6DR93
Q9NX02	522	E	G	A0A2K6DR93
Q9NX02	522	E	G	A0A2K6DR93
Q9NX02	522	E	G	A0A2K6DR93
Q9NX02	529	T	A	A0A2K6DR93
Q9NX02	529	T	A	A0A2K6DR93
Q9NX02	529	T	A	A0A2K6DR93
Q9NX02	558	F	L	A0A2K6DR93
Q9NX02	724	A	V	A0A2K6DR93
Q9NX02	724	A	V	A0A2K6DR93
Q9NX02	801	A	T	A0A2K6DR93
Q9NX02	801	A	T	A0A2K6DR93
Q9NX02	920	L	V	A0A2K6DR93
Q9NX02	974	L	V	A0A2K6DR93
Q9NX02	974	L	V	A0A2K6DR93
Q9NX02	1032	E	V	A0A2K6DR93
Q9NX02	1032	E	V	A0A2K6DR93
Q9NX02	1034	I	V	A0A2K6DR93
Q9NX02	1034	I	V	A0A2K6DR93
Q9NX02	1052	A	E	A0A2K6DR93
Q9NX02	1052	A	E	A0A2K6DR93
Q9NX02	1052	A	E	A0A2K6DR93
Q9NX02	4	S	L	A0A2K6DR93
Q9NX02	4	S	L	A0A2K6DR93
Q9NX02	195	F	L	A0A2K6DR93
Q9NX02	221	T	M	A0A2K6DR93
Q9NX02	221	T	M	A0A2K6DR93
Q9NX02	221	T	R	A0A2K6DR93
Q9NX02	221	T	K	A0A2K6DR93
Q9NX02	221	T	M	A0A2K6DR93
Q9NX02	349	E	K	A0A2K6DR93
Q9NX02	349	E	Q	A0A2K6DR93
Q9NX02	350	E	Q	A0A2K6DR93
Q9NX02	352	I	S	A0A2K6DR93
Q9NX02	354	I	V	A0A2K6DR93
Q9NX02	354	I	V	A0A2K6DR93
Q9NX02	359	F	L	A0A2K6DR93
Q9NX02	359	F	L	A0A2K6DR93
Q9NX02	364	R	K	A0A2K6DR93
Q9NX02	364	R	K	A0A2K6DR93
Q9NX02	406	T	R	A0A2K6DR93
Q9NX02	406	T	R	A0A2K6DR93
Q9NX02	516	T	A	A0A2K6DR93
Q9NX02	516	T	A	A0A2K6DR93
Q9NX02	516	T	A	A0A2K6DR93
Q9NX02	516	T	A	A0A2K6DR93
Q9NX02	522	E	G	A0A2K6DR93
Q9NX02	522	E	G	A0A2K6DR93
Q9NX02	522	E	G	A0A2K6DR93
Q9NX02	522	E	G	A0A2K6DR93
Q9NX02	529	T	A	A0A2K6DR93
Q9NX02	529	T	A	A0A2K6DR93
Q9NX02	529	T	A	A0A2K6DR93
Q9NX02	558	F	L	A0A2K6DR93
Q9NX02	724	A	V	A0A2K6DR93
Q9NX02	724	A	V	A0A2K6DR93
Q9NX02	801	A	T	A0A2K6DR93
Q9NX02	801	A	T	A0A2K6DR93
Q9NX02	920	L	V	A0A2K6DR93
Q9NX02	974	L	V	A0A2K6DR93
Q9NX02	974	L	V	A0A2K6DR93
Q9NX02	1032	E	V	A0A2K6DR93
Q9NX02	1032	E	V	A0A2K6DR93
Q9NX02	1034	I	V	A0A2K6DR93
Q9NX02	1034	I	V	A0A2K6DR93
Q9NX02	1052	A	E	A0A2K6DR93
Q9NX02	1052	A	E	A0A2K6DR93
Q9NX02	1052	A	E	A0A2K6DR93
Q9NX02	4	S	L	A0A2K6DR93
Q9NX02	4	S	L	A0A2K6DR93
Q9NX02	195	F	L	A0A2K6DR93
Q9NX02	221	T	M	A0A2K6DR93
Q9NX02	221	T	R	A0A2K6DR93
Q9NX02	221	T	K	A0A2K6DR93
Q9NX02	221	T	M	A0A2K6DR93
Q9NX02	221	T	M	A0A2K6DR93
Q9NX02	349	E	Q	A0A2K6DR93
Q9NX02	349	E	K	A0A2K6DR93
Q9NX02	350	E	Q	A0A2K6DR93
Q9NX02	352	I	S	A0A2K6DR93
Q9NX02	354	I	V	A0A2K6DR93
Q9NX02	354	I	V	A0A2K6DR93
Q9NX02	359	F	L	A0A2K6DR93
Q9NX02	359	F	L	A0A2K6DR93
Q9NX02	364	R	K	A0A2K6DR93
Q9NX02	364	R	K	A0A2K6DR93
Q9NX02	406	T	R	A0A2K6DR93
Q9NX02	406	T	R	A0A2K6DR93
Q9NX02	516	T	A	A0A2K6DR93
Q9NX02	516	T	A	A0A2K6DR93
Q9NX02	516	T	A	A0A2K6DR93
Q9NX02	516	T	A	A0A2K6DR93
Q9NX02	522	E	G	A0A2K6DR93
Q9NX02	522	E	G	A0A2K6DR93
Q9NX02	522	E	G	A0A2K6DR93
Q9NX02	522	E	G	A0A2K6DR93
Q9NX02	529	T	A	A0A2K6DR93
Q9NX02	529	T	A	A0A2K6DR93
Q9NX02	529	T	A	A0A2K6DR93
Q9NX02	558	F	L	A0A2K6DR93
Q9NX02	724	A	V	A0A2K6DR93
Q9NX02	724	A	V	A0A2K6DR93
Q9NX02	801	A	T	A0A2K6DR93
Q9NX02	801	A	T	A0A2K6DR93
Q9NX02	920	L	V	A0A2K6DR93
Q9NX02	974	L	V	A0A2K6DR93
Q9NX02	974	L	V	A0A2K6DR93
Q9NX02	1032	E	V	A0A2K6DR93
Q9NX02	1032	E	V	A0A2K6DR93
Q9NX02	1034	I	V	A0A2K6DR93
Q9NX02	1034	I	V	A0A2K6DR93
Q9NX02	1052	A	E	A0A2K6DR93
Q9NX02	1052	A	E	A0A2K6DR93
Q9NX02	1052	A	E	A0A2K6DR93
Q9NX02	4	S	L	A0A2K6DR93
Q9NX02	4	S	L	A0A2K6DR93
Q9NX02	195	F	L	A0A2K6DR93
Q9NX02	221	T	M	A0A2K6DR93
Q9NX02	221	T	R	A0A2K6DR93
Q9NX02	221	T	M	A0A2K6DR93
Q9NX02	221	T	M	A0A2K6DR93
Q9NX02	221	T	K	A0A2K6DR93
Q9NX02	349	E	Q	A0A2K6DR93
Q9NX02	349	E	K	A0A2K6DR93
Q9NX02	350	E	Q	A0A2K6DR93
Q9NX02	352	I	S	A0A2K6DR93
Q9NX02	354	I	V	A0A2K6DR93
Q9NX02	354	I	V	A0A2K6DR93
Q9NX02	359	F	L	A0A2K6DR93
Q9NX02	359	F	L	A0A2K6DR93
Q9NX02	364	R	K	A0A2K6DR93
Q9NX02	364	R	K	A0A2K6DR93
Q9NX02	406	T	R	A0A2K6DR93
Q9NX02	406	T	R	A0A2K6DR93
Q9NX02	516	T	A	A0A2K6DR93
Q9NX02	516	T	A	A0A2K6DR93
Q9NX02	516	T	A	A0A2K6DR93
Q9NX02	516	T	A	A0A2K6DR93
Q9NX02	522	E	G	A0A2K6DR93
Q9NX02	522	E	G	A0A2K6DR93
Q9NX02	522	E	G	A0A2K6DR93
Q9NX02	522	E	G	A0A2K6DR93
Q9NX02	529	T	A	A0A2K6DR93
Q9NX02	529	T	A	A0A2K6DR93
Q9NX02	529	T	A	A0A2K6DR93
Q9NX02	558	F	L	A0A2K6DR93
Q9NX02	724	A	V	A0A2K6DR93
Q9NX02	724	A	V	A0A2K6DR93
Q9NX02	801	A	T	A0A2K6DR93
Q9NX02	801	A	T	A0A2K6DR93
Q9NX02	920	L	V	A0A2K6DR93
Q9NX02	974	L	V	A0A2K6DR93
Q9NX02	974	L	V	A0A2K6DR93
Q9NX02	1032	E	V	A0A2K6DR93
Q9NX02	1032	E	V	A0A2K6DR93
Q9NX02	1034	I	V	A0A2K6DR93
Q9NX02	1034	I	V	A0A2K6DR93
Q9NX02	1052	A	E	A0A2K6DR93
Q9NX02	1052	A	E	A0A2K6DR93
Q9NX02	1052	A	E	A0A2K6DR93
Q9NX02	4	S	L	A0A2K6DR93
Q9NX02	4	S	L	A0A2K6DR93
Q9NX02	195	F	L	A0A2K6DR93
Q9NX02	221	T	R	A0A2K6DR93
Q9NX02	221	T	M	A0A2K6DR93
Q9NX02	221	T	K	A0A2K6DR93
Q9NX02	221	T	M	A0A2K6DR93
Q9NX02	221	T	M	A0A2K6DR93
Q9NX02	349	E	K	A0A2K6DR93
Q9NX02	349	E	Q	A0A2K6DR93
Q9NX02	350	E	Q	A0A2K6DR93
Q9NX02	352	I	S	A0A2K6DR93
Q9NX02	354	I	V	A0A2K6DR93
Q9NX02	354	I	V	A0A2K6DR93
Q9NX02	359	F	L	A0A2K6DR93
Q9NX02	359	F	L	A0A2K6DR93
Q9NX02	364	R	K	A0A2K6DR93
Q9NX02	364	R	K	A0A2K6DR93
Q9NX02	406	T	R	A0A2K6DR93
Q9NX02	406	T	R	A0A2K6DR93
Q9NX02	516	T	A	A0A2K6DR93
Q9NX02	516	T	A	A0A2K6DR93
Q9NX02	516	T	A	A0A2K6DR93
Q9NX02	516	T	A	A0A2K6DR93
Q9NX02	522	E	G	A0A2K6DR93
Q9NX02	522	E	G	A0A2K6DR93
Q9NX02	522	E	G	A0A2K6DR93
Q9NX02	522	E	G	A0A2K6DR93
Q9NX02	529	T	A	A0A2K6DR93
Q9NX02	529	T	A	A0A2K6DR93
Q9NX02	529	T	A	A0A2K6DR93
Q9NX02	558	F	L	A0A2K6DR93
Q9NX02	724	A	V	A0A2K6DR93
Q9NX02	724	A	V	A0A2K6DR93
Q9NX02	801	A	T	A0A2K6DR93
Q9NX02	801	A	T	A0A2K6DR93
Q9NX02	920	L	V	A0A2K6DR93
Q9NX02	974	L	V	A0A2K6DR93
Q9NX02	974	L	V	A0A2K6DR93
Q9NX02	1032	E	V	A0A2K6DR93
Q9NX02	1032	E	V	A0A2K6DR93
Q9NX02	1034	I	V	A0A2K6DR93
Q9NX02	1034	I	V	A0A2K6DR93
Q9NX02	1052	A	E	A0A2K6DR93
Q9NX02	1052	A	E	A0A2K6DR93
Q9NX02	1052	A	E	A0A2K6DR93
Q9NX02	4	S	L	A0A2K6DR93
Q9NX02	4	S	L	A0A2K6DR93
Q9NX02	195	F	L	A0A2K6DR93
Q9NX02	221	T	M	A0A2K6DR93
Q9NX02	221	T	M	A0A2K6DR93
Q9NX02	221	T	K	A0A2K6DR93
Q9NX02	221	T	R	A0A2K6DR93
Q9NX02	221	T	M	A0A2K6DR93
Q9NX02	349	E	Q	A0A2K6DR93
Q9NX02	349	E	K	A0A2K6DR93
Q9NX02	350	E	Q	A0A2K6DR93
Q9NX02	352	I	S	A0A2K6DR93
Q9NX02	354	I	V	A0A2K6DR93
Q9NX02	354	I	V	A0A2K6DR93
Q9NX02	359	F	L	A0A2K6DR93
Q9NX02	359	F	L	A0A2K6DR93
Q9NX02	364	R	K	A0A2K6DR93
Q9NX02	364	R	K	A0A2K6DR93
Q9NX02	406	T	R	A0A2K6DR93
Q9NX02	406	T	R	A0A2K6DR93
Q9NX02	516	T	A	A0A2K6DR93
Q9NX02	516	T	A	A0A2K6DR93
Q9NX02	516	T	A	A0A2K6DR93
Q9NX02	516	T	A	A0A2K6DR93
Q9NX02	522	E	G	A0A2K6DR93
Q9NX02	522	E	G	A0A2K6DR93
Q9NX02	522	E	G	A0A2K6DR93
Q9NX02	522	E	G	A0A2K6DR93
Q9NX02	529	T	A	A0A2K6DR93
Q9NX02	529	T	A	A0A2K6DR93
Q9NX02	529	T	A	A0A2K6DR93
Q9NX02	558	F	L	A0A2K6DR93
Q9NX02	724	A	V	A0A2K6DR93
Q9NX02	724	A	V	A0A2K6DR93
Q9NX02	801	A	T	A0A2K6DR93
Q9NX02	801	A	T	A0A2K6DR93
Q9NX02	920	L	V	A0A2K6DR93
Q9NX02	974	L	V	A0A2K6DR93
Q9NX02	974	L	V	A0A2K6DR93
Q9NX02	1032	E	V	A0A2K6DR93
Q9NX02	1032	E	V	A0A2K6DR93
Q9NX02	1034	I	V	A0A2K6DR93
Q9NX02	1034	I	V	A0A2K6DR93
Q9NX02	1052	A	E	A0A2K6DR93
Q9NX02	1052	A	E	A0A2K6DR93
Q9NX02	1052	A	E	A0A2K6DR93
Q9NX02	4	S	L	A0A2K6DR93
Q9NX02	4	S	L	A0A2K6DR93
Q9NX02	195	F	L	A0A2K6DR93
Q9NX02	221	T	K	A0A2K6DR93
Q9NX02	221	T	M	A0A2K6DR93
Q9NX02	221	T	M	A0A2K6DR93
Q9NX02	221	T	R	A0A2K6DR93
Q9NX02	221	T	M	A0A2K6DR93
Q9NX02	349	E	K	A0A2K6DR93
Q9NX02	349	E	Q	A0A2K6DR93
Q9NX02	350	E	Q	A0A2K6DR93
Q9NX02	352	I	S	A0A2K6DR93
Q9NX02	354	I	V	A0A2K6DR93
Q9NX02	354	I	V	A0A2K6DR93
Q9NX02	359	F	L	A0A2K6DR93
Q9NX02	359	F	L	A0A2K6DR93
Q9NX02	364	R	K	A0A2K6DR93
Q9NX02	364	R	K	A0A2K6DR93
Q9NX02	406	T	R	A0A2K6DR93
Q9NX02	406	T	R	A0A2K6DR93
Q9NX02	516	T	A	A0A2K6DR93
Q9NX02	516	T	A	A0A2K6DR93
Q9NX02	516	T	A	A0A2K6DR93
Q9NX02	516	T	A	A0A2K6DR93
Q9NX02	522	E	G	A0A2K6DR93
Q9NX02	522	E	G	A0A2K6DR93
Q9NX02	522	E	G	A0A2K6DR93
Q9NX02	522	E	G	A0A2K6DR93
Q9NX02	529	T	A	A0A2K6DR93
Q9NX02	529	T	A	A0A2K6DR93
Q9NX02	529	T	A	A0A2K6DR93
Q9NX02	558	F	L	A0A2K6DR93
Q9NX02	724	A	V	A0A2K6DR93
Q9NX02	724	A	V	A0A2K6DR93
Q9NX02	801	A	T	A0A2K6DR93
Q9NX02	801	A	T	A0A2K6DR93
Q9NX02	920	L	V	A0A2K6DR93
Q9NX02	974	L	V	A0A2K6DR93
Q9NX02	974	L	V	A0A2K6DR93
Q9NX02	1032	E	V	A0A2K6DR93
Q9NX02	1032	E	V	A0A2K6DR93
Q9NX02	1034	I	V	A0A2K6DR93
Q9NX02	1034	I	V	A0A2K6DR93
Q9NX02	1052	A	E	A0A2K6DR93
Q9NX02	1052	A	E	A0A2K6DR93
Q9NX02	1052	A	E	A0A2K6DR93
Q9NX02	4	S	L	A0A2K6DR93
Q9NX02	4	S	L	A0A2K6DR93
Q9NX02	195	F	L	A0A2K6DR93
Q9NX02	221	T	M	A0A2K6DR93
Q9NX02	221	T	M	A0A2K6DR93
Q9NX02	221	T	R	A0A2K6DR93
Q9NX02	221	T	K	A0A2K6DR93
Q9NX02	221	T	M	A0A2K6DR93
Q9NX02	349	E	Q	A0A2K6DR93
Q9NX02	349	E	K	A0A2K6DR93
Q9NX02	350	E	Q	A0A2K6DR93
Q9NX02	352	I	S	A0A2K6DR93
Q9NX02	354	I	V	A0A2K6DR93
Q9NX02	354	I	V	A0A2K6DR93
Q9NX02	359	F	L	A0A2K6DR93
Q9NX02	359	F	L	A0A2K6DR93
Q9NX02	364	R	K	A0A2K6DR93
Q9NX02	364	R	K	A0A2K6DR93
Q9NX02	406	T	R	A0A2K6DR93
Q9NX02	406	T	R	A0A2K6DR93
Q9NX02	516	T	A	A0A2K6DR93
Q9NX02	516	T	A	A0A2K6DR93
Q9NX02	516	T	A	A0A2K6DR93
Q9NX02	516	T	A	A0A2K6DR93
Q9NX02	522	E	G	A0A2K6DR93
Q9NX02	522	E	G	A0A2K6DR93
Q9NX02	522	E	G	A0A2K6DR93
Q9NX02	522	E	G	A0A2K6DR93
Q9NX02	529	T	A	A0A2K6DR93
Q9NX02	529	T	A	A0A2K6DR93
Q9NX02	529	T	A	A0A2K6DR93
Q9NX02	558	F	L	A0A2K6DR93
Q9NX02	724	A	V	A0A2K6DR93
Q9NX02	724	A	V	A0A2K6DR93
Q9NX02	801	A	T	A0A2K6DR93
Q9NX02	801	A	T	A0A2K6DR93
Q9NX02	920	L	V	A0A2K6DR93
Q9NX02	974	L	V	A0A2K6DR93
Q9NX02	974	L	V	A0A2K6DR93
Q9NX02	1032	E	V	A0A2K6DR93
Q9NX02	1032	E	V	A0A2K6DR93
Q9NX02	1034	I	V	A0A2K6DR93
Q9NX02	1034	I	V	A0A2K6DR93
Q9NX02	1052	A	E	A0A2K6DR93
Q9NX02	1052	A	E	A0A2K6DR93
Q9NX02	1052	A	E	A0A2K6DR93
Q9NX02	4	S	L	A0A2K6DR93
Q9NX02	4	S	L	A0A2K6DR93
Q9NX02	195	F	L	A0A2K6DR93
Q9NX02	221	T	R	A0A2K6DR93
Q9NX02	221	T	M	A0A2K6DR93
Q9NX02	221	T	M	A0A2K6DR93
Q9NX02	221	T	M	A0A2K6DR93
Q9NX02	221	T	K	A0A2K6DR93
Q9NX02	349	E	Q	A0A2K6DR93
Q9NX02	349	E	K	A0A2K6DR93
Q9NX02	350	E	Q	A0A2K6DR93
Q9NX02	352	I	S	A0A2K6DR93
Q9NX02	354	I	V	A0A2K6DR93
Q9NX02	354	I	V	A0A2K6DR93
Q9NX02	359	F	L	A0A2K6DR93
Q9NX02	359	F	L	A0A2K6DR93
Q9NX02	364	R	K	A0A2K6DR93
Q9NX02	364	R	K	A0A2K6DR93
Q9NX02	406	T	R	A0A2K6DR93
Q9NX02	406	T	R	A0A2K6DR93
Q9NX02	516	T	A	A0A2K6DR93
Q9NX02	516	T	A	A0A2K6DR93
Q9NX02	516	T	A	A0A2K6DR93
Q9NX02	516	T	A	A0A2K6DR93
Q9NX02	522	E	G	A0A2K6DR93
Q9NX02	522	E	G	A0A2K6DR93
Q9NX02	522	E	G	A0A2K6DR93
Q9NX02	522	E	G	A0A2K6DR93
Q9NX02	529	T	A	A0A2K6DR93
Q9NX02	529	T	A	A0A2K6DR93
Q9NX02	529	T	A	A0A2K6DR93
Q9NX02	558	F	L	A0A2K6DR93
Q9NX02	724	A	V	A0A2K6DR93
Q9NX02	724	A	V	A0A2K6DR93
Q9NX02	801	A	T	A0A2K6DR93
Q9NX02	801	A	T	A0A2K6DR93
Q9NX02	920	L	V	A0A2K6DR93
Q9NX02	974	L	V	A0A2K6DR93
Q9NX02	974	L	V	A0A2K6DR93
Q9NX02	1032	E	V	A0A2K6DR93
Q9NX02	1032	E	V	A0A2K6DR93
Q9NX02	1034	I	V	A0A2K6DR93
Q9NX02	1034	I	V	A0A2K6DR93
Q9NX02	1052	A	E	A0A2K6DR93
Q9NX02	1052	A	E	A0A2K6DR93
Q9NX02	1052	A	E	A0A2K6DR93
Q9NX02	4	S	L	A0A2K6DR93
Q9NX02	4	S	L	A0A2K6DR93
Q9NX02	195	F	L	A0A2K6DR93
Q9NX02	221	T	K	A0A2K6DR93
Q9NX02	221	T	M	A0A2K6DR93
Q9NX02	221	T	M	A0A2K6DR93
Q9NX02	221	T	M	A0A2K6DR93
Q9NX02	221	T	R	A0A2K6DR93
Q9NX02	349	E	Q	A0A2K6DR93
Q9NX02	349	E	K	A0A2K6DR93
Q9NX02	350	E	Q	A0A2K6DR93
Q9NX02	352	I	S	A0A2K6DR93
Q9NX02	354	I	V	A0A2K6DR93
Q9NX02	354	I	V	A0A2K6DR93
Q9NX02	359	F	L	A0A2K6DR93
Q9NX02	359	F	L	A0A2K6DR93
Q9NX02	364	R	K	A0A2K6DR93
Q9NX02	364	R	K	A0A2K6DR93
Q9NX02	406	T	R	A0A2K6DR93
Q9NX02	406	T	R	A0A2K6DR93
Q9NX02	516	T	A	A0A2K6DR93
Q9NX02	516	T	A	A0A2K6DR93
Q9NX02	516	T	A	A0A2K6DR93
Q9NX02	516	T	A	A0A2K6DR93
Q9NX02	522	E	G	A0A2K6DR93
Q9NX02	522	E	G	A0A2K6DR93
Q9NX02	522	E	G	A0A2K6DR93
Q9NX02	522	E	G	A0A2K6DR93
Q9NX02	529	T	A	A0A2K6DR93
Q9NX02	529	T	A	A0A2K6DR93
Q9NX02	529	T	A	A0A2K6DR93
Q9NX02	558	F	L	A0A2K6DR93
Q9NX02	724	A	V	A0A2K6DR93
Q9NX02	724	A	V	A0A2K6DR93
Q9NX02	801	A	T	A0A2K6DR93
Q9NX02	801	A	T	A0A2K6DR93
Q9NX02	920	L	V	A0A2K6DR93
Q9NX02	974	L	V	A0A2K6DR93
Q9NX02	974	L	V	A0A2K6DR93
Q9NX02	1032	E	V	A0A2K6DR93
Q9NX02	1032	E	V	A0A2K6DR93
Q9NX02	1034	I	V	A0A2K6DR93
Q9NX02	1034	I	V	A0A2K6DR93
Q9NX02	1052	A	E	A0A2K6DR93
Q9NX02	1052	A	E	A0A2K6DR93
Q9NX02	1052	A	E	A0A2K6DR93
Q9NX02	4	S	L	A0A2K6DR93
Q9NX02	4	S	L	A0A2K6DR93
Q9NX02	195	F	L	A0A2K6DR93
Q9NX02	221	T	K	A0A2K6DR93
Q9NX02	221	T	M	A0A2K6DR93
Q9NX02	221	T	R	A0A2K6DR93
Q9NX02	221	T	M	A0A2K6DR93
Q9NX02	221	T	M	A0A2K6DR93
Q9NX02	349	E	Q	A0A2K6DR93
Q9NX02	349	E	K	A0A2K6DR93
Q9NX02	350	E	Q	A0A2K6DR93
Q9NX02	352	I	S	A0A2K6DR93
Q9NX02	354	I	V	A0A2K6DR93
Q9NX02	354	I	V	A0A2K6DR93
Q9NX02	359	F	L	A0A2K6DR93
Q9NX02	359	F	L	A0A2K6DR93
Q9NX02	364	R	K	A0A2K6DR93
Q9NX02	364	R	K	A0A2K6DR93
Q9NX02	406	T	R	A0A2K6DR93
Q9NX02	406	T	R	A0A2K6DR93
Q9NX02	516	T	A	A0A2K6DR93
Q9NX02	516	T	A	A0A2K6DR93
Q9NX02	516	T	A	A0A2K6DR93
Q9NX02	516	T	A	A0A2K6DR93
Q9NX02	522	E	G	A0A2K6DR93
Q9NX02	522	E	G	A0A2K6DR93
Q9NX02	522	E	G	A0A2K6DR93
Q9NX02	522	E	G	A0A2K6DR93
Q9NX02	529	T	A	A0A2K6DR93
Q9NX02	529	T	A	A0A2K6DR93
Q9NX02	529	T	A	A0A2K6DR93
Q9NX02	558	F	L	A0A2K6DR93
Q9NX02	724	A	V	A0A2K6DR93
Q9NX02	724	A	V	A0A2K6DR93
Q9NX02	801	A	T	A0A2K6DR93
Q9NX02	801	A	T	A0A2K6DR93
Q9NX02	920	L	V	A0A2K6DR93
Q9NX02	974	L	V	A0A2K6DR93
Q9NX02	974	L	V	A0A2K6DR93
Q9NX02	1032	E	V	A0A2K6DR93
Q9NX02	1032	E	V	A0A2K6DR93
Q9NX02	1034	I	V	A0A2K6DR93
Q9NX02	1034	I	V	A0A2K6DR93
Q9NX02	1052	A	E	A0A2K6DR93
Q9NX02	1052	A	E	A0A2K6DR93
Q9NX02	1052	A	E	A0A2K6DR93
Q9NX02	4	S	L	A0A2K6DR93
Q9NX02	4	S	L	A0A2K6DR93
Q9NX02	195	F	L	A0A2K6DR93
Q9NX02	221	T	K	A0A2K6DR93
Q9NX02	221	T	M	A0A2K6DR93
Q9NX02	221	T	R	A0A2K6DR93
Q9NX02	221	T	M	A0A2K6DR93
Q9NX02	221	T	M	A0A2K6DR93
Q9NX02	349	E	Q	A0A2K6DR93
Q9NX02	349	E	K	A0A2K6DR93
Q9NX02	350	E	Q	A0A2K6DR93
Q9NX02	352	I	S	A0A2K6DR93
Q9NX02	354	I	V	A0A2K6DR93
Q9NX02	354	I	V	A0A2K6DR93
Q9NX02	359	F	L	A0A2K6DR93
Q9NX02	359	F	L	A0A2K6DR93
Q9NX02	364	R	K	A0A2K6DR93
Q9NX02	364	R	K	A0A2K6DR93
Q9NX02	406	T	R	A0A2K6DR93
Q9NX02	406	T	R	A0A2K6DR93
Q9NX02	516	T	A	A0A2K6DR93
Q9NX02	516	T	A	A0A2K6DR93
Q9NX02	516	T	A	A0A2K6DR93
Q9NX02	516	T	A	A0A2K6DR93
Q9NX02	522	E	G	A0A2K6DR93
Q9NX02	522	E	G	A0A2K6DR93
Q9NX02	522	E	G	A0A2K6DR93
Q9NX02	522	E	G	A0A2K6DR93
Q9NX02	529	T	A	A0A2K6DR93
Q9NX02	529	T	A	A0A2K6DR93
Q9NX02	529	T	A	A0A2K6DR93
Q9NX02	558	F	L	A0A2K6DR93
Q9NX02	724	A	V	A0A2K6DR93
Q9NX02	724	A	V	A0A2K6DR93
Q9NX02	801	A	T	A0A2K6DR93
Q9NX02	801	A	T	A0A2K6DR93
Q9NX02	920	L	V	A0A2K6DR93
Q9NX02	974	L	V	A0A2K6DR93
Q9NX02	974	L	V	A0A2K6DR93
Q9NX02	1032	E	V	A0A2K6DR93
Q9NX02	1032	E	V	A0A2K6DR93
Q9NX02	1034	I	V	A0A2K6DR93
Q9NX02	1034	I	V	A0A2K6DR93
Q9NX02	1052	A	E	A0A2K6DR93
Q9NX02	1052	A	E	A0A2K6DR93
Q9NX02	1052	A	E	A0A2K6DR93
Q9NX02	4	S	L	A0A2K6DR93
Q9NX02	4	S	L	A0A2K6DR93
Q9NX02	195	F	L	A0A2K6DR93
Q9NX02	221	T	R	A0A2K6DR93
Q9NX02	221	T	M	A0A2K6DR93
Q9NX02	221	T	K	A0A2K6DR93
Q9NX02	221	T	M	A0A2K6DR93
Q9NX02	221	T	M	A0A2K6DR93
Q9NX02	349	E	Q	A0A2K6DR93
Q9NX02	349	E	K	A0A2K6DR93
Q9NX02	350	E	Q	A0A2K6DR93
Q9NX02	352	I	S	A0A2K6DR93
Q9NX02	354	I	V	A0A2K6DR93
Q9NX02	354	I	V	A0A2K6DR93
Q9NX02	359	F	L	A0A2K6DR93
Q9NX02	359	F	L	A0A2K6DR93
Q9NX02	364	R	K	A0A2K6DR93
Q9NX02	364	R	K	A0A2K6DR93
Q9NX02	406	T	R	A0A2K6DR93
Q9NX02	406	T	R	A0A2K6DR93
Q9NX02	516	T	A	A0A2K6DR93
Q9NX02	516	T	A	A0A2K6DR93
Q9NX02	516	T	A	A0A2K6DR93
Q9NX02	516	T	A	A0A2K6DR93
Q9NX02	522	E	G	A0A2K6DR93
Q9NX02	522	E	G	A0A2K6DR93
Q9NX02	522	E	G	A0A2K6DR93
Q9NX02	522	E	G	A0A2K6DR93
Q9NX02	529	T	A	A0A2K6DR93
Q9NX02	529	T	A	A0A2K6DR93
Q9NX02	529	T	A	A0A2K6DR93
Q9NX02	558	F	L	A0A2K6DR93
Q9NX02	724	A	V	A0A2K6DR93
Q9NX02	724	A	V	A0A2K6DR93
Q9NX02	801	A	T	A0A2K6DR93
Q9NX02	801	A	T	A0A2K6DR93
Q9NX02	920	L	V	A0A2K6DR93
Q9NX02	974	L	V	A0A2K6DR93
Q9NX02	974	L	V	A0A2K6DR93
Q9NX02	1032	E	V	A0A2K6DR93
Q9NX02	1032	E	V	A0A2K6DR93
Q9NX02	1034	I	V	A0A2K6DR93
Q9NX02	1034	I	V	A0A2K6DR93
Q9NX02	1052	A	E	A0A2K6DR93
Q9NX02	1052	A	E	A0A2K6DR93
Q9NX02	1052	A	E	A0A2K6DR93
Q9NX08	17	A	P	H0VSK8
Q9NX08	58	I	S	H0VSK8
Q9NX61	455	I	V	A0A2D0PS48
Q9NX65	92	E	D	L5KMS4
Q9NX65	332	Y	H	L5KMS4
Q9NXK6	11	S	N	G1T8N2
Q9NXK6	11	S	N	G1T8N2
Q9NXK6	11	S	N	G1T8N2
Q9NY47	39	G	R	A0A1V4K8V4
Q9NY47	75	R	Q	A0A1V4K8V4
Q9NY47	75	R	Q	A0A1V4K8V4
Q9NY47	75	R	Q	A0A1V4K8V4
Q9NY47	75	R	Q	A0A1V4K8V4
Q9NY47	91	V	I	A0A1V4K8V4
Q9NY47	91	V	I	A0A1V4K8V4
Q9NY47	95	R	H	A0A1V4K8V4
Q9NY47	95	R	H	A0A1V4K8V4
Q9NY47	677	V	I	A0A1V4K8V4
Q9NY47	677	V	I	A0A1V4K8V4
Q9NY47	1117	V	I	A0A1V4K8V4
Q9NY47	1117	V	I	A0A1V4K8V4
Q9NY47	1117	V	I	A0A1V4K8V4
Q9NY47	1117	V	I	A0A1V4K8V4
Q9NY87	17	D	E	Q9NS25
Q9NY87	21	A	V	Q9NS25
Q9NY87	23	E	K	Q9NS25
Q9NY87	24	M	T	Q9NS25
Q9NY87	29	S	P	Q9NS25
Q9NY87	30	S	T	Q9NS25
Q9NY87	32	Y	D	Q9NS25
Q9NY87	59	V	L	Q9NS25
Q9NY87	68	V	L	Q9NS25
Q9NY87	80	L	H	Q9NS25
Q9NY87	80	L	V	Q9NS25
Q9NYA1	379	P	L	A0A2U3Z9Q1
Q9NYA1	379	P	L	A0A2U3Z9Q1
Q9NYA1	379	P	L	A0A2U3Z9Q1
Q9NYA1	379	P	L	A0A2U3Z9Q1
Q9NYA1	379	P	L	A0A2U3Z9Q1
Q9NYA1	379	P	L	A0A2U3Z9Q1
Q9NYU1	175	P	L	W4XSK4
Q9NYU1	175	P	L	W4XSK4
Q9NYU1	255	T	A	W4XSK4
Q9NYU1	255	T	A	W4XSK4
Q9NYU1	323	A	T	W4XSK4
Q9NYU1	328	S	A	W4XSK4
Q9NYU1	821	A	T	W4XSK4
Q9NYU1	994	M	L	W4XSK4
Q9NYU1	1268	N	Y	W4XSK4
Q9NYU1	1285	Y	F	W4XSK4
Q9NYU1	1285	Y	F	W4XSK4
Q9NYU1	1369	G	R	W4XSK4
Q9NYU1	1369	G	R	W4XSK4
Q9NYU1	1381	H	R	W4XSK4
Q9NYU2	669	A	V	W4XSK4
Q9NYU2	669	A	V	W4XSK4
Q9NYU2	982	E	D	W4XSK4
Q9NYU2	982	E	D	W4XSK4
Q9NYU2	1139	N	S	W4XSK4
Q9NYU2	1139	N	S	W4XSK4
Q9NYU2	1188	P	L	W4XSK4
Q9NYU2	1188	P	L	W4XSK4
Q9NYU2	1237	K	R	W4XSK4
Q9NYU2	1237	K	R	W4XSK4
Q9NYV4	1096	S	P	B5DE93
Q9NYV4	1131	I	V	B5DE93
Q9NYV4	1131	I	V	B5DE93
Q9NYV4	1131	I	V	B5DE93
Q9NYV4	1189	L	Q	B5DE93
Q9NYV4	1189	L	Q	B5DE93
Q9NYV4	1189	L	Q	B5DE93
Q9NYV4	1195	T	M	B5DE93
Q9NYV4	1195	T	M	B5DE93
Q9NYV4	1195	T	M	B5DE93
Q9NYV4	1275	P	L	B5DE93
Q9NYV4	1275	P	L	B5DE93
Q9NYV4	1275	P	L	B5DE93
Q9NYW7	111	R	H	I3MQD4
Q9NYW7	141	C	Y	I3MQD4
Q9NYW7	141	C	Y	I3MQD4
Q9NYW7	206	R	W	I3MQD4
Q9NZ71	124	N	S	A0A212CBW5
Q9NZ71	340	G	S	A0A212CBW5
Q9NZ71	340	G	S	A0A212CBW5
Q9NZ71	340	G	S	A0A212CBW5
Q9NZ71	576	R	H	A0A212CBW5
Q9NZ71	576	R	H	A0A212CBW5
Q9NZ71	576	R	H	A0A212CBW5
Q9NZ71	576	R	H	A0A212CBW5
Q9NZ71	576	R	H	A0A212CBW5
Q9NZ71	684	R	Q	A0A212CBW5
Q9NZ71	684	R	Q	A0A212CBW5
Q9NZ71	684	R	Q	A0A212CBW5
Q9NZ71	684	R	Q	A0A212CBW5
Q9NZ71	684	R	Q	A0A212CBW5
Q9NZ71	810	G	R	A0A212CBW5
Q9NZ71	810	G	R	A0A212CBW5
Q9NZ71	849	G	D	A0A212CBW5
Q9NZ71	849	G	D	A0A212CBW5
Q9NZ71	849	G	D	A0A212CBW5
Q9NZ71	849	G	D	A0A212CBW5
Q9NZ71	849	G	D	A0A212CBW5
Q9NZ71	888	V	L	A0A212CBW5
Q9NZ71	893	T	M	A0A212CBW5
Q9NZ71	893	T	M	A0A212CBW5
Q9NZ71	893	T	M	A0A212CBW5
Q9NZ71	929	A	T	A0A212CBW5
Q9NZ71	929	A	T	A0A212CBW5
Q9NZ71	928-929	FA	FT	A0A212CBW5
Q9NZ71	928-929	FA	FT	A0A212CBW5
Q9NZ71	929	A	T	A0A212CBW5
Q9NZ71	929	A	T	A0A212CBW5
Q9NZ71	929	A	T	A0A212CBW5
Q9NZ71	937	P	L	A0A212CBW5
Q9NZ71	937	P	L	A0A212CBW5
Q9NZ71	937	P	L	A0A212CBW5
Q9NZ71	937	P	L	A0A212CBW5
Q9NZ71	941	E	D	A0A212CBW5
Q9NZ71	941	E	D	A0A212CBW5
Q9NZ71	941	E	D	A0A212CBW5
Q9NZ71	941	E	D	A0A212CBW5
Q9NZ71	966	E	D	A0A212CBW5
Q9NZ71	966	E	D	A0A212CBW5
Q9NZ71	972	T	I	A0A212CBW5
Q9NZ71	972	T	I	A0A212CBW5
Q9NZ71	972	T	I	A0A212CBW5
Q9NZ71	992	P	L	A0A212CBW5
Q9NZ71	992	P	L	A0A212CBW5
Q9NZ71	992	P	L	A0A212CBW5
Q9NZ71	1013	A	V	A0A212CBW5
Q9NZ71	1013	A	V	A0A212CBW5
Q9NZ71	1013	A	V	A0A212CBW5
Q9NZ71	1017	D	N	A0A212CBW5
Q9NZ71	1017	D	N	A0A212CBW5
Q9NZ71	1019	Q	R	A0A212CBW5
Q9NZ71	1019	Q	R	A0A212CBW5
Q9NZ71	1019	Q	R	A0A212CBW5
Q9NZ71	1034	P	H	A0A212CBW5
Q9NZ71	1034	P	H	A0A212CBW5
Q9NZ71	1034	P	H	A0A212CBW5
Q9NZ71	1034	P	H	A0A212CBW5
Q9NZ71	1034	P	H	A0A212CBW5
Q9NZ71	1042	Q	H	A0A212CBW5
Q9NZ71	1042	Q	H	A0A212CBW5
Q9NZ71	1042	Q	H	A0A212CBW5
Q9NZ71	1042	Q	H	A0A212CBW5
Q9NZ71	1042	Q	H	A0A212CBW5
Q9NZ71	1042	Q	H	A0A212CBW5
Q9NZ71	1042	Q	H	A0A212CBW5
Q9NZ71	1059	A	T	A0A212CBW5
Q9NZ71	1059	A	T	A0A212CBW5
Q9NZ71	1059	A	T	A0A212CBW5
Q9NZ71	1059	A	T	A0A212CBW5
Q9NZD4	100	P	T	A0A2K6GTK6
Q9NZD4	100	P	T	A0A2K6GTK6
Q9NZJ5	12	R	P	A0A224X6F3
Q9NZJ5	52	A	T	A0A224X6F3
Q9NZJ5	52	A	T	A0A224X6F3
Q9NZJ5	52	A	T	A0A224X6F3
Q9NZJ5	52	A	T	A0A224X6F3
Q9NZJ5	52	A	T	A0A224X6F3
Q9NZJ5	52	A	T	A0A224X6F3
Q9NZJ5	79	P	L	A0A224X6F3
Q9NZJ5	79	P	L	A0A224X6F3
Q9NZJ5	79	P	L	A0A224X6F3
Q9NZJ5	79	P	L	A0A224X6F3
Q9NZJ5	132	V	M	A0A224X6F3
Q9NZJ5	132	V	M	A0A224X6F3
Q9NZJ5	136	S	C	A0A224X6F3
Q9NZJ5	136	S	C	A0A224X6F3
Q9NZJ5	136	S	C	A0A224X6F3
Q9NZJ5	136	S	C	A0A224X6F3
Q9NZJ5	166	Q	R	A0A224X6F3
Q9NZJ5	166	Q	R	A0A224X6F3
Q9NZJ5	166	Q	R	A0A224X6F3
Q9NZJ5	166	Q	R	A0A224X6F3
Q9NZJ5	166	Q	R	A0A224X6F3
Q9NZJ5	302	E	D	A0A224X6F3
Q9NZJ5	302	E	D	A0A224X6F3
Q9NZJ5	302	E	D	A0A224X6F3
Q9NZJ5	586	I	L	A0A224X6F3
Q9NZJ5	586	I	L	A0A224X6F3
Q9NZJ5	586	I	L	A0A224X6F3
Q9NZJ5	586	I	L	A0A224X6F3
Q9NZJ5	586	I	L	A0A224X6F3
Q9NZJ5	672	E	K	A0A224X6F3
Q9NZJ5	672	E	K	A0A224X6F3
Q9NZJ5	672	E	K	A0A224X6F3
Q9NZJ5	704	A	S	A0A224X6F3
Q9NZJ5	704	A	S	A0A224X6F3
Q9NZJ5	704	A	S	A0A224X6F3
Q9NZJ5	704	A	S	A0A224X6F3
Q9NZJ5	762	Q	H	A0A224X6F3
Q9NZJ5	762	Q	H	A0A224X6F3
Q9NZJ5	762	Q	H	A0A224X6F3
Q9NZL3	61	R	G	A0A2Y9RUA5
Q9NZL3	118	M	V	A0A2Y9RUA5
Q9NZL3	162	H	L	A0A2Y9RUA5
Q9NZL3	177	T	M	A0A2Y9RUA5
Q9NZL3	214	S	N	A0A2Y9RUA5
Q9NZL3	214	S	N	A0A2Y9RUA5
Q9NZL3	376	E	Q	A0A2Y9RUA5
Q9NZL3	376	E	Q	A0A2Y9RUA5
Q9NZL3	447	Q	H	A0A2Y9RUA5
Q9NZL3	447	Q	H	A0A2Y9RUA5
Q9NZL3	640	K	E	A0A2Y9RUA5
Q9NZL3	61	R	G	A0A2Y9RUA5
Q9NZL3	118	M	V	A0A2Y9RUA5
Q9NZL3	162	H	L	A0A2Y9RUA5
Q9NZL3	177	T	M	A0A2Y9RUA5
Q9NZL3	214	S	N	A0A2Y9RUA5
Q9NZL3	214	S	N	A0A2Y9RUA5
Q9NZL3	376	E	Q	A0A2Y9RUA5
Q9NZL3	376	E	Q	A0A2Y9RUA5
Q9NZL3	447	Q	H	A0A2Y9RUA5
Q9NZL3	447	Q	H	A0A2Y9RUA5
Q9NZL3	640	K	E	A0A2Y9RUA5
Q9NZL3	61	R	G	A0A2Y9RUA5
Q9NZL3	118	M	V	A0A2Y9RUA5
Q9NZL3	162	H	L	A0A2Y9RUA5
Q9NZL3	177	T	M	A0A2Y9RUA5
Q9NZL3	214	S	N	A0A2Y9RUA5
Q9NZL3	214	S	N	A0A2Y9RUA5
Q9NZL3	376	E	Q	A0A2Y9RUA5
Q9NZL3	376	E	Q	A0A2Y9RUA5
Q9NZL3	447	Q	H	A0A2Y9RUA5
Q9NZL3	447	Q	H	A0A2Y9RUA5
Q9NZL3	640	K	E	A0A2Y9RUA5
Q9NZM5	16	S	R	M3WE30
Q9NZM5	31	D	H	M3WE30
Q9NZM5	389	Q	R	M3WE30
Q9NZM5	401	D	A	M3WE30
Q9NZN4	48	P	L	S9X9D0
Q9P0L1	153	F	S	F6XAK9
Q9P0L1	432	T	A	F6XAK9
Q9P0L1	483	T	I	F6XAK9
Q9P0L1	153	F	S	F6XAK9
Q9P0L1	432	T	A	F6XAK9
Q9P0L1	483	T	I	F6XAK9
Q9P0L1	153	F	S	F6XAK9
Q9P0L1	153	F	S	F6XAK9
Q9P0L1	432	T	A	F6XAK9
Q9P0L1	432	T	A	F6XAK9
Q9P0L1	483	T	I	F6XAK9
Q9P0L1	483	T	I	F6XAK9
Q9P0L1	153	F	S	F6XAK9
Q9P0L1	153	F	S	F6XAK9
Q9P0L1	432	T	A	F6XAK9
Q9P0L1	432	T	A	F6XAK9
Q9P0L1	483	T	I	F6XAK9
Q9P0L1	483	T	I	F6XAK9
Q9P0N9	67	L	W	G3H0G5
Q9P0N9	67	L	W	G3H0G5
Q9P0N9	67	L	W	G3H0G5
Q9P0N9	136	A	T	G3H0G5
Q9P0N9	136	A	T	G3H0G5
Q9P0N9	136	A	T	G3H0G5
Q9P0N9	138	A	D	G3H0G5
Q9P0N9	138	A	D	G3H0G5
Q9P0N9	138	A	D	G3H0G5
Q9P0N9	198	A	V	G3H0G5
Q9P0N9	198	A	V	G3H0G5
Q9P0N9	67	L	W	G3H0G5
Q9P0N9	67	L	W	G3H0G5
Q9P0N9	67	L	W	G3H0G5
Q9P0N9	136	A	T	G3H0G5
Q9P0N9	136	A	T	G3H0G5
Q9P0N9	136	A	T	G3H0G5
Q9P0N9	138	A	D	G3H0G5
Q9P0N9	138	A	D	G3H0G5
Q9P0N9	138	A	D	G3H0G5
Q9P0N9	198	A	V	G3H0G5
Q9P0N9	198	A	V	G3H0G5
Q9P0N9	67	L	W	G3H0G5
Q9P0N9	67	L	W	G3H0G5
Q9P0N9	67	L	W	G3H0G5
Q9P0N9	136	A	T	G3H0G5
Q9P0N9	136	A	T	G3H0G5
Q9P0N9	136	A	T	G3H0G5
Q9P0N9	138	A	D	G3H0G5
Q9P0N9	138	A	D	G3H0G5
Q9P0N9	138	A	D	G3H0G5
Q9P0N9	198	A	V	G3H0G5
Q9P0N9	198	A	V	G3H0G5
Q9P0W0	97	I	N	A0A2Y9E5X3
Q9P0W0	133	K	E	A0A2Y9E5X3
Q9P1Q0	561	S	C	K1Q8F6
Q9P1Q0	561	S	C	K1Q8F6
Q9P1Q0	912	M	I	K1Q8F6
Q9P1T7	60	S	F	A0A2K6EG30
Q9P1T7	60	S	F	A0A2K6EG30
Q9P1T7	116	G	R	A0A2K6EG30
Q9P1T7	116	G	R	A0A2K6EG30
Q9P1U0	14	Q	H	A0A1I7YDP2
Q9P1U0	14	Q	H	A0A1I7YDP2
Q9P1U0	14	Q	H	A0A1I7YDP2
Q9P1U0	14	Q	H	A0A1I7YDP2
Q9P1U0	14	Q	H	A0A1I7YDP2
Q9P1U0	14	Q	H	A0A1I7YDP2
Q9P1U0	14	Q	H	A0A1I7YDP2
Q9P1U0	14	Q	H	A0A1I7YDP2
Q9P1U0	14	Q	H	A0A1I7YDP2
Q9P1U0	14	Q	H	A0A1I7YDP2
Q9P1U0	14	Q	H	A0A1I7YDP2
Q9P1U0	14	Q	H	A0A1I7YDP2
Q9P1U0	14	Q	H	A0A1I7YDP2
Q9P1U0	14	Q	H	A0A1I7YDP2
Q9P1U0	14	Q	H	A0A1I7YDP2
Q9P1U0	14	Q	H	A0A1I7YDP2
Q9P1U0	14	Q	H	A0A1I7YDP2
Q9P1U0	14	Q	H	A0A1I7YDP2
Q9P1U0	14	Q	H	A0A1I7YDP2
Q9P1U0	14	Q	H	A0A1I7YDP2
Q9P1U0	14	Q	H	A0A1I7YDP2
Q9P1U0	14	Q	H	A0A1I7YDP2
Q9P1U0	14	Q	H	A0A1I7YDP2
Q9P1U0	14	Q	H	A0A1I7YDP2
Q9P1U0	14	Q	H	A0A1I7YDP2
Q9P1U0	14	Q	H	A0A1I7YDP2
Q9P1U0	14	Q	H	A0A1I7YDP2
Q9P1U0	14	Q	H	A0A1I7YDP2
Q9P1U0	14	Q	H	A0A1I7YDP2
Q9P1U0	14	Q	H	A0A1I7YDP2
Q9P1U0	14	Q	H	A0A1I7YDP2
Q9P1U0	14	Q	H	A0A1I7YDP2
Q9P1U0	14	Q	H	A0A1I7YDP2
Q9P1U0	14	Q	H	A0A1I7YDP2
Q9P1U0	14	Q	H	A0A1I7YDP2
Q9P1U0	14	Q	H	A0A1I7YDP2
Q9P1U0	14	Q	H	A0A1I7YDP2
Q9P1U0	14	Q	H	A0A1I7YDP2
Q9P1U0	14	Q	H	A0A1I7YDP2
Q9P1U0	14	Q	H	A0A1I7YDP2
Q9P1U0	14	Q	H	A0A1I7YDP2
Q9P1U0	14	Q	H	A0A1I7YDP2
Q9P1U0	14	Q	H	A0A1I7YDP2
Q9P1U0	14	Q	H	A0A1I7YDP2
Q9P1U0	14	Q	H	A0A1I7YDP2
Q9P1U0	14	Q	H	A0A1I7YDP2
Q9P1U0	14	Q	H	A0A1I7YDP2
Q9P1U0	14	Q	H	A0A1I7YDP2
Q9P1U0	14	Q	H	A0A1I7YDP2
Q9P1U0	14	Q	H	A0A1I7YDP2
Q9P1U0	14	Q	H	A0A1I7YDP2
Q9P1U0	14	Q	H	A0A1I7YDP2
Q9P1U0	14	Q	H	A0A1I7YDP2
Q9P1U0	14	Q	H	A0A1I7YDP2
Q9P1U0	14	Q	H	A0A1I7YDP2
Q9P1U0	14	Q	H	A0A1I7YDP2
Q9P1U0	14	Q	H	A0A1I7YDP2
Q9P1U0	14	Q	H	A0A1I7YDP2
Q9P1U0	14	Q	H	A0A1I7YDP2
Q9P1U0	14	Q	H	A0A1I7YDP2
Q9P1W3	115	T	A	A0A1S3SPN5
Q9P1Y5	931	R	Q	G1PV00
Q9P1Y5	931	R	Q	G1PV00
Q9P212	76	A	V	G3SP36
Q9P212	76	A	V	G3SP36
Q9P212	76	A	V	G3SP36
Q9P212	76	A	V	G3SP36
Q9P212	222	G	R	G3SP36
Q9P212	222	G	R	G3SP36
Q9P212	222	G	R	G3SP36
Q9P212	410	E	K	G3SP36
Q9P212	410	E	K	G3SP36
Q9P212	410	E	K	G3SP36
Q9P212	438	V	A	G3SP36
Q9P212	438	V	A	G3SP36
Q9P212	469	S	T	G3SP36
Q9P212	469	S	T	G3SP36
Q9P212	469	S	T	G3SP36
Q9P212	469	S	T	G3SP36
Q9P212	469	S	T	G3SP36
Q9P212	548	R	L	G3SP36
Q9P212	548	R	L	G3SP36
Q9P212	548	R	L	G3SP36
Q9P212	548	R	L	G3SP36
Q9P212	548	R	L	G3SP36
Q9P212	577	A	T	G3SP36
Q9P212	577	A	T	G3SP36
Q9P212	577	A	T	G3SP36
Q9P212	810	I	V	G3SP36
Q9P212	810	I	V	G3SP36
Q9P212	810	I	V	G3SP36
Q9P212	910	V	I	G3SP36
Q9P212	910	V	I	G3SP36
Q9P212	910	V	I	G3SP36
Q9P212	1575	R	P	G3SP36
Q9P212	1575	R	P	G3SP36
Q9P212	1575	R	P	G3SP36
Q9P212	1575	R	P	G3SP36
Q9P212	1578	N	S	G3SP36
Q9P212	1578	N	S	G3SP36
Q9P212	1630	A	T	G3SP36
Q9P212	1630	A	T	G3SP36
Q9P212	1704	N	S	G3SP36
Q9P212	1737	S	F	G3SP36
Q9P212	1737	S	F	G3SP36
Q9P212	1777	T	I	G3SP36
Q9P212	1777	T	I	G3SP36
Q9P212	1777	T	I	G3SP36
Q9P212	1777	T	I	G3SP36
Q9P212	1777	T	I	G3SP36
Q9P212	1890	P	L	G3SP36
Q9P212	1890	P	L	G3SP36
Q9P212	1890	P	L	G3SP36
Q9P212	1927	H	R	G3SP36
Q9P212	1927	H	R	G3SP36
Q9P212	1927	H	R	G3SP36
Q9P212	1927	H	R	G3SP36
Q9P212	1927	H	R	G3SP36
Q9P212	2173	K	R	G3SP36
Q9P212	2173	K	R	G3SP36
Q9P212	2173	K	R	G3SP36
Q9P212	2288	P	T	G3SP36
Q9P242	342	A	P	L5L0I0
Q9P242	586	T	P	L5L0I0
Q9P258	75	A	T	A0A287ANK4
Q9P258	75	A	T	A0A287ANK4
Q9P266	24	E	K	K7GD11
Q9P266	26	N	K	K7GD11
Q9P266	26	N	K	K7GD11
Q9P266	83	Q	R	K7GD11
Q9P266	83	Q	R	K7GD11
Q9P266	957	R	G	K7GD11
Q9P266	1002	S	T	K7GD11
Q9P266	1280	D	N	K7GD11
Q9P266	1280	D	N	K7GD11
Q9P266	1299	P	L	K7GD11
Q9P266	1299	P	L	K7GD11
Q9P2B4	71	E	K	A0A0F8AIJ2
Q9P2B4	71	E	K	A0A0F8AIJ2
Q9P2B4	296	V	M	A0A0F8AIJ2
Q9P2B4	306	M	V	A0A0F8AIJ2
Q9P2B4	306	M	V	A0A0F8AIJ2
Q9P2F6	522	A	T	M7BWK6
Q9P2F6	650	Q	P	M7BWK6
Q9P2F6	522	A	T	M7BWK6
Q9P2F6	650	Q	P	M7BWK6
Q9P2H5	224	A	T	G1MWM9
Q9P2H5	236	V	M	G1MWM9
Q9P2H5	353	P	R	G1MWM9
Q9P2H5	636	G	D	G1MWM9
Q9P2H5	641	R	G	G1MWM9
Q9P2H5	677	I	V	G1MWM9
Q9P2H5	688	T	M	G1MWM9
Q9P2H5	816	R	H	G1MWM9
Q9P2H5	876	A	P	G1MWM9
Q9P2H5	987	R	K	G1MWM9
Q9P2K1	173	R	Q	U3ICA0
Q9P2K1	173	R	Q	U3ICA0
Q9P2K1	241	E	K	U3ICA0
Q9P2K1	241	E	K	U3ICA0
Q9P2K1	241	E	K	U3ICA0
Q9P2K1	241	E	K	U3ICA0
Q9P2K1	241	E	K	U3ICA0
Q9P2K1	262	D	N	U3ICA0
Q9P2K1	376	E	A	U3ICA0
Q9P2K1	376	E	A	U3ICA0
Q9P2K1	376	E	A	U3ICA0
Q9P2K1	376	E	A	U3ICA0
Q9P2K1	376	E	A	U3ICA0
Q9P2K1	376	E	A	U3ICA0
Q9P2K1	388	V	I	U3ICA0
Q9P2K1	388	V	I	U3ICA0
Q9P2K1	388	V	I	U3ICA0
Q9P2K1	620	S	G	U3ICA0
Q9P2K1	697	V	A	U3ICA0
Q9P2K1	721	P	S	U3ICA0
Q9P2K1	721	P	S	U3ICA0
Q9P2K1	721	P	S	U3ICA0
Q9P2K1	721	P	S	U3ICA0
Q9P2K1	721	P	S	U3ICA0
Q9P2K1	811	E	K	U3ICA0
Q9P2K1	961	I	T	U3ICA0
Q9P2K1	961	I	T	U3ICA0
Q9P2K1	961	I	T	U3ICA0
Q9P2K1	961	I	T	U3ICA0
Q9P2K1	1170	R	K	U3ICA0
Q9P2K1	1170	R	K	U3ICA0
Q9P2K1	1170	R	K	U3ICA0
Q9P2K1	1170	R	K	U3ICA0
Q9P2K1	1170	R	K	U3ICA0
Q9P2K1	1170	R	K	U3ICA0
Q9P2K1	173	R	Q	U3ICA0
Q9P2K1	173	R	Q	U3ICA0
Q9P2K1	241	E	K	U3ICA0
Q9P2K1	241	E	K	U3ICA0
Q9P2K1	241	E	K	U3ICA0
Q9P2K1	241	E	K	U3ICA0
Q9P2K1	241	E	K	U3ICA0
Q9P2K1	262	D	N	U3ICA0
Q9P2K1	376	E	A	U3ICA0
Q9P2K1	376	E	A	U3ICA0
Q9P2K1	376	E	A	U3ICA0
Q9P2K1	376	E	A	U3ICA0
Q9P2K1	376	E	A	U3ICA0
Q9P2K1	376	E	A	U3ICA0
Q9P2K1	388	V	I	U3ICA0
Q9P2K1	388	V	I	U3ICA0
Q9P2K1	388	V	I	U3ICA0
Q9P2K1	620	S	G	U3ICA0
Q9P2K1	697	V	A	U3ICA0
Q9P2K1	721	P	S	U3ICA0
Q9P2K1	721	P	S	U3ICA0
Q9P2K1	721	P	S	U3ICA0
Q9P2K1	721	P	S	U3ICA0
Q9P2K1	721	P	S	U3ICA0
Q9P2K1	811	E	K	U3ICA0
Q9P2K1	961	I	T	U3ICA0
Q9P2K1	961	I	T	U3ICA0
Q9P2K1	961	I	T	U3ICA0
Q9P2K1	961	I	T	U3ICA0
Q9P2K1	1170	R	K	U3ICA0
Q9P2K1	1170	R	K	U3ICA0
Q9P2K1	1170	R	K	U3ICA0
Q9P2K1	1170	R	K	U3ICA0
Q9P2K1	1170	R	K	U3ICA0
Q9P2K1	1170	R	K	U3ICA0
Q9P2Q2	510	I	V	L5LRU1
Q9P2Q2	510	I	V	L5LRU1
Q9P2Q2	518	R	C	L5LRU1
Q9P2Q2	518	R	C	L5LRU1
Q9P2Q2	1022	N	I	L5LRU1
Q9P2W9	51	S	G	E6ZG47
Q9P2W9	184	E	A	E6ZG47
Q9P2W9	228	S	T	E6ZG47
Q9UBB9	8	R	Q	A0A2R5LNH3
Q9UBB9	8	R	Q	A0A2R5LNH3
Q9UBB9	8	R	Q	A0A2R5LNH3
Q9UBB9	8	R	Q	A0A2R5LNH3
Q9UBB9	8	R	Q	A0A2R5LNH3
Q9UBB9	8	R	Q	A0A2R5LNH3
Q9UBB9	8	R	Q	A0A2R5LNH3
Q9UBB9	8	R	Q	A0A2R5LNH3
Q9UBB9	8	R	Q	A0A2R5LNH3
Q9UBB9	8	R	Q	A0A2R5LNH3
Q9UBD5	94	Q	K	A0A1S3I245
Q9UBD5	126	Q	R	A0A1S3I245
Q9UBD5	217	V	I	A0A1S3I245
Q9UBG7	70	R	Q	A0A212CA89
Q9UBG7	70	R	Q	A0A212CA89
Q9UBG7	444	S	R	A0A212CA89
Q9UBG7	445	D	N	A0A212CA89
Q9UBG7	445	D	N	A0A212CA89
Q9UBG7	481	V	A	A0A212CA89
Q9UBG7	481	V	A	A0A212CA89
Q9UBH0	47	N	S	G3W9W2
Q9UBH0	47	N	S	G3W9W2
Q9UBH0	47	N	S	G3W9W2
Q9UBH0	47	N	S	G3W9W2
Q9UBH0	47	N	S	G3W9W2
Q9UBH0	47	N	S	G3W9W2
Q9UBH0	47	N	S	G3W9W2
Q9UBH0	47	N	S	G3W9W2
Q9UBH0	47	N	S	G3W9W2
Q9UBH0	47	N	S	G3W9W2
Q9UBH0	47	N	S	G3W9W2
Q9UBH0	47	N	S	G3W9W2
Q9UBH0	47	N	S	G3W9W2
Q9UBH0	47	N	S	G3W9W2
Q9UBH0	47	N	S	G3W9W2
Q9UBN7	73	G	A	L8XYU0
Q9UBN7	159	M	L	L8XYU0
Q9UBN7	832	R	H	L8XYU0
Q9UBN7	866	R	W	L8XYU0
Q9UBN7	929	I	T	L8XYU0
Q9UBN7	929	I	T	L8XYU0
Q9UBN7	929	I	T	L8XYU0
Q9UBN7	930	G	R	L8XYU0
Q9UBN7	930	G	R	L8XYU0
Q9UBN7	1025	S	L	L8XYU0
Q9UBN7	1025	S	L	L8XYU0
Q9UBN7	1044	I	M	L8XYU0
Q9UBN7	1044	I	M	L8XYU0
Q9UBN7	1052	S	N	L8XYU0
Q9UBN7	1052	S	N	L8XYU0
Q9UBN7	1083	G	D	L8XYU0
Q9UBN7	1083	G	D	L8XYU0
Q9UBN7	1200	N	D	L8XYU0
Q9UBN7	73	G	A	L8XYU0
Q9UBN7	159	M	L	L8XYU0
Q9UBN7	832	R	H	L8XYU0
Q9UBN7	866	R	W	L8XYU0
Q9UBN7	929	I	T	L8XYU0
Q9UBN7	929	I	T	L8XYU0
Q9UBN7	929	I	T	L8XYU0
Q9UBN7	930	G	R	L8XYU0
Q9UBN7	930	G	R	L8XYU0
Q9UBN7	1025	S	L	L8XYU0
Q9UBN7	1025	S	L	L8XYU0
Q9UBN7	1044	I	M	L8XYU0
Q9UBN7	1044	I	M	L8XYU0
Q9UBN7	1052	S	N	L8XYU0
Q9UBN7	1052	S	N	L8XYU0
Q9UBN7	1083	G	D	L8XYU0
Q9UBN7	1083	G	D	L8XYU0
Q9UBN7	1200	N	D	L8XYU0
Q9UBN7	73	G	A	L8XYU0
Q9UBN7	159	M	L	L8XYU0
Q9UBN7	832	R	H	L8XYU0
Q9UBN7	866	R	W	L8XYU0
Q9UBN7	929	I	T	L8XYU0
Q9UBN7	929	I	T	L8XYU0
Q9UBN7	929	I	T	L8XYU0
Q9UBN7	930	G	R	L8XYU0
Q9UBN7	930	G	R	L8XYU0
Q9UBN7	1025	S	L	L8XYU0
Q9UBN7	1025	S	L	L8XYU0
Q9UBN7	1044	I	M	L8XYU0
Q9UBN7	1044	I	M	L8XYU0
Q9UBN7	1052	S	N	L8XYU0
Q9UBN7	1052	S	N	L8XYU0
Q9UBN7	1083	G	D	L8XYU0
Q9UBN7	1083	G	D	L8XYU0
Q9UBN7	1200	N	D	L8XYU0
Q9UBN7	73	G	A	L8XYU0
Q9UBN7	159	M	L	L8XYU0
Q9UBN7	832	R	H	L8XYU0
Q9UBN7	866	R	W	L8XYU0
Q9UBN7	929	I	T	L8XYU0
Q9UBN7	929	I	T	L8XYU0
Q9UBN7	929	I	T	L8XYU0
Q9UBN7	930	G	R	L8XYU0
Q9UBN7	930	G	R	L8XYU0
Q9UBN7	1025	S	L	L8XYU0
Q9UBN7	1025	S	L	L8XYU0
Q9UBN7	1044	I	M	L8XYU0
Q9UBN7	1044	I	M	L8XYU0
Q9UBN7	1052	S	N	L8XYU0
Q9UBN7	1052	S	N	L8XYU0
Q9UBN7	1083	G	D	L8XYU0
Q9UBN7	1083	G	D	L8XYU0
Q9UBN7	1200	N	D	L8XYU0
Q9UBN7	73	G	A	L8XYU0
Q9UBN7	159	M	L	L8XYU0
Q9UBN7	832	R	H	L8XYU0
Q9UBN7	866	R	W	L8XYU0
Q9UBN7	929	I	T	L8XYU0
Q9UBN7	929	I	T	L8XYU0
Q9UBN7	929	I	T	L8XYU0
Q9UBN7	930	G	R	L8XYU0
Q9UBN7	930	G	R	L8XYU0
Q9UBN7	1025	S	L	L8XYU0
Q9UBN7	1025	S	L	L8XYU0
Q9UBN7	1044	I	M	L8XYU0
Q9UBN7	1044	I	M	L8XYU0
Q9UBN7	1052	S	N	L8XYU0
Q9UBN7	1052	S	N	L8XYU0
Q9UBN7	1083	G	D	L8XYU0
Q9UBN7	1083	G	D	L8XYU0
Q9UBN7	1200	N	D	L8XYU0
Q9UBN7	73	G	A	L8XYU0
Q9UBN7	159	M	L	L8XYU0
Q9UBN7	832	R	H	L8XYU0
Q9UBN7	866	R	W	L8XYU0
Q9UBN7	929	I	T	L8XYU0
Q9UBN7	929	I	T	L8XYU0
Q9UBN7	929	I	T	L8XYU0
Q9UBN7	930	G	R	L8XYU0
Q9UBN7	930	G	R	L8XYU0
Q9UBN7	1025	S	L	L8XYU0
Q9UBN7	1025	S	L	L8XYU0
Q9UBN7	1044	I	M	L8XYU0
Q9UBN7	1044	I	M	L8XYU0
Q9UBN7	1052	S	N	L8XYU0
Q9UBN7	1052	S	N	L8XYU0
Q9UBN7	1083	G	D	L8XYU0
Q9UBN7	1083	G	D	L8XYU0
Q9UBN7	1200	N	D	L8XYU0
Q9UBN7	73	G	A	L8XYU0
Q9UBN7	159	M	L	L8XYU0
Q9UBN7	832	R	H	L8XYU0
Q9UBN7	866	R	W	L8XYU0
Q9UBN7	929	I	T	L8XYU0
Q9UBN7	929	I	T	L8XYU0
Q9UBN7	929	I	T	L8XYU0
Q9UBN7	930	G	R	L8XYU0
Q9UBN7	930	G	R	L8XYU0
Q9UBN7	1025	S	L	L8XYU0
Q9UBN7	1025	S	L	L8XYU0
Q9UBN7	1044	I	M	L8XYU0
Q9UBN7	1044	I	M	L8XYU0
Q9UBN7	1052	S	N	L8XYU0
Q9UBN7	1052	S	N	L8XYU0
Q9UBN7	1083	G	D	L8XYU0
Q9UBN7	1083	G	D	L8XYU0
Q9UBN7	1200	N	D	L8XYU0
Q9UBN7	73	G	A	L8XYU0
Q9UBN7	159	M	L	L8XYU0
Q9UBN7	832	R	H	L8XYU0
Q9UBN7	866	R	W	L8XYU0
Q9UBN7	929	I	T	L8XYU0
Q9UBN7	929	I	T	L8XYU0
Q9UBN7	929	I	T	L8XYU0
Q9UBN7	930	G	R	L8XYU0
Q9UBN7	930	G	R	L8XYU0
Q9UBN7	1025	S	L	L8XYU0
Q9UBN7	1025	S	L	L8XYU0
Q9UBN7	1044	I	M	L8XYU0
Q9UBN7	1044	I	M	L8XYU0
Q9UBN7	1052	S	N	L8XYU0
Q9UBN7	1052	S	N	L8XYU0
Q9UBN7	1083	G	D	L8XYU0
Q9UBN7	1083	G	D	L8XYU0
Q9UBN7	1200	N	D	L8XYU0
Q9UBN7	73	G	A	L8XYU0
Q9UBN7	159	M	L	L8XYU0
Q9UBN7	832	R	H	L8XYU0
Q9UBN7	866	R	W	L8XYU0
Q9UBN7	929	I	T	L8XYU0
Q9UBN7	929	I	T	L8XYU0
Q9UBN7	929	I	T	L8XYU0
Q9UBN7	930	G	R	L8XYU0
Q9UBN7	930	G	R	L8XYU0
Q9UBN7	1025	S	L	L8XYU0
Q9UBN7	1025	S	L	L8XYU0
Q9UBN7	1044	I	M	L8XYU0
Q9UBN7	1044	I	M	L8XYU0
Q9UBN7	1052	S	N	L8XYU0
Q9UBN7	1052	S	N	L8XYU0
Q9UBN7	1083	G	D	L8XYU0
Q9UBN7	1083	G	D	L8XYU0
Q9UBN7	1200	N	D	L8XYU0
Q9UBR4	185	H	Q	A0A2K6FRA8
Q9UBR4	185	H	Q	A0A2K6FRA8
Q9UBR4	185	H	Q	A0A2K6FRA8
Q9UBS3	136	R	H	M7CMU0
Q9UBS3	136	R	H	M7CMU0
Q9UBU7	526	I	V	A0A1U7QYZ3
Q9UBU7	526	I	V	A0A1U7QYZ3
Q9UBU7	575	H	R	A0A1U7QYZ3
Q9UBU7	579	K	E	A0A1U7QYZ3
Q9UBU7	579	K	E	A0A1U7QYZ3
Q9UBX0	125	N	S	A0A1U7QNQ6
Q9UBX0	125	N	S	A0A1U7QNQ6
Q9UBX0	125	N	S	A0A1U7QNQ6
Q9UBX0	125	N	S	A0A1U7QNQ6
Q9UBX0	125	N	S	A0A1U7QNQ6
Q9UBX0	125	N	S	A0A1U7QNQ6
Q9UBX0	125	N	S	A0A1U7QNQ6
Q9UBX0	125	N	S	A0A1U7QNQ6
Q9UBX0	125	N	S	A0A1U7QNQ6
Q9UBX0	125	N	S	A0A1U7QNQ6
Q9UBX0	125	N	S	A0A1U7QNQ6
Q9UBX0	125	N	S	A0A1U7QNQ6
Q9UEF7	47	R	Q	G1SWI1
Q9UEF7	47	R	Q	G1SWI1
Q9UEF7	47	R	Q	G1SWI1
Q9UEF7	107	A	V	G1SWI1
Q9UEF7	107	A	V	G1SWI1
Q9UEF7	107	A	V	G1SWI1
Q9UEF7	109	L	R	G1SWI1
Q9UEF7	109	L	R	G1SWI1
Q9UEF7	109	L	R	G1SWI1
Q9UEF7	131	N	K	G1SWI1
Q9UEF7	131	N	K	G1SWI1
Q9UEF7	131	N	K	G1SWI1
Q9UEF7	199	R	C	G1SWI1
Q9UEF7	199	R	C	G1SWI1
Q9UEF7	199	R	C	G1SWI1
Q9UEF7	203	A	S	G1SWI1
Q9UEF7	203	A	S	G1SWI1
Q9UEF7	203	A	S	G1SWI1
Q9UEF7	205	G	D	G1SWI1
Q9UEF7	205	G	D	G1SWI1
Q9UEF7	205	G	D	G1SWI1
Q9UEF7	269	H	Q	G1SWI1
Q9UEF7	352	F	V	G1SWI1
Q9UEF7	352	F	V	G1SWI1
Q9UEF7	352	F	V	G1SWI1
Q9UEF7	370	C	S	G1SWI1
Q9UEF7	370	C	S	G1SWI1
Q9UEF7	370	C	S	G1SWI1
Q9UEF7	387	R	H	G1SWI1
Q9UEF7	514	P	S	G1SWI1
Q9UEF7	514	P	S	G1SWI1
Q9UEF7	514	P	S	G1SWI1
Q9UEF7	766	G	S	G1SWI1
Q9UEF7	766	G	S	G1SWI1
Q9UEF7	1003	Y	C	G1SWI1
Q9UEF7	1003	Y	C	G1SWI1
Q9UEF7	1003	Y	C	G1SWI1
Q9UFD9	291	A	P	F6YJE9
Q9UFD9	575	R	S	F6YJE9
Q9UFD9	664	A	V	F6YJE9
Q9UFD9	990	G	A	F6YJE9
Q9UFD9	1018	H	R	F6YJE9
Q9UFD9	1091	D	E	F6YJE9
Q9UFD9	1149	E	D	F6YJE9
Q9UFD9	1263	E	A	F6YJE9
Q9UFD9	1273	S	G	F6YJE9
Q9UFD9	1307	P	T	F6YJE9
Q9UFD9	1378	V	I	F6YJE9
Q9UFD9	1484	R	K	F6YJE9
Q9UFD9	1513	R	C	F6YJE9
Q9UG01	33	V	A	A0A0L0HV32
Q9UG01	33	V	A	A0A0L0HV32
Q9UG01	478	N	I	A0A0L0HV32
Q9UG01	478	N	I	A0A0L0HV32
Q9UG01	478	N	I	A0A0L0HV32
Q9UG01	560	M	V	A0A0L0HV32
Q9UG01	655	A	V	A0A0L0HV32
Q9UG01	755	R	Q	A0A0L0HV32
Q9UG01	755	R	Q	A0A0L0HV32
Q9UG01	789	R	Q	A0A0L0HV32
Q9UG01	851	V	L	A0A0L0HV32
Q9UG01	851	V	L	A0A0L0HV32
Q9UG01	851	V	L	A0A0L0HV32
Q9UG01	851	V	L	A0A0L0HV32
Q9UG01	908	R	Q	A0A0L0HV32
Q9UG01	908	R	Q	A0A0L0HV32
Q9UG01	908	R	Q	A0A0L0HV32
Q9UG01	953	R	H	A0A0L0HV32
Q9UG01	953	R	H	A0A0L0HV32
Q9UG01	953	R	H	A0A0L0HV32
Q9UG01	953	R	H	A0A0L0HV32
Q9UG01	1014	D	V	A0A0L0HV32
Q9UG01	1025	P	A	A0A0L0HV32
Q9UG01	1025	P	A	A0A0L0HV32
Q9UG01	1134	R	L	A0A0L0HV32
Q9UG01	1134	R	L	A0A0L0HV32
Q9UG01	1134	R	L	A0A0L0HV32
Q9UG01	1134	R	L	A0A0L0HV32
Q9UG01	1204	V	L	A0A0L0HV32
Q9UG01	1204	V	L	A0A0L0HV32
Q9UG01	1204	V	L	A0A0L0HV32
Q9UG01	1204	V	L	A0A0L0HV32
Q9UG01	1410	V	L	A0A0L0HV32
Q9UG01	1410	V	L	A0A0L0HV32
Q9UG01	1410	V	L	A0A0L0HV32
Q9UG01	1410	V	L	A0A0L0HV32
Q9UG01	1531	F	L	A0A0L0HV32
Q9UG01	1543	T	M	A0A0L0HV32
Q9UG01	1543	T	M	A0A0L0HV32
Q9UG01	1543	T	M	A0A0L0HV32
Q9UG01	1582	I	T	A0A0L0HV32
Q9UG01	1582	I	T	A0A0L0HV32
Q9UG01	1582	I	T	A0A0L0HV32
Q9UG01	1599	R	C	A0A0L0HV32
Q9UG01	1599	R	C	A0A0L0HV32
Q9UG01	1645	V	I	A0A0L0HV32
Q9UG01	1645	V	I	A0A0L0HV32
Q9UG01	1645	V	I	A0A0L0HV32
Q9UG01	1664	R	W	A0A0L0HV32
Q9UG01	1664	R	W	A0A0L0HV32
Q9UG01	1664	R	W	A0A0L0HV32
Q9UG01	1708	N	K	A0A0L0HV32
Q9UGI9	71	P	A	G1P1P2
Q9UGI9	153	L	V	G1P1P2
Q9UGI9	336	S	F	G1P1P2
Q9UGI9	336	S	F	G1P1P2
Q9UGI9	340	R	W	G1P1P2
Q9UGI9	71	P	A	G1P1P2
Q9UGI9	153	L	V	G1P1P2
Q9UGI9	336	S	F	G1P1P2
Q9UGI9	336	S	F	G1P1P2
Q9UGI9	340	R	W	G1P1P2
Q9UGI9	71	P	A	G1P1P2
Q9UGI9	153	L	V	G1P1P2
Q9UGI9	336	S	F	G1P1P2
Q9UGI9	336	S	F	G1P1P2
Q9UGI9	340	R	W	G1P1P2
Q9UHD2	271	R	Q	H3ARH4
Q9UHD2	271	R	Q	H3ARH4
Q9UHD2	306	L	I	H3ARH4
Q9UHD2	306	L	I	H3ARH4
Q9UHD2	306	L	I	H3ARH4
Q9UHD2	464	V	A	H3ARH4
Q9UHD2	464	V	A	H3ARH4
Q9UHD2	464	V	A	H3ARH4
Q9UHD2	464	V	A	H3ARH4
Q9UHD2	464	V	A	H3ARH4
Q9UHD2	508	L	I	H3ARH4
Q9UHD2	508	L	I	H3ARH4
Q9UHD2	570	K	R	H3ARH4
Q9UHD2	570	K	R	H3ARH4
Q9UHD2	613	L	F	H3ARH4
Q9UHD2	613	L	F	H3ARH4
Q9UHD2	613	L	F	H3ARH4
Q9UHD2	613	L	F	H3ARH4
Q9UHD2	622	K	R	H3ARH4
Q9UHD2	724	R	C	H3ARH4
Q9UHD2	271	R	Q	H3ARH4
Q9UHD2	271	R	Q	H3ARH4
Q9UHD2	306	L	I	H3ARH4
Q9UHD2	306	L	I	H3ARH4
Q9UHD2	306	L	I	H3ARH4
Q9UHD2	464	V	A	H3ARH4
Q9UHD2	464	V	A	H3ARH4
Q9UHD2	464	V	A	H3ARH4
Q9UHD2	464	V	A	H3ARH4
Q9UHD2	464	V	A	H3ARH4
Q9UHD2	508	L	I	H3ARH4
Q9UHD2	508	L	I	H3ARH4
Q9UHD2	570	K	R	H3ARH4
Q9UHD2	570	K	R	H3ARH4
Q9UHD2	613	L	F	H3ARH4
Q9UHD2	613	L	F	H3ARH4
Q9UHD2	613	L	F	H3ARH4
Q9UHD2	613	L	F	H3ARH4
Q9UHD2	622	K	R	H3ARH4
Q9UHD2	724	R	C	H3ARH4
Q9UHD9	340	S	I	G5BP04
Q9UHD9	572	A	V	G5BP04
Q9UHD9	572	A	V	G5BP04
Q9UHD9	572	A	V	G5BP04
Q9UHF7	30	E	K	A0A2D4I5D5
Q9UHF7	30	E	K	A0A2D4I5D5
Q9UHF7	57	E	G	A0A2D4I5D5
Q9UHF7	57	E	G	A0A2D4I5D5
Q9UHF7	73	H	Y	A0A2D4I5D5
Q9UHF7	119	T	S	A0A2D4I5D5
Q9UHF7	119	T	S	A0A2D4I5D5
Q9UHF7	181	Q	R	A0A2D4I5D5
Q9UHF7	181	Q	R	A0A2D4I5D5
Q9UHF7	222	N	S	A0A2D4I5D5
Q9UHF7	222	N	S	A0A2D4I5D5
Q9UHF7	391	N	H	A0A2D4I5D5
Q9UHF7	399	L	F	A0A2D4I5D5
Q9UHF7	399	L	F	A0A2D4I5D5
Q9UHF7	399	L	F	A0A2D4I5D5
Q9UHF7	399	L	F	A0A2D4I5D5
Q9UHF7	486	D	N	A0A2D4I5D5
Q9UHF7	486	D	N	A0A2D4I5D5
Q9UHF7	514	S	I	A0A2D4I5D5
Q9UHF7	514	S	I	A0A2D4I5D5
Q9UHF7	515	S	L	A0A2D4I5D5
Q9UHF7	814	R	L	A0A2D4I5D5
Q9UHF7	814	R	L	A0A2D4I5D5
Q9UHF7	829	P	A	A0A2D4I5D5
Q9UHF7	829	P	A	A0A2D4I5D5
Q9UHF7	882	Q	R	A0A2D4I5D5
Q9UHF7	882	Q	R	A0A2D4I5D5
Q9UHF7	1005	H	Q	A0A2D4I5D5
Q9UHF7	1005	H	Q	A0A2D4I5D5
Q9UHF7	1050	I	F	A0A2D4I5D5
Q9UHF7	1068	V	I	A0A2D4I5D5
Q9UHF7	1068	V	I	A0A2D4I5D5
Q9UHF7	1075	S	C	A0A2D4I5D5
Q9UHF7	1075	S	C	A0A2D4I5D5
Q9UHF7	1161	N	S	A0A2D4I5D5
Q9UHF7	1161	N	S	A0A2D4I5D5
Q9UHF7	30	E	K	A0A2D4I5D5
Q9UHF7	30	E	K	A0A2D4I5D5
Q9UHF7	57	E	G	A0A2D4I5D5
Q9UHF7	57	E	G	A0A2D4I5D5
Q9UHF7	73	H	Y	A0A2D4I5D5
Q9UHF7	119	T	S	A0A2D4I5D5
Q9UHF7	119	T	S	A0A2D4I5D5
Q9UHF7	181	Q	R	A0A2D4I5D5
Q9UHF7	181	Q	R	A0A2D4I5D5
Q9UHF7	222	N	S	A0A2D4I5D5
Q9UHF7	222	N	S	A0A2D4I5D5
Q9UHF7	391	N	H	A0A2D4I5D5
Q9UHF7	399	L	F	A0A2D4I5D5
Q9UHF7	399	L	F	A0A2D4I5D5
Q9UHF7	399	L	F	A0A2D4I5D5
Q9UHF7	399	L	F	A0A2D4I5D5
Q9UHF7	486	D	N	A0A2D4I5D5
Q9UHF7	486	D	N	A0A2D4I5D5
Q9UHF7	514	S	I	A0A2D4I5D5
Q9UHF7	514	S	I	A0A2D4I5D5
Q9UHF7	515	S	L	A0A2D4I5D5
Q9UHF7	814	R	L	A0A2D4I5D5
Q9UHF7	814	R	L	A0A2D4I5D5
Q9UHF7	829	P	A	A0A2D4I5D5
Q9UHF7	829	P	A	A0A2D4I5D5
Q9UHF7	882	Q	R	A0A2D4I5D5
Q9UHF7	882	Q	R	A0A2D4I5D5
Q9UHF7	1005	H	Q	A0A2D4I5D5
Q9UHF7	1005	H	Q	A0A2D4I5D5
Q9UHF7	1050	I	F	A0A2D4I5D5
Q9UHF7	1068	V	I	A0A2D4I5D5
Q9UHF7	1068	V	I	A0A2D4I5D5
Q9UHF7	1075	S	C	A0A2D4I5D5
Q9UHF7	1075	S	C	A0A2D4I5D5
Q9UHF7	1161	N	S	A0A2D4I5D5
Q9UHF7	1161	N	S	A0A2D4I5D5
Q9UHI5	8	R	P	G5ASK6
Q9UHI5	8	R	P	G5ASK6
Q9UHI5	29	S	F	G5ASK6
Q9UHI5	29	S	F	G5ASK6
Q9UHN1	110	L	V	A0A250XZY9
Q9UHN1	110	L	V	A0A250XZY9
Q9UHN1	133	H	Y	A0A250XZY9
Q9UHN1	133	H	Y	A0A250XZY9
Q9UHN1	133	H	Y	A0A250XZY9
Q9UHN1	133	H	Y	A0A250XZY9
Q9UHN1	133	H	Y	A0A250XZY9
Q9UHN1	153	L	V	A0A250XZY9
Q9UHN1	153	L	V	A0A250XZY9
Q9UHN1	153	L	V	A0A250XZY9
Q9UHN1	153	L	V	A0A250XZY9
Q9UHN1	169	A	T	A0A250XZY9
Q9UHN1	169	A	T	A0A250XZY9
Q9UHN1	169	A	T	A0A250XZY9
Q9UHN1	169	A	T	A0A250XZY9
Q9UHN1	169	A	T	A0A250XZY9
Q9UHN1	169	A	T	A0A250XZY9
Q9UHN1	289	L	V	A0A250XZY9
Q9UHN1	386	D	E	A0A250XZY9
Q9UHN1	386	D	E	A0A250XZY9
Q9UHN1	386	D	E	A0A250XZY9
Q9UHN1	386	D	E	A0A250XZY9
Q9UHN1	416	G	A	A0A250XZY9
Q9UHN1	416	G	A	A0A250XZY9
Q9UHN1	416	G	A	A0A250XZY9
Q9UHN1	428	L	F	A0A250XZY9
Q9UHN6	245	R	K	F7AG84
Q9UHN6	291	R	H	F7AG84
Q9UHN6	423	D	E	F7AG84
Q9UHN6	765	P	S	F7AG84
Q9UHN6	1010	I	V	F7AG84
Q9UHN6	1254	S	N	F7AG84
Q9UHN6	1280	G	D	F7AG84
Q9UHV2	31	T	A	F7IN23
Q9UHV8	115	R	Q	G1QE01
Q9UHV8	115	R	Q	G1QE01
Q9UI42	27	L	F	W5MLT5
Q9UI42	88	A	T	W5MLT5
Q9UI42	303	G	C	W5MLT5
Q9UIF8	71	M	T	A0A2U4ABB2
Q9UIF8	422	L	S	A0A2U4ABB2
Q9UIF8	530	P	L	A0A2U4ABB2
Q9UIF8	709	C	G	A0A2U4ABB2
Q9UIF8	709	C	G	A0A2U4ABB2
Q9UIF8	1503	S	N	A0A2U4ABB2
Q9UIF8	1503	S	N	A0A2U4ABB2
Q9UIF8	2000	N	S	A0A2U4ABB2
Q9UIF8	2024	S	N	A0A2U4ABB2
Q9UIV8	293	G	S	U3KF17
Q9UJ41	300	N	S	G3VK32
Q9UJ41	300	N	S	G3VK32
Q9UJ41	300	N	S	G3VK32
Q9UJ41	300	N	S	G3VK32
Q9UJA5	299	E	G	F1SBM2
Q9UJJ9	4	G	E	A0A2Y9HQZ5
Q9UJJ9	4	G	E	A0A2Y9HQZ5
Q9UJJ9	150	H	Q	A0A2Y9HQZ5
Q9UJJ9	150	H	Q	A0A2Y9HQZ5
Q9UJJ9	150	H	Q	A0A2Y9HQZ5
Q9UJJ9	160	A	V	A0A2Y9HQZ5
Q9UJJ9	160	A	V	A0A2Y9HQZ5
Q9UJJ9	168	V	I	A0A2Y9HQZ5
Q9UJJ9	168	V	I	A0A2Y9HQZ5
Q9UJJ9	168	V	I	A0A2Y9HQZ5
Q9UJJ9	272	R	G	A0A2Y9HQZ5
Q9UJJ9	272	R	G	A0A2Y9HQZ5
Q9UJJ9	272	R	G	A0A2Y9HQZ5
Q9UJJ9	304	S	G	A0A2Y9HQZ5
Q9UJJ9	304	S	G	A0A2Y9HQZ5
Q9UJJ9	304	S	G	A0A2Y9HQZ5
Q9UJS0	27	I	S	A0A0M9A7S9
Q9UJS0	635	D	Y	A0A0M9A7S9
Q9UJU2	85	D	N	A0A1A8R7I9
Q9UJU2	85	D	N	A0A1A8R7I9
Q9UJU5	96	V	L	A0A2I2UJW2
Q9UK10	352	R	H	A0A2Y9RUA5
Q9UK10	679	T	S	A0A2Y9RUA5
Q9UK10	352	R	H	A0A2Y9RUA5
Q9UK10	679	T	S	A0A2Y9RUA5
Q9UK96	212	H	N	A0A091LL11
Q9UK96	212	H	N	A0A091LL11
Q9UKA8	236	T	N	E2RFJ5
Q9UKA8	236	T	N	E2RFJ5
Q9UKB5	35	A	V	A0A1U7T218
Q9UKB5	35	A	V	A0A1U7T218
Q9UKB5	202	G	D	A0A1U7T218
Q9UKB5	202	G	D	A0A1U7T218
Q9UKB5	263	G	R	A0A1U7T218
Q9UKB5	35	A	V	A0A1U7T218
Q9UKB5	35	A	V	A0A1U7T218
Q9UKB5	202	G	D	A0A1U7T218
Q9UKB5	202	G	D	A0A1U7T218
Q9UKB5	263	G	R	A0A1U7T218
Q9UKE5	907	E	A	F7E1Y7
Q9UKE5	907	E	A	F7E1Y7
Q9UKE5	999	A	T	F7E1Y7
Q9UKU7	7	R	P	A0A286ZMQ9
Q9UKU7	7	R	P	A0A286ZMQ9
Q9UKU7	7	R	P	A0A286ZMQ9
Q9UKU7	58	R	Q	A0A286ZMQ9
Q9UKU7	60	M	V	A0A286ZMQ9
Q9UKU7	186	N	S	A0A286ZMQ9
Q9UKU7	388	V	M	A0A286ZMQ9
Q9UKY4	54	A	E	A0A151M5N0
Q9UKY4	54	A	E	A0A151M5N0
Q9UKY4	54	A	E	A0A151M5N0
Q9UKY4	54	A	E	A0A151M5N0
Q9UKY4	54	A	E	A0A151M5N0
Q9UKY4	218	D	N	A0A151M5N0
Q9UKY4	218	D	N	A0A151M5N0
Q9UKY4	218	D	N	A0A151M5N0
Q9UKY4	218	D	N	A0A151M5N0
Q9UKY4	218	D	N	A0A151M5N0
Q9UKY4	399	P	S	A0A151M5N0
Q9UKY4	421	R	Q	A0A151M5N0
Q9UKY4	421	R	Q	A0A151M5N0
Q9UKY4	421	R	Q	A0A151M5N0
Q9UKY4	421	R	Q	A0A151M5N0
Q9UKY4	513	N	D	A0A151M5N0
Q9UKY4	513	N	D	A0A151M5N0
Q9UKY4	513	N	D	A0A151M5N0
Q9UKY4	513	N	D	A0A151M5N0
Q9UKY4	513	N	D	A0A151M5N0
Q9UKY7	226	G	D	F7E8B4
Q9UL51	36	P	L	A0A2K5NPP3
Q9UL51	76	R	H	A0A2K5NPP3
Q9ULC6	191	D	G	A0A093Q481
Q9ULC6	191	D	G	A0A093Q481
Q9ULC6	649	V	M	A0A093Q481
Q9ULC6	649	V	M	A0A093Q481
Q9ULC6	191	D	G	A0A093Q481
Q9ULC6	191	D	G	A0A093Q481
Q9ULC6	649	V	M	A0A093Q481
Q9ULC6	649	V	M	A0A093Q481
Q9ULC6	649	V	M	A0A093Q481
Q9ULC6	649	V	M	A0A093Q481
Q9ULE0	175	E	K	A0A2K6FBW7
Q9ULE0	619	A	T	A0A2K6FBW7
Q9ULE0	619	A	T	A0A2K6FBW7
Q9ULE0	717	Y	C	A0A2K6FBW7
Q9ULE0	717	Y	C	A0A2K6FBW7
Q9ULE0	619	A	T	A0A2K6FBW7
Q9ULE0	685	R	H	A0A2K6FBW7
Q9ULE0	717	Y	C	A0A2K6FBW7
Q9ULE0	720	T	M	A0A2K6FBW7
Q9ULE0	1016	R	Q	A0A2K6FBW7
Q9ULE0	1018	R	Q	A0A2K6FBW7
Q9ULE0	1071	T	N	A0A2K6FBW7
Q9ULE0	1073	R	C	A0A2K6FBW7
Q9ULE0	1074	Y	C	A0A2K6FBW7
Q9ULE3	156	P	H	G3WS54
Q9ULE3	729	E	K	G3WS54
Q9ULE3	777	I	T	G3WS54
Q9ULE3	156	P	H	G3WS54
Q9ULE3	729	E	K	G3WS54
Q9ULE3	777	I	T	G3WS54
Q9ULE3	156	P	H	G3WS54
Q9ULE3	729	E	K	G3WS54
Q9ULE3	777	I	T	G3WS54
Q9ULH4	189	A	T	A0A060WGV2
Q9ULI3	31	R	Q	A0A1U8C2U3
Q9ULI3	58	R	H	A0A1U8C2U3
Q9ULI3	101	R	S	A0A1U8C2U3
Q9ULI3	305	S	P	A0A1U8C2U3
Q9ULI3	562	T	S	A0A1U8C2U3
Q9ULI3	562	T	S	A0A1U8C2U3
Q9ULI3	602	F	S	A0A1U8C2U3
Q9ULI3	666	S	F	A0A1U8C2U3
Q9ULI3	666	S	F	A0A1U8C2U3
Q9ULI3	912	T	S	A0A1U8C2U3
Q9ULI3	957	T	M	A0A1U8C2U3
Q9ULI3	957	T	M	A0A1U8C2U3
Q9ULI3	980	V	L	A0A1U8C2U3
Q9ULI3	1039	M	T	A0A1U8C2U3
Q9ULK6	159	P	S	G5BLT8
Q9ULP9	8	C	R	H3ADB4
Q9ULP9	8	C	R	H3ADB4
Q9ULP9	8	C	R	H3ADB4
Q9ULP9	8	C	R	H3ADB4
Q9ULP9	8	C	R	H3ADB4
Q9ULP9	8	C	R	H3ADB4
Q9ULP9	262	S	L	H3ADB4
Q9ULP9	262	S	L	H3ADB4
Q9ULP9	262	S	L	H3ADB4
Q9ULP9	262	S	L	H3ADB4
Q9ULP9	262	S	L	H3ADB4
Q9ULP9	295	F	L	H3ADB4
Q9ULP9	295	F	L	H3ADB4
Q9ULP9	295	F	L	H3ADB4
Q9ULP9	295	F	L	H3ADB4
Q9ULP9	295	F	L	H3ADB4
Q9ULP9	295	F	L	H3ADB4
Q9ULP9	399	T	M	H3ADB4
Q9ULP9	399	T	M	H3ADB4
Q9ULP9	399	T	M	H3ADB4
Q9ULP9	476	A	D	H3ADB4
Q9ULP9	476	A	D	H3ADB4
Q9ULP9	476	A	D	H3ADB4
Q9ULP9	476	A	D	H3ADB4
Q9ULP9	476	A	D	H3ADB4
Q9ULP9	476	A	D	H3ADB4
Q9ULQ0	383	R	Q	L5LZ76
Q9ULQ0	629	V	D	L5LZ76
Q9ULS6	269	V	I	L9JA73
Q9ULS6	269	V	I	L9JA73
Q9ULS6	269	V	I	L9JA73
Q9ULS6	269	V	I	L9JA73
Q9ULV0	10	C	G	A0A2I0M0L1
Q9ULV0	10	C	G	A0A2I0M0L1
Q9ULV0	10	C	G	A0A2I0M0L1
Q9ULV0	10	C	G	A0A2I0M0L1
Q9ULV0	49	E	Q	A0A2I0M0L1
Q9ULV0	49	E	Q	A0A2I0M0L1
Q9ULV0	49	E	Q	A0A2I0M0L1
Q9ULV0	56	R	L	A0A2I0M0L1
Q9ULV0	56	R	L	A0A2I0M0L1
Q9ULV0	59	L	P	A0A2I0M0L1
Q9ULV0	59	L	P	A0A2I0M0L1
Q9ULV0	59	L	P	A0A2I0M0L1
Q9ULV0	61	F	L	A0A2I0M0L1
Q9ULV0	61	F	L	A0A2I0M0L1
Q9ULV0	66	D	A	A0A2I0M0L1
Q9ULV0	126	T	A	A0A2I0M0L1
Q9ULV0	126	T	A	A0A2I0M0L1
Q9ULV0	126	T	A	A0A2I0M0L1
Q9ULV0	126	T	A	A0A2I0M0L1
Q9ULV0	152	R	G	A0A2I0M0L1
Q9ULV0	296	I	V	A0A2I0M0L1
Q9ULV0	296	I	V	A0A2I0M0L1
Q9ULV0	296	I	V	A0A2I0M0L1
Q9ULV0	307	K	N	A0A2I0M0L1
Q9ULV0	307	K	N	A0A2I0M0L1
Q9ULV0	307	K	N	A0A2I0M0L1
Q9ULV0	307	K	N	A0A2I0M0L1
Q9ULV0	344	R	H	A0A2I0M0L1
Q9ULV0	344	R	H	A0A2I0M0L1
Q9ULV0	344	R	H	A0A2I0M0L1
Q9ULV0	344	R	H	A0A2I0M0L1
Q9ULV0	385	S	L	A0A2I0M0L1
Q9ULV0	385	S	L	A0A2I0M0L1
Q9ULV0	516	V	I	A0A2I0M0L1
Q9ULV0	516	V	I	A0A2I0M0L1
Q9ULV0	598	P	L	A0A2I0M0L1
Q9ULV0	598	P	L	A0A2I0M0L1
Q9ULV0	598	P	L	A0A2I0M0L1
Q9ULV0	598	P	L	A0A2I0M0L1
Q9ULV0	743	R	H	A0A2I0M0L1
Q9ULV0	743	R	H	A0A2I0M0L1
Q9ULV0	743	R	H	A0A2I0M0L1
Q9ULV0	769	I	N	A0A2I0M0L1
Q9ULV0	781	K	N	A0A2I0M0L1
Q9ULV0	781	K	N	A0A2I0M0L1
Q9ULV0	781	K	N	A0A2I0M0L1
Q9ULV0	781	K	N	A0A2I0M0L1
Q9ULV0	852	R	Q	A0A2I0M0L1
Q9ULV0	901	R	Q	A0A2I0M0L1
Q9ULV0	901	R	Q	A0A2I0M0L1
Q9ULV0	901	R	Q	A0A2I0M0L1
Q9ULV0	911	R	L	A0A2I0M0L1
Q9ULV0	911	R	L	A0A2I0M0L1
Q9ULV0	918	R	H	A0A2I0M0L1
Q9ULV0	918	R	H	A0A2I0M0L1
Q9ULV0	918	R	H	A0A2I0M0L1
Q9ULV0	1011	D	N	A0A2I0M0L1
Q9ULV0	1011	D	N	A0A2I0M0L1
Q9ULV0	1011	D	N	A0A2I0M0L1
Q9ULV0	1191	P	L	A0A2I0M0L1
Q9ULV0	1191	P	L	A0A2I0M0L1
Q9ULV0	1321	G	E	A0A2I0M0L1
Q9ULV0	1321	G	E	A0A2I0M0L1
Q9ULV0	1321	G	E	A0A2I0M0L1
Q9ULV0	1321	G	E	A0A2I0M0L1
Q9ULV0	1382	T	M	A0A2I0M0L1
Q9ULV0	1382	T	M	A0A2I0M0L1
Q9ULV0	1382	T	M	A0A2I0M0L1
Q9ULV0	1487	D	V	A0A2I0M0L1
Q9ULV0	1494	S	L	A0A2I0M0L1
Q9ULV0	1494	S	L	A0A2I0M0L1
Q9ULV0	1494	S	L	A0A2I0M0L1
Q9ULV0	1494	S	L	A0A2I0M0L1
Q9ULV0	1546	T	M	A0A2I0M0L1
Q9ULV0	1558	H	Q	A0A2I0M0L1
Q9ULV0	1558	H	Q	A0A2I0M0L1
Q9ULV0	1558	H	Q	A0A2I0M0L1
Q9ULV0	1683	K	R	A0A2I0M0L1
Q9ULV0	1683	K	R	A0A2I0M0L1
Q9ULV0	1683	K	R	A0A2I0M0L1
Q9ULV0	1688	M	V	A0A2I0M0L1
Q9ULV0	1688	M	V	A0A2I0M0L1
Q9ULV0	1688	M	V	A0A2I0M0L1
Q9ULV0	1703	V	A	A0A2I0M0L1
Q9ULW6	7	R	G	A0A2Y9DTB8
Q9ULW8	52	I	V	A0A093Q481
Q9ULW8	60	R	Q	A0A093Q481
Q9ULW8	171	V	M	A0A093Q481
Q9ULW8	245	D	G	A0A093Q481
Q9ULW8	318	C	Y	A0A093Q481
Q9ULW8	52	I	V	A0A093Q481
Q9ULW8	52	I	V	A0A093Q481
Q9ULW8	171	V	M	A0A093Q481
Q9ULW8	171	V	M	A0A093Q481
Q9UM07	8	R	H	A0A093Q481
Q9UM07	8	R	H	A0A093Q481
Q9UM07	74	V	A	A0A093Q481
Q9UM07	74	V	A	A0A093Q481
Q9UM07	79	T	M	A0A093Q481
Q9UM07	79	T	M	A0A093Q481
Q9UM07	102	P	T	A0A093Q481
Q9UM07	131	R	T	A0A093Q481
Q9UM07	242	G	S	A0A093Q481
Q9UM07	260	D	N	A0A093Q481
Q9UM07	275	S	F	A0A093Q481
Q9UM07	309	Y	C	A0A093Q481
Q9UM07	309	Y	C	A0A093Q481
Q9UM07	8	R	H	A0A093Q481
Q9UM07	8	R	H	A0A093Q481
Q9UM07	8	R	H	A0A093Q481
Q9UM07	8	R	H	A0A093Q481
Q9UM07	74	V	A	A0A093Q481
Q9UM07	74	V	A	A0A093Q481
Q9UM07	79	T	M	A0A093Q481
Q9UM07	79	T	M	A0A093Q481
Q9UM07	79	T	M	A0A093Q481
Q9UM07	79	T	M	A0A093Q481
Q9UM07	102	P	T	A0A093Q481
Q9UM07	102	P	T	A0A093Q481
Q9UM07	131	R	T	A0A093Q481
Q9UM07	131	R	T	A0A093Q481
Q9UM07	260	D	N	A0A093Q481
Q9UM07	260	D	N	A0A093Q481
Q9UM07	275	S	F	A0A093Q481
Q9UM07	275	S	F	A0A093Q481
Q9UM07	309	Y	C	A0A093Q481
Q9UM07	309	Y	C	A0A093Q481
Q9UM21	236	T	A	A0A1S3PRL2
Q9UM21	236	T	A	A0A1S3PRL2
Q9UM21	236	T	A	A0A1S3PRL2
Q9UM21	236	T	A	A0A1S3PRL2
Q9UM21	236	T	A	A0A1S3PRL2
Q9UM21	236	T	A	A0A1S3PRL2
Q9UM22	219	S	R	A0A1U7STA8
Q9UMX0	355	G	V	G5BP04
Q9UMX0	355	G	V	G5BP04
Q9UMX9	268	Y	C	H2UMN9
Q9UMX9	272	E	K	H2UMN9
Q9UMX9	272	E	K	H2UMN9
Q9UMX9	302	T	S	H2UMN9
Q9UMX9	318	R	L	H2UMN9
Q9UMX9	374	L	F	H2UMN9
Q9UMX9	374	L	F	H2UMN9
Q9UNE2	175	P	S	A0A2U3W7J2
Q9UNE2	303	A	V	A0A2U3W7J2
Q9UNE2	175	P	S	A0A2U3W7J2
Q9UNE2	303	A	V	A0A2U3W7J2
Q9UNK0	141	R	Q	A0A287A1Y7
Q9UNP4	13	P	S	I3MVE5
Q9UNP4	13	P	S	I3MVE5
Q9UNP4	13	P	S	I3MVE5
Q9UNP4	104	H	R	I3MVE5
Q9UNP4	104	H	R	I3MVE5
Q9UNP4	104	H	R	I3MVE5
Q9UP65	38	A	P	A0A1W4Z921
Q9UP65	143	I	V	A0A1W4Z921
Q9UP65	148	R	G	A0A1W4Z921
Q9UP65	151	P	L	A0A1W4Z921
Q9UP65	161	P	A	A0A1W4Z921
Q9UP65	161	P	A	A0A1W4Z921
Q9UP65	203	S	P	A0A1W4Z921
Q9UP65	360	T	P	A0A1W4Z921
Q9UP65	411	D	N	A0A1W4Z921
Q9UP65	411	D	N	A0A1W4Z921
Q9UPR3	543	R	W	A0A2Y9GF42
Q9UPR3	543	R	W	A0A2Y9GF42
Q9UPT8	3	A	T	L5LDC6
Q9UPT8	1061	A	V	L5LDC6
Q9UPT8	1109	P	L	L5LDC6
Q9UPT8	1228	A	G	L5LDC6
Q9UPU7	8	A	G	A0A2R5LA93
Q9UPU7	208	A	T	A0A2R5LA93
Q9UPU7	819	Q	R	A0A2R5LA93
Q9UPU7	819	Q	R	A0A2R5LA93
Q9UPY6	310	P	A	H2ZWI6
Q9UPY6	310	P	A	H2ZWI6
Q9UPY6	381	A	G	H2ZWI6
Q9UPY6	381	A	G	H2ZWI6
Q9UPY6	415	S	L	H2ZWI6
Q9UPY6	437	I	V	H2ZWI6
Q9UPY6	437	I	V	H2ZWI6
Q9UPZ6	56	P	R	A0A1W5AAU9
Q9UPZ6	238	F	L	A0A1W5AAU9
Q9UPZ6	346	E	K	A0A1W5AAU9
Q9UPZ6	346	E	K	A0A1W5AAU9
Q9UPZ6	583	N	D	A0A1W5AAU9
Q9UPZ6	771	D	E	A0A1W5AAU9
Q9UPZ6	841	R	H	A0A1W5AAU9
Q9UPZ6	1342	R	Q	A0A1W5AAU9
Q9UPZ6	1342	R	Q	A0A1W5AAU9
Q9UPZ6	1378	D	E	A0A1W5AAU9
Q9UPZ6	1378	D	E	A0A1W5AAU9
Q9UPZ6	1533	T	K	A0A1W5AAU9
Q9UPZ6	1533	T	K	A0A1W5AAU9
Q9UPZ9	24	I	V	A0A1A6HKA5
Q9UPZ9	295	Q	R	A0A1A6HKA5
Q9UPZ9	320	V	I	A0A1A6HKA5
Q9UPZ9	336	R	Q	A0A1A6HKA5
Q9UPZ9	483	S	C	A0A1A6HKA5
Q9UPZ9	483	S	C	A0A1A6HKA5
Q9UPZ9	509	P	S	A0A1A6HKA5
Q9UPZ9	24	I	V	A0A1A6HKA5
Q9UPZ9	295	Q	R	A0A1A6HKA5
Q9UPZ9	320	V	I	A0A1A6HKA5
Q9UPZ9	336	R	Q	A0A1A6HKA5
Q9UPZ9	483	S	C	A0A1A6HKA5
Q9UPZ9	483	S	C	A0A1A6HKA5
Q9UPZ9	509	P	S	A0A1A6HKA5
Q9UQ84	76	V	I	A0A2U4A5C5
Q9UQ84	76	V	I	A0A2U4A5C5
Q9UQ84	93	R	G	A0A2U4A5C5
Q9UQ84	93	R	G	A0A2U4A5C5
Q9UQ84	279	N	S	A0A2U4A5C5
Q9UQ84	299	N	S	A0A2U4A5C5
Q9UQ84	299	N	S	A0A2U4A5C5
Q9UQ84	354	H	R	A0A2U4A5C5
Q9UQ84	439	T	M	A0A2U4A5C5
Q9UQ84	458	V	M	A0A2U4A5C5
Q9UQ84	589	E	K	A0A2U4A5C5
Q9UQ84	670	E	G	A0A2U4A5C5
Q9UQ84	723	R	C	A0A2U4A5C5
Q9UQ84	757	P	L	A0A2U4A5C5
Q9UQ84	759	G	E	A0A2U4A5C5
Q9UQ84	759	G	E	A0A2U4A5C5
Q9UQ84	759	G	E	A0A2U4A5C5
Q9UQ84	76	V	I	A0A2U4A5C5
Q9UQ84	76	V	I	A0A2U4A5C5
Q9UQ84	93	R	G	A0A2U4A5C5
Q9UQ84	93	R	G	A0A2U4A5C5
Q9UQ84	279	N	S	A0A2U4A5C5
Q9UQ84	299	N	S	A0A2U4A5C5
Q9UQ84	299	N	S	A0A2U4A5C5
Q9UQ84	354	H	R	A0A2U4A5C5
Q9UQ84	439	T	M	A0A2U4A5C5
Q9UQ84	458	V	M	A0A2U4A5C5
Q9UQ84	589	E	K	A0A2U4A5C5
Q9UQ84	670	E	G	A0A2U4A5C5
Q9UQ84	723	R	C	A0A2U4A5C5
Q9UQ84	757	P	L	A0A2U4A5C5
Q9UQ84	759	G	E	A0A2U4A5C5
Q9UQ84	759	G	E	A0A2U4A5C5
Q9UQ84	759	G	E	A0A2U4A5C5
Q9UQ90	13	R	G	A0A2Y9IFX0
Q9UQ90	32	G	E	A0A2Y9IFX0
Q9UQ90	32	G	E	A0A2Y9IFX0
Q9UQ90	82	Q	E	A0A2Y9IFX0
Q9UQ90	82	Q	E	A0A2Y9IFX0
Q9UQ90	294	R	H	A0A2Y9IFX0
Q9UQ90	294	R	H	A0A2Y9IFX0
Q9UQ90	294	R	H	A0A2Y9IFX0
Q9UQ90	294	R	H	A0A2Y9IFX0
Q9UQ90	503	T	A	A0A2Y9IFX0
Q9UQ90	503	T	A	A0A2Y9IFX0
Q9UQ90	503	T	A	A0A2Y9IFX0
Q9UQ90	503	T	A	A0A2Y9IFX0
Q9UQ90	503	T	A	A0A2Y9IFX0
Q9UQ90	637	A	T	A0A2Y9IFX0
Q9UQ90	688	R	Q	A0A2Y9IFX0
Q9UQ90	688	R	Q	A0A2Y9IFX0
Q9UQ90	688	R	Q	A0A2Y9IFX0
Q9UQ90	688	R	Q	A0A2Y9IFX0
Q9UQ90	688	R	Q	A0A2Y9IFX0
Q9UQ90	730	N	D	A0A2Y9IFX0
Q9UQ90	730	N	D	A0A2Y9IFX0
Q9UQ90	730	N	D	A0A2Y9IFX0
Q9UQ90	730	N	D	A0A2Y9IFX0
Q9UQ90	730	N	D	A0A2Y9IFX0
Q9UQ90	771	Q	E	A0A2Y9IFX0
Q9UQ90	771	Q	E	A0A2Y9IFX0
Q9UQK1	115	D	E	A0A212CQB3
Q9UQL6	62	A	V	A0A091D4W5
Q9UQL6	62	A	V	A0A091D4W5
Q9UQL6	565	G	A	A0A091D4W5
Q9UQL6	565	G	A	A0A091D4W5
Q9UQL6	593	D	E	A0A091D4W5
Q9UQL6	885	P	H	A0A091D4W5
Q9UQL6	885	P	H	A0A091D4W5
Q9UQL6	1102	A	V	A0A091D4W5
Q9UQL6	1102	A	V	A0A091D4W5
Q9UQL6	62	A	V	A0A091D4W5
Q9UQL6	62	A	V	A0A091D4W5
Q9UQL6	565	G	A	A0A091D4W5
Q9UQL6	565	G	A	A0A091D4W5
Q9UQL6	593	D	E	A0A091D4W5
Q9UQL6	885	P	H	A0A091D4W5
Q9UQL6	885	P	H	A0A091D4W5
Q9UQL6	1102	A	V	A0A091D4W5
Q9UQL6	1102	A	V	A0A091D4W5
Q9UQN3	55	K	Q	A0A147AYX1
Q9UQN3	55	K	Q	A0A147AYX1
Q9UQN3	187	S	N	A0A147AYX1
Q9UQN3	187	S	N	A0A147AYX1
Q9UQN3	187	S	N	A0A147AYX1
Q9UQN3	187	S	N	A0A147AYX1
Q9Y217	131	A	T	V9KJB9
Q9Y217	319	I	V	V9KJB9
Q9Y217	599	A	T	V9KJB9
Q9Y222	96	A	P	A0A226NZP4
Q9Y222	96	A	P	A0A226NZP4
Q9Y235	8	A	T	A0A061INR0
Q9Y235	136	I	T	A0A061INR0
Q9Y235	199	S	P	A0A061INR0
Q9Y235	199	S	P	A0A061INR0
Q9Y253	35	A	V	M7AHL3
Q9Y253	35	A	V	M7AHL3
Q9Y253	209	G	V	M7AHL3
Q9Y253	209	G	V	M7AHL3
Q9Y253	209	G	V	M7AHL3
Q9Y253	209	G	V	M7AHL3
Q9Y253	209	G	V	M7AHL3
Q9Y253	209	G	V	M7AHL3
Q9Y253	233	N	S	M7AHL3
Q9Y253	233	N	S	M7AHL3
Q9Y253	233	N	S	M7AHL3
Q9Y253	329	T	I	M7AHL3
Q9Y253	329	T	I	M7AHL3
Q9Y253	329	T	I	M7AHL3
Q9Y253	334	R	G	M7AHL3
Q9Y253	478	T	M	M7AHL3
Q9Y253	478	T	M	M7AHL3
Q9Y253	478	T	M	M7AHL3
Q9Y253	478	T	M	M7AHL3
Q9Y253	524	Q	H	M7AHL3
Q9Y253	524	Q	H	M7AHL3
Q9Y253	524	Q	H	M7AHL3
Q9Y253	524	Q	H	M7AHL3
Q9Y253	584	L	P	M7AHL3
Q9Y253	584	L	P	M7AHL3
Q9Y253	584	L	P	M7AHL3
Q9Y253	595	M	V	M7AHL3
Q9Y253	595	M	V	M7AHL3
Q9Y253	595	M	V	M7AHL3
Q9Y253	595	M	V	M7AHL3
Q9Y253	647	M	L	M7AHL3
Q9Y253	647	M	L	M7AHL3
Q9Y253	647	M	L	M7AHL3
Q9Y253	647	M	L	M7AHL3
Q9Y256	18	E	Q	T0MGZ2
Q9Y289	481	S	F	H3C281
Q9Y289	492	S	N	H3C281
Q9Y289	492	S	N	H3C281
Q9Y289	553	R	Q	H3C281
Q9Y289	553	R	Q	H3C281
Q9Y289	553	R	Q	H3C281
Q9Y289	573	L	F	H3C281
Q9Y289	481	S	F	H3C281
Q9Y289	492	S	N	H3C281
Q9Y289	492	S	N	H3C281
Q9Y289	553	R	Q	H3C281
Q9Y289	553	R	Q	H3C281
Q9Y289	553	R	Q	H3C281
Q9Y289	573	L	F	H3C281
Q9Y2C3	85	M	T	L9JDB8
Q9Y2C3	85	M	T	L9JDB8
Q9Y2C3	85	M	T	L9JDB8
Q9Y2C3	85	M	T	L9JDB8
Q9Y2C3	85	M	T	L9JDB8
Q9Y2C3	85	M	T	L9JDB8
Q9Y2C3	85	M	T	L9JDB8
Q9Y2C3	85	M	T	L9JDB8
Q9Y2C3	85	M	T	L9JDB8
Q9Y2D2	8	V	I	A0A288CG62
Q9Y2D2	8	V	I	A0A288CG62
Q9Y2D2	8	V	I	A0A288CG62
Q9Y2D2	8	V	I	A0A288CG62
Q9Y2D2	177	M	I	A0A288CG62
Q9Y2D2	177	M	I	A0A288CG62
Q9Y2D2	8	V	I	A0A288CG62
Q9Y2D2	8	V	I	A0A288CG62
Q9Y2D2	8	V	I	A0A288CG62
Q9Y2D2	8	V	I	A0A288CG62
Q9Y2D2	177	M	I	A0A288CG62
Q9Y2D2	177	M	I	A0A288CG62
Q9Y2D2	8	V	I	A0A288CG62
Q9Y2D2	8	V	I	A0A288CG62
Q9Y2D2	8	V	I	A0A288CG62
Q9Y2D2	8	V	I	A0A288CG62
Q9Y2D2	177	M	I	A0A288CG62
Q9Y2D2	177	M	I	A0A288CG62
Q9Y2D9	527	T	I	S9XF01
Q9Y2D9	527	T	I	S9XF01
Q9Y2I7	22	T	P	A0A287D3T0
Q9Y2I7	22	T	P	A0A287D3T0
Q9Y2I7	78	Q	L	A0A287D3T0
Q9Y2I7	78	Q	L	A0A287D3T0
Q9Y2I7	450	P	S	A0A287D3T0
Q9Y2I7	450	P	S	A0A287D3T0
Q9Y2I7	572	R	Q	A0A287D3T0
Q9Y2I7	572	R	Q	A0A287D3T0
Q9Y2I7	617	M	V	A0A287D3T0
Q9Y2I7	617	M	V	A0A287D3T0
Q9Y2I7	649	R	Q	A0A287D3T0
Q9Y2I7	649	R	Q	A0A287D3T0
Q9Y2I7	652	V	I	A0A287D3T0
Q9Y2I7	652	V	I	A0A287D3T0
Q9Y2I7	696	S	N	A0A287D3T0
Q9Y2I7	696	S	N	A0A287D3T0
Q9Y2I7	696	S	N	A0A287D3T0
Q9Y2I7	722	T	A	A0A287D3T0
Q9Y2I7	722	T	A	A0A287D3T0
Q9Y2I7	850	A	V	A0A287D3T0
Q9Y2I7	850	A	V	A0A287D3T0
Q9Y2I7	932	L	S	A0A287D3T0
Q9Y2I7	932	L	S	A0A287D3T0
Q9Y2I7	932	L	S	A0A287D3T0
Q9Y2I7	961	T	A	A0A287D3T0
Q9Y2I7	961	T	A	A0A287D3T0
Q9Y2I7	995	Q	L	A0A287D3T0
Q9Y2I7	995	Q	L	A0A287D3T0
Q9Y2I7	995	Q	L	A0A287D3T0
Q9Y2I7	998	T	S	A0A287D3T0
Q9Y2I7	998	T	S	A0A287D3T0
Q9Y2I7	998	T	S	A0A287D3T0
Q9Y2I7	1033	S	A	A0A287D3T0
Q9Y2I7	1033	S	A	A0A287D3T0
Q9Y2I7	1183	Q	K	A0A287D3T0
Q9Y2I7	1183	Q	K	A0A287D3T0
Q9Y2I7	1183	Q	K	A0A287D3T0
Q9Y2I7	1268	Q	H	A0A287D3T0
Q9Y2I7	1268	Q	H	A0A287D3T0
Q9Y2I7	1386	R	W	A0A287D3T0
Q9Y2I7	1386	R	Q	A0A287D3T0
Q9Y2I7	1386	R	Q	A0A287D3T0
Q9Y2I7	1386	R	W	A0A287D3T0
Q9Y2I7	1479	T	S	A0A287D3T0
Q9Y2I7	1479	T	S	A0A287D3T0
Q9Y2I7	1592	G	R	A0A287D3T0
Q9Y2I7	1592	G	R	A0A287D3T0
Q9Y2I7	1592	G	R	A0A287D3T0
Q9Y2I7	1605	V	G	A0A287D3T0
Q9Y2I7	1605	V	G	A0A287D3T0
Q9Y2I7	1713	S	G	A0A287D3T0
Q9Y2I7	1713	S	G	A0A287D3T0
Q9Y2I7	1774	Q	H	A0A287D3T0
Q9Y2I7	1774	Q	H	A0A287D3T0
Q9Y2I7	1858	R	Q	A0A287D3T0
Q9Y2I7	1858	R	Q	A0A287D3T0
Q9Y2I7	1865	A	V	A0A287D3T0
Q9Y2I7	1865	A	V	A0A287D3T0
Q9Y2J8	233	R	Q	A0A093Q481
Q9Y2J8	233	R	Q	A0A093Q481
Q9Y2K1	203	T	N	H2SIC9
Q9Y2K1	531	A	P	H2SIC9
Q9Y2K1	203	T	N	H2SIC9
Q9Y2K1	531	A	P	H2SIC9
Q9Y2L1	269	N	S	A0A1D1VWS9
Q9Y2L1	326	T	R	A0A1D1VWS9
Q9Y2L1	401	A	V	A0A1D1VWS9
Q9Y2L1	465	K	R	A0A1D1VWS9
Q9Y2L1	587	S	F	A0A1D1VWS9
Q9Y2L1	635	P	S	A0A1D1VWS9
Q9Y2M2	24	P	L	H2M2D3
Q9Y2M2	24	P	L	H2M2D3
Q9Y2M2	82	A	T	H2M2D3
Q9Y2M2	82	A	T	H2M2D3
Q9Y2M2	219	A	V	H2M2D3
Q9Y2M2	219	A	V	H2M2D3
Q9Y2Q0	429	V	I	H2ZKG3
Q9Y2Q0	928	K	R	H2ZKG3
Q9Y2V0	73	L	V	A0A1S3WHH0
Q9Y2V0	73	L	V	A0A1S3WHH0
Q9Y2V0	73	L	V	A0A1S3WHH0
Q9Y2V0	73	L	V	A0A1S3WHH0
Q9Y2V0	73	L	V	A0A1S3WHH0
Q9Y2V0	73	L	V	A0A1S3WHH0
Q9Y2V0	73	L	V	A0A1S3WHH0
Q9Y2V0	73	L	V	A0A1S3WHH0
Q9Y2V3	44	D	E	O42358
Q9Y2V3	44	D	E	O42358
Q9Y2V3	44	D	E	O42358
Q9Y2V3	44	D	E	O42358
Q9Y2V3	50	T	P	O42358
Q9Y2V3	50	T	P	O42358
Q9Y2V3	50	T	P	O42358
Q9Y2V3	204	L	M	O42358
Q9Y2V3	204	L	M	O42358
Q9Y2Z4	191	G	V	A0A2K6P4D8
Q9Y2Z4	191	G	V	A0A2K6P4D8
Q9Y2Z4	191	G	V	A0A2K6P4D8
Q9Y2Z4	191	G	V	A0A2K6P4D8
Q9Y2Z4	295	D	N	A0A2K6P4D8
Q9Y2Z4	295	D	N	A0A2K6P4D8
Q9Y336	100	K	E	A0A2K5KC68
Q9Y336	125	S	N	A0A2K5KC68
Q9Y336	125	S	N	A0A2K5KC68
Q9Y336	131	K	Q	A0A2K5KC68
Q9Y336	147	N	K	A0A2K5KC68
Q9Y336	315	A	E	A0A2K5KC68
Q9Y336	316	A	D	A0A2K5KC68
Q9Y336	349	V	A	A0A2K5KC68
Q9Y3R4	11	S	R	K0Q567
Q9Y3R4	41	R	Q	K0Q567
Q9Y3R4	168	H	N	K0Q567
Q9Y3T9	203	A	V	A0A2I4BTW6
Q9Y3T9	203	A	V	A0A2I4BTW6
Q9Y3T9	271	A	V	A0A2I4BTW6
Q9Y3T9	300	I	V	A0A2I4BTW6
Q9Y3T9	556	S	L	A0A2I4BTW6
Q9Y3V2	47	V	A	E9Q1R6
Q9Y3V2	86	N	K	E9Q1R6
Q9Y487	339	R	H	A0A1S3PEW2
Q9Y487	339	R	H	A0A1S3PEW2
Q9Y487	339	R	H	A0A1S3PEW2
Q9Y487	339	R	H	A0A1S3PEW2
Q9Y487	339	R	H	A0A1S3PEW2
Q9Y487	374	K	R	A0A1S3PEW2
Q9Y487	374	K	R	A0A1S3PEW2
Q9Y487	374	K	R	A0A1S3PEW2
Q9Y487	374	K	R	A0A1S3PEW2
Q9Y487	374	K	R	A0A1S3PEW2
Q9Y487	420	V	L	A0A1S3PEW2
Q9Y487	420	V	L	A0A1S3PEW2
Q9Y487	420	V	L	A0A1S3PEW2
Q9Y487	420	V	L	A0A1S3PEW2
Q9Y487	420	V	L	A0A1S3PEW2
Q9Y487	685	R	Q	A0A1S3PEW2
Q9Y487	685	R	Q	A0A1S3PEW2
Q9Y487	685	R	Q	A0A1S3PEW2
Q9Y487	685	R	Q	A0A1S3PEW2
Q9Y487	685	R	Q	A0A1S3PEW2
Q9Y487	768	D	N	A0A1S3PEW2
Q9Y487	768	D	N	A0A1S3PEW2
Q9Y487	795	A	V	A0A1S3PEW2
Q9Y487	795	A	V	A0A1S3PEW2
Q9Y487	795	A	V	A0A1S3PEW2
Q9Y487	813	A	V	A0A1S3PEW2
Q9Y487	813	A	V	A0A1S3PEW2
Q9Y487	813	A	V	A0A1S3PEW2
Q9Y487	813	A	V	A0A1S3PEW2
Q9Y487	850	N	S	A0A1S3PEW2
Q9Y487	850	N	S	A0A1S3PEW2
Q9Y487	850	N	S	A0A1S3PEW2
Q9Y487	850	N	S	A0A1S3PEW2
Q9Y490	1227	S	L	A0A151WI83
Q9Y4G6	613	R	T	A0A151WI83
Q9Y4G6	938	S	A	A0A151WI83
Q9Y4G6	938	S	A	A0A151WI83
Q9Y4G6	1045	E	D	A0A151WI83
Q9Y4G6	1143	S	L	A0A151WI83
Q9Y4G6	1143	S	L	A0A151WI83
Q9Y4G6	1148	A	T	A0A151WI83
Q9Y4G6	1148	A	T	A0A151WI83
Q9Y4G6	1691	T	M	A0A151WI83
Q9Y4G6	1691	T	M	A0A151WI83
Q9Y4G6	2266	F	L	A0A151WI83
Q9Y4G6	2279	G	S	A0A151WI83
Q9Y4G6	2279	G	S	A0A151WI83
Q9Y4G6	2280	A	T	A0A151WI83
Q9Y4G6	2280	A	T	A0A151WI83
Q9Y4G6	613	R	T	A0A151WI83
Q9Y4G6	938	S	A	A0A151WI83
Q9Y4G6	938	S	A	A0A151WI83
Q9Y4G6	1045	E	D	A0A151WI83
Q9Y4G6	1143	S	L	A0A151WI83
Q9Y4G6	1143	S	L	A0A151WI83
Q9Y4G6	1148	A	T	A0A151WI83
Q9Y4G6	1148	A	T	A0A151WI83
Q9Y4G6	1691	T	M	A0A151WI83
Q9Y4G6	1691	T	M	A0A151WI83
Q9Y4G6	2266	F	L	A0A151WI83
Q9Y4G6	2279	G	S	A0A151WI83
Q9Y4G6	2279	G	S	A0A151WI83
Q9Y4G6	2280	A	T	A0A151WI83
Q9Y4G6	2280	A	T	A0A151WI83
Q9Y4J8	31	R	Q	M7BXA4
Q9Y4J8	480	P	T	M7BXA4
Q9Y4J8	480	P	T	M7BXA4
Q9Y4J8	480	P	T	M7BXA4
Q9Y4J8	480	P	T	M7BXA4
Q9Y4J8	485	S	T	M7BXA4
Q9Y4J8	485	S	T	M7BXA4
Q9Y4J8	485	S	T	M7BXA4
Q9Y4J8	485	S	T	M7BXA4
Q9Y4J8	521	R	Q	M7BXA4
Q9Y4J8	521	R	Q	M7BXA4
Q9Y4J8	521	R	Q	M7BXA4
Q9Y4J8	531	T	M	M7BXA4
Q9Y4J8	647	A	S	M7BXA4
Q9Y4J8	698	A	V	M7BXA4
Q9Y4W6	179	Y	C	H0UVJ1
Q9Y4W6	179	Y	C	H0UVJ1
Q9Y4W6	240	R	W	H0UVJ1
Q9Y4W6	240	R	W	H0UVJ1
Q9Y4W6	679	R	C	H0UVJ1
Q9Y4W6	679	R	C	H0UVJ1
Q9Y4W6	679	R	C	H0UVJ1
Q9Y4W6	732	E	G	H0UVJ1
Q9Y4W6	732	E	G	H0UVJ1
Q9Y575	30	L	V	V9KQB4
Q9Y575	157	E	D	V9KQB4
Q9Y575	30	L	V	V9KQB4
Q9Y575	157	E	D	V9KQB4
Q9Y5K1	36	T	A	Q6P0S6
Q9Y5K1	36	T	A	Q6P0S6
Q9Y5L3	103	A	V	A0A2K5IRT6
Q9Y5L3	193	R	Q	A0A2K5IRT6
Q9Y5L3	193	R	Q	A0A2K5IRT6
Q9Y5L3	480	V	I	A0A2K5IRT6
Q9Y5L3	480	V	I	A0A2K5IRT6
Q9Y5Q6	50	Q	L	W5PM23
Q9Y5T5	141	Q	H	A0A2K5INF0
Q9Y5T5	141	Q	H	A0A2K5INF0
Q9Y5U8	36	L	I	A0A182P2E7
Q9Y5U8	36	L	I	A0A182P2E7
Q9Y5U8	36	L	I	A0A182P2E7
Q9Y5Y6	85	R	H	L9KP29
Q9Y5Y6	152	I	V	L9KP29
Q9Y5Y6	152	I	V	L9KP29
Q9Y5Y6	171	R	H	L9KP29
Q9Y5Y6	171	R	H	L9KP29
Q9Y5Y6	184	R	W	L9KP29
Q9Y5Y6	184	R	W	L9KP29
Q9Y5Y6	285	M	I	L9KP29
Q9Y5Y6	345	R	H	L9KP29
Q9Y5Y6	345	R	H	L9KP29
Q9Y5Y6	350	T	A	L9KP29
Q9Y5Y6	350	T	A	L9KP29
Q9Y5Y6	381	R	S	L9KP29
Q9Y5Y6	470	R	C	L9KP29
Q9Y5Y6	470	R	C	L9KP29
Q9Y5Y6	577	G	R	L9KP29
Q9Y5Y6	577	G	R	L9KP29
Q9Y5Y6	786	P	L	L9KP29
Q9Y5Y6	786	P	L	L9KP29
Q9Y5Z0	56	H	Y	L8YFG8
Q9Y5Z0	56	H	Y	L8YFG8
Q9Y5Z0	478	V	I	L8YFG8
Q9Y5Z0	478	V	I	L8YFG8
Q9Y662	18	L	H	I3KUX7
Q9Y662	18	L	H	I3KUX7
Q9Y662	196	I	V	I3KUX7
Q9Y662	363	E	K	I3KUX7
Q9Y662	18	L	H	I3KUX7
Q9Y662	18	L	H	I3KUX7
Q9Y662	196	I	V	I3KUX7
Q9Y662	363	E	K	I3KUX7
Q9Y676	230	P	A	F6ZQK1
Q9Y676	230	P	A	F6ZQK1
Q9Y676	230	P	A	F6ZQK1
Q9Y676	230	P	A	F6ZQK1
Q9Y676	230	P	A	F6ZQK1
Q9Y676	230	P	A	F6ZQK1
Q9Y676	230	P	A	F6ZQK1
Q9Y676	230	P	A	F6ZQK1
Q9Y676	230	P	A	F6ZQK1
Q9Y676	230	P	A	F6ZQK1
Q9Y676	230	P	A	F6ZQK1
Q9Y676	230	P	A	F6ZQK1
Q9Y676	230	P	A	F6ZQK1
Q9Y6B7	51	M	L	F1PTH0
Q9Y6B7	51	M	L	F1PTH0
Q9Y6B7	51	M	L	F1PTH0
Q9Y6B7	51	M	L	F1PTH0
Q9Y6B7	256	T	I	F1PTH0
Q9Y6B7	256	T	I	F1PTH0
Q9Y6B7	256	T	I	F1PTH0
Q9Y6B7	256	T	I	F1PTH0
Q9Y6B7	256	T	I	F1PTH0
Q9Y6B7	256	T	I	F1PTH0
Q9Y6B7	268	H	R	F1PTH0
Q9Y6B7	268	H	R	F1PTH0
Q9Y6B7	268	H	R	F1PTH0
Q9Y6B7	268	H	R	F1PTH0
Q9Y6B7	268	H	R	F1PTH0
Q9Y6B7	268	H	R	F1PTH0
Q9Y6B7	323	S	L	F1PTH0
Q9Y6B7	323	S	L	F1PTH0
Q9Y6B7	323	S	L	F1PTH0
Q9Y6B7	323	S	L	F1PTH0
Q9Y6B7	397	I	V	F1PTH0
Q9Y6B7	397	I	V	F1PTH0
Q9Y6B7	397	I	V	F1PTH0
Q9Y6B7	397	I	V	F1PTH0
Q9Y6B7	397	I	V	F1PTH0
Q9Y6B7	397	I	V	F1PTH0
Q9Y6B7	480	L	S	F1PTH0
Q9Y6B7	480	L	S	F1PTH0
Q9Y6B7	480	L	S	F1PTH0
Q9Y6B7	480	L	S	F1PTH0
Q9Y6B7	480	L	S	F1PTH0
Q9Y6B7	734	I	V	F1PTH0
Q9Y6B7	734	I	V	F1PTH0
Q9Y6B7	51	M	L	F1PTH0
Q9Y6B7	51	M	L	F1PTH0
Q9Y6B7	51	M	L	F1PTH0
Q9Y6B7	51	M	L	F1PTH0
Q9Y6B7	256	T	I	F1PTH0
Q9Y6B7	256	T	I	F1PTH0
Q9Y6B7	256	T	I	F1PTH0
Q9Y6B7	256	T	I	F1PTH0
Q9Y6B7	256	T	I	F1PTH0
Q9Y6B7	256	T	I	F1PTH0
Q9Y6B7	268	H	R	F1PTH0
Q9Y6B7	268	H	R	F1PTH0
Q9Y6B7	268	H	R	F1PTH0
Q9Y6B7	268	H	R	F1PTH0
Q9Y6B7	268	H	R	F1PTH0
Q9Y6B7	268	H	R	F1PTH0
Q9Y6B7	323	S	L	F1PTH0
Q9Y6B7	323	S	L	F1PTH0
Q9Y6B7	323	S	L	F1PTH0
Q9Y6B7	323	S	L	F1PTH0
Q9Y6B7	397	I	V	F1PTH0
Q9Y6B7	397	I	V	F1PTH0
Q9Y6B7	397	I	V	F1PTH0
Q9Y6B7	397	I	V	F1PTH0
Q9Y6B7	397	I	V	F1PTH0
Q9Y6B7	397	I	V	F1PTH0
Q9Y6B7	480	L	S	F1PTH0
Q9Y6B7	480	L	S	F1PTH0
Q9Y6B7	480	L	S	F1PTH0
Q9Y6B7	480	L	S	F1PTH0
Q9Y6B7	480	L	S	F1PTH0
Q9Y6B7	734	I	V	F1PTH0
Q9Y6B7	734	I	V	F1PTH0
Q9Y6F9	155	P	R	A0A1A6G303
Q9Y6G5	128	I	S	G1SPX7
Q9Y6H3	48	S	C	G7PIX4
Q9Y6H3	48	S	C	G7PIX4
Q9Y6H3	48	S	C	G7PIX4
Q9Y6K0	120	I	V	A0A146SX30
Q9Y6K0	120	I	V	A0A146SX30
Q9Y6K0	120	I	V	A0A146SX30
Q9Y6K0	120	I	V	A0A146SX30
Q9Y6N5	264	I	T	A0A1U7U9S9
Q9Y6N5	264	I	T	A0A1U7U9S9
Q9Y6Q6	141	H	Y	G1SNN2
Q9Y6Q6	141	H	Y	G1SNN2
Q9Y6Q6	141	H	Y	G1SNN2
Q9Y6Q6	141	H	Y	G1SNN2
Q9Y6Q6	141	H	Y	G1SNN2
Q9Y6Q6	141	H	Y	G1SNN2
Q9Y6Q6	142	P	L	G1SNN2
Q9Y6Q6	142	P	L	G1SNN2
Q9Y6Q6	192	A	V	G1SNN2
Q9Y6Q6	192	A	V	G1SNN2
Q9Y6Q6	192	A	V	G1SNN2
Q9Y6Q6	192	A	V	G1SNN2
Q9Y6Q6	192	A	V	G1SNN2
Q9Y6Q6	192	A	V	G1SNN2
Q9Y6Q6	209	V	I	G1SNN2
Q9Y6Q6	209	V	I	G1SNN2
Q9Y6Q6	209	V	I	G1SNN2
Q9Y6Q6	209	V	I	G1SNN2
Q9Y6Q6	209	V	I	G1SNN2
Q9Y6Q6	450	R	W	G1SNN2
Q9Y6Q6	450	R	W	G1SNN2
Q9Y6Q6	450	R	W	G1SNN2
Q9Y6Q6	450	R	W	G1SNN2
Q9Y6Q6	461	V	M	G1SNN2
Q9Y6Q6	461	V	M	G1SNN2
Q9Y6Q6	466	R	H	G1SNN2
Q9Y6Q6	466	R	H	G1SNN2
Q9Y6Q6	466	R	H	G1SNN2
Q9Y6Q6	466	R	H	G1SNN2
Q9Y6Q6	472	C	S	G1SNN2
Q9Y6Q6	472	C	S	G1SNN2
Q9Y6Q6	507	A	T	G1SNN2
Q9Y6Q6	507	A	T	G1SNN2
Q9Y6Q6	507	A	T	G1SNN2
Q9Y6Q6	507	A	T	G1SNN2
Q9Y6Q6	566	M	V	G1SNN2
Q9Y6R4	157	R	H	M7B005
Q9Y6R4	335	V	I	M7B005
Q9Y6R4	906	H	P	M7B005
Q9Y6R4	1003	N	K	M7B005
Q9Y6R4	1003	N	K	M7B005
Q9Y6W5	247	P	L	H2ZWI6
Q9Y6W5	247	P	L	H2ZWI6
Q9Y6X0	29	A	T	W5KM97
Q9Y6X0	29	A	T	W5KM97
Q9Y6X0	54	R	H	W5KM97
Q9Y6X0	138	D	Y	W5KM97
Q9Y6X0	138	D	Y	W5KM97
Q9Y6X0	151	T	M	W5KM97
Q9Y6X0	192	H	R	W5KM97
Q9Y6X0	203	G	S	W5KM97
Q9Y6X0	225	N	D	W5KM97
Q9Y6X0	229	G	R	W5KM97
Q9Y6X0	229	G	R	W5KM97
Q9Y6X0	229	G	R	W5KM97
Q9Y6X0	231	V	L	W5KM97
Q9Y6X0	231	V	L	W5KM97
Q9Y6X0	231	V	I	W5KM97
Q9Y6X0	231	V	L	W5KM97
Q9Y6X0	251	I	N	W5KM97
Q9Y6X0	257	V	M	W5KM97
Q9Y6X0	273	T	M	W5KM97
Q9Y6X0	280	N	S	W5KM97
Q9Y6X0	280	N	S	W5KM97
Q9Y6X0	309	N	K	W5KM97
Q9Y6X0	309	N	K	W5KM97
Q9Y6X0	331	V	L	W5KM97
Q9Y6X0	331	V	L	W5KM97
Q9Y6X0	346	T	I	W5KM97
Q9Y6X0	346	T	I	W5KM97
Q9Y6X0	346	T	I	W5KM97
Q9Y6X0	346	T	I	W5KM97
Q9Y6X0	371	G	V	W5KM97
Q9Y6X0	378	Q	R	W5KM97
Q9Y6X0	384	R	G	W5KM97
Q9Y6X0	387	V	M	W5KM97
Q9Y6X0	399	H	R	W5KM97
Q9Y6X0	401	R	Q	W5KM97
Q9Y6X0	401	R	W	W5KM97
Q9Y6X0	402	I	V	W5KM97
Q9Y6X0	408	A	S	W5KM97
Q9Y6X0	452	L	F	W5KM97
Q9Y6X0	495	S	T	W5KM97
Q9Y6X0	495	S	T	W5KM97
Q9Y6X0	497	P	L	W5KM97
Q9Y6X0	497	P	L	W5KM97
Q9Y6X0	498	R	G	W5KM97
Q9Y6X0	498	R	Q	W5KM97
Q9Y6X0	544	R	Q	W5KM97
Q9Y6X0	556	L	V	W5KM97
Q9Y6X0	610	V	I	W5KM97
Q9Y6X0	610	V	I	W5KM97
Q9Y6X0	627	R	C	W5KM97
Q9Y6X0	627	R	C	W5KM97
Q9Y6X0	627	R	H	W5KM97
Q9Y6X0	627	R	H	W5KM97
Q9Y6X0	630	A	V	W5KM97
Q9Y6X0	634	Q	R	W5KM97
Q9Y6X0	634	Q	R	W5KM97
Q9Y6X0	688	V	I	W5KM97
Q9Y6X0	696	P	Q	W5KM97
Q9Y6X0	841	H	R	W5KM97
Q9Y6X0	902	P	L	W5KM97
Q9Y6X0	958	E	G	W5KM97
Q9Y6X0	958	E	G	W5KM97
Q9Y6X0	958	E	G	W5KM97
Q9Y6X0	972	R	W	W5KM97
Q9Y6X0	983	P	R	W5KM97
Q9Y6X0	983	P	R	W5KM97
Q9Y6X0	1006	Y	C	W5KM97
Q9Y6X0	1048	Y	C	W5KM97
Q9Y6X0	1100	H	R	W5KM97
Q9Y6X0	1100	H	R	W5KM97
Q9Y6X0	1101	V	I	W5KM97
Q9Y6X0	1101	V	I	W5KM97
Q9Y6X0	1101	V	I	W5KM97
Q9Y6X0	1123	M	L	W5KM97
Q9Y6X0	1130	P	T	W5KM97
Q9Y6X0	1130	P	T	W5KM97
Q9Y6X0	1130	P	T	W5KM97
Q9Y6X0	1145	G	D	W5KM97
Q9Y6X0	1145	G	D	W5KM97
Q9Y6X0	1161	D	H	W5KM97
Q9Y6X0	1161	D	H	W5KM97
Q9Y6X0	1162	R	Q	W5KM97
Q9Y6X0	1193	A	S	W5KM97
Q9Y6X0	1218	G	S	W5KM97
Q9Y6X0	1244	Q	R	W5KM97
Q9Y6X0	1264	S	A	W5KM97
Q9Y6X0	1264	S	A	W5KM97
Q9Y6X0	1264	S	A	W5KM97
Q9Y6X0	1270	G	S	W5KM97
Q9Y6X0	1287	S	L	W5KM97
Q9Y6X0	1295	V	M	W5KM97
Q9Y6X0	1295	V	M	W5KM97
Q9Y6X0	1321	R	H	W5KM97
Q9Y6X0	1321	R	H	W5KM97
Q9Y6X0	1337	S	T	W5KM97
Q9Y6X0	1366	A	T	W5KM97
Q9Y6X0	1366	A	T	W5KM97
Q9Y6X0	1377	V	L	W5KM97
Q9Y6X0	1377	V	L	W5KM97
Q9Y6X0	1377	V	L	W5KM97
Q9Y6X0	1386	A	T	W5KM97
Q9Y6X0	1401	R	Q	W5KM97
Q9Y6X0	1401	R	Q	W5KM97
Q9Y6X0	1412	R	G	W5KM97
Q9Y6X0	1466	E	D	W5KM97
Q9Y6X0	1466	E	D	W5KM97
Q9Y6X0	1466	E	D	W5KM97
Q9Y6X0	1466	E	D	W5KM97
Q9Y6X0	1489	P	S	W5KM97
Q9Y6X0	1490	S	T	W5KM97
Q9Y6X0	1547	T	N	W5KM97
Q9Y6X0	1547	T	N	W5KM97
Q9Y6X0	1547	T	N	W5KM97
Q9Y6X0	1558	Q	L	W5KM97
Q9Y6X0	29	A	T	W5KM97
Q9Y6X0	29	A	T	W5KM97
Q9Y6X0	54	R	H	W5KM97
Q9Y6X0	138	D	Y	W5KM97
Q9Y6X0	138	D	Y	W5KM97
Q9Y6X0	151	T	M	W5KM97
Q9Y6X0	192	H	R	W5KM97
Q9Y6X0	203	G	S	W5KM97
Q9Y6X0	225	N	D	W5KM97
Q9Y6X0	229	G	R	W5KM97
Q9Y6X0	229	G	R	W5KM97
Q9Y6X0	229	G	R	W5KM97
Q9Y6X0	231	V	L	W5KM97
Q9Y6X0	231	V	I	W5KM97
Q9Y6X0	231	V	L	W5KM97
Q9Y6X0	231	V	L	W5KM97
Q9Y6X0	251	I	N	W5KM97
Q9Y6X0	257	V	M	W5KM97
Q9Y6X0	273	T	M	W5KM97
Q9Y6X0	280	N	S	W5KM97
Q9Y6X0	280	N	S	W5KM97
Q9Y6X0	309	N	K	W5KM97
Q9Y6X0	309	N	K	W5KM97
Q9Y6X0	331	V	L	W5KM97
Q9Y6X0	331	V	L	W5KM97
Q9Y6X0	346	T	I	W5KM97
Q9Y6X0	346	T	I	W5KM97
Q9Y6X0	346	T	I	W5KM97
Q9Y6X0	346	T	I	W5KM97
Q9Y6X0	371	G	V	W5KM97
Q9Y6X0	378	Q	R	W5KM97
Q9Y6X0	384	R	G	W5KM97
Q9Y6X0	387	V	M	W5KM97
Q9Y6X0	399	H	R	W5KM97
Q9Y6X0	401	R	Q	W5KM97
Q9Y6X0	401	R	W	W5KM97
Q9Y6X0	402	I	V	W5KM97
Q9Y6X0	408	A	S	W5KM97
Q9Y6X0	452	L	F	W5KM97
Q9Y6X0	495	S	T	W5KM97
Q9Y6X0	495	S	T	W5KM97
Q9Y6X0	497	P	L	W5KM97
Q9Y6X0	497	P	L	W5KM97
Q9Y6X0	498	R	G	W5KM97
Q9Y6X0	498	R	Q	W5KM97
Q9Y6X0	544	R	Q	W5KM97
Q9Y6X0	556	L	V	W5KM97
Q9Y6X0	610	V	I	W5KM97
Q9Y6X0	610	V	I	W5KM97
Q9Y6X0	627	R	C	W5KM97
Q9Y6X0	627	R	H	W5KM97
Q9Y6X0	627	R	C	W5KM97
Q9Y6X0	627	R	H	W5KM97
Q9Y6X0	630	A	V	W5KM97
Q9Y6X0	634	Q	R	W5KM97
Q9Y6X0	634	Q	R	W5KM97
Q9Y6X0	688	V	I	W5KM97
Q9Y6X0	696	P	Q	W5KM97
Q9Y6X0	841	H	R	W5KM97
Q9Y6X0	902	P	L	W5KM97
Q9Y6X0	958	E	G	W5KM97
Q9Y6X0	958	E	G	W5KM97
Q9Y6X0	958	E	G	W5KM97
Q9Y6X0	972	R	W	W5KM97
Q9Y6X0	983	P	R	W5KM97
Q9Y6X0	983	P	R	W5KM97
Q9Y6X0	1006	Y	C	W5KM97
Q9Y6X0	1048	Y	C	W5KM97
Q9Y6X0	1100	H	R	W5KM97
Q9Y6X0	1100	H	R	W5KM97
Q9Y6X0	1101	V	I	W5KM97
Q9Y6X0	1101	V	I	W5KM97
Q9Y6X0	1101	V	I	W5KM97
Q9Y6X0	1123	M	L	W5KM97
Q9Y6X0	1130	P	T	W5KM97
Q9Y6X0	1130	P	T	W5KM97
Q9Y6X0	1130	P	T	W5KM97
Q9Y6X0	1145	G	D	W5KM97
Q9Y6X0	1145	G	D	W5KM97
Q9Y6X0	1161	D	H	W5KM97
Q9Y6X0	1161	D	H	W5KM97
Q9Y6X0	1162	R	Q	W5KM97
Q9Y6X0	1193	A	S	W5KM97
Q9Y6X0	1218	G	S	W5KM97
Q9Y6X0	1244	Q	R	W5KM97
Q9Y6X0	1264	S	A	W5KM97
Q9Y6X0	1264	S	A	W5KM97
Q9Y6X0	1264	S	A	W5KM97
Q9Y6X0	1270	G	S	W5KM97
Q9Y6X0	1287	S	L	W5KM97
Q9Y6X0	1295	V	M	W5KM97
Q9Y6X0	1295	V	M	W5KM97
Q9Y6X0	1321	R	H	W5KM97
Q9Y6X0	1321	R	H	W5KM97
Q9Y6X0	1337	S	T	W5KM97
Q9Y6X0	1366	A	T	W5KM97
Q9Y6X0	1366	A	T	W5KM97
Q9Y6X0	1377	V	L	W5KM97
Q9Y6X0	1377	V	L	W5KM97
Q9Y6X0	1377	V	L	W5KM97
Q9Y6X0	1386	A	T	W5KM97
Q9Y6X0	1401	R	Q	W5KM97
Q9Y6X0	1401	R	Q	W5KM97
Q9Y6X0	1412	R	G	W5KM97
Q9Y6X0	1466	E	D	W5KM97
Q9Y6X0	1466	E	D	W5KM97
Q9Y6X0	1466	E	D	W5KM97
Q9Y6X0	1466	E	D	W5KM97
Q9Y6X0	1489	P	S	W5KM97
Q9Y6X0	1490	S	T	W5KM97
Q9Y6X0	1547	T	N	W5KM97
Q9Y6X0	1547	T	N	W5KM97
Q9Y6X0	1547	T	N	W5KM97
Q9Y6X0	1558	Q	L	W5KM97
Q9Y6X0	29	A	T	W5KM97
Q9Y6X0	29	A	T	W5KM97
Q9Y6X0	54	R	H	W5KM97
Q9Y6X0	138	D	Y	W5KM97
Q9Y6X0	138	D	Y	W5KM97
Q9Y6X0	151	T	M	W5KM97
Q9Y6X0	192	H	R	W5KM97
Q9Y6X0	203	G	S	W5KM97
Q9Y6X0	225	N	D	W5KM97
Q9Y6X0	229	G	R	W5KM97
Q9Y6X0	229	G	R	W5KM97
Q9Y6X0	229	G	R	W5KM97
Q9Y6X0	231	V	L	W5KM97
Q9Y6X0	231	V	I	W5KM97
Q9Y6X0	231	V	L	W5KM97
Q9Y6X0	231	V	L	W5KM97
Q9Y6X0	251	I	N	W5KM97
Q9Y6X0	257	V	M	W5KM97
Q9Y6X0	273	T	M	W5KM97
Q9Y6X0	280	N	S	W5KM97
Q9Y6X0	280	N	S	W5KM97
Q9Y6X0	309	N	K	W5KM97
Q9Y6X0	309	N	K	W5KM97
Q9Y6X0	331	V	L	W5KM97
Q9Y6X0	331	V	L	W5KM97
Q9Y6X0	346	T	I	W5KM97
Q9Y6X0	346	T	I	W5KM97
Q9Y6X0	346	T	I	W5KM97
Q9Y6X0	346	T	I	W5KM97
Q9Y6X0	371	G	V	W5KM97
Q9Y6X0	378	Q	R	W5KM97
Q9Y6X0	384	R	G	W5KM97
Q9Y6X0	387	V	M	W5KM97
Q9Y6X0	399	H	R	W5KM97
Q9Y6X0	401	R	Q	W5KM97
Q9Y6X0	401	R	W	W5KM97
Q9Y6X0	402	I	V	W5KM97
Q9Y6X0	408	A	S	W5KM97
Q9Y6X0	452	L	F	W5KM97
Q9Y6X0	495	S	T	W5KM97
Q9Y6X0	495	S	T	W5KM97
Q9Y6X0	497	P	L	W5KM97
Q9Y6X0	497	P	L	W5KM97
Q9Y6X0	498	R	G	W5KM97
Q9Y6X0	498	R	Q	W5KM97
Q9Y6X0	544	R	Q	W5KM97
Q9Y6X0	556	L	V	W5KM97
Q9Y6X0	610	V	I	W5KM97
Q9Y6X0	610	V	I	W5KM97
Q9Y6X0	627	R	C	W5KM97
Q9Y6X0	627	R	H	W5KM97
Q9Y6X0	627	R	C	W5KM97
Q9Y6X0	627	R	H	W5KM97
Q9Y6X0	630	A	V	W5KM97
Q9Y6X0	634	Q	R	W5KM97
Q9Y6X0	634	Q	R	W5KM97
Q9Y6X0	688	V	I	W5KM97
Q9Y6X0	696	P	Q	W5KM97
Q9Y6X0	841	H	R	W5KM97
Q9Y6X0	902	P	L	W5KM97
Q9Y6X0	958	E	G	W5KM97
Q9Y6X0	958	E	G	W5KM97
Q9Y6X0	958	E	G	W5KM97
Q9Y6X0	972	R	W	W5KM97
Q9Y6X0	983	P	R	W5KM97
Q9Y6X0	983	P	R	W5KM97
Q9Y6X0	1006	Y	C	W5KM97
Q9Y6X0	1048	Y	C	W5KM97
Q9Y6X0	1100	H	R	W5KM97
Q9Y6X0	1100	H	R	W5KM97
Q9Y6X0	1101	V	I	W5KM97
Q9Y6X0	1101	V	I	W5KM97
Q9Y6X0	1101	V	I	W5KM97
Q9Y6X0	1123	M	L	W5KM97
Q9Y6X0	1130	P	T	W5KM97
Q9Y6X0	1130	P	T	W5KM97
Q9Y6X0	1130	P	T	W5KM97
Q9Y6X0	1145	G	D	W5KM97
Q9Y6X0	1145	G	D	W5KM97
Q9Y6X0	1161	D	H	W5KM97
Q9Y6X0	1161	D	H	W5KM97
Q9Y6X0	1162	R	Q	W5KM97
Q9Y6X0	1193	A	S	W5KM97
Q9Y6X0	1218	G	S	W5KM97
Q9Y6X0	1244	Q	R	W5KM97
Q9Y6X0	1264	S	A	W5KM97
Q9Y6X0	1264	S	A	W5KM97
Q9Y6X0	1264	S	A	W5KM97
Q9Y6X0	1270	G	S	W5KM97
Q9Y6X0	1287	S	L	W5KM97
Q9Y6X0	1295	V	M	W5KM97
Q9Y6X0	1295	V	M	W5KM97
Q9Y6X0	1321	R	H	W5KM97
Q9Y6X0	1321	R	H	W5KM97
Q9Y6X0	1337	S	T	W5KM97
Q9Y6X0	1366	A	T	W5KM97
Q9Y6X0	1366	A	T	W5KM97
Q9Y6X0	1377	V	L	W5KM97
Q9Y6X0	1377	V	L	W5KM97
Q9Y6X0	1377	V	L	W5KM97
Q9Y6X0	1386	A	T	W5KM97
Q9Y6X0	1401	R	Q	W5KM97
Q9Y6X0	1401	R	Q	W5KM97
Q9Y6X0	1412	R	G	W5KM97
Q9Y6X0	1466	E	D	W5KM97
Q9Y6X0	1466	E	D	W5KM97
Q9Y6X0	1466	E	D	W5KM97
Q9Y6X0	1466	E	D	W5KM97
Q9Y6X0	1489	P	S	W5KM97
Q9Y6X0	1490	S	T	W5KM97
Q9Y6X0	1547	T	N	W5KM97
Q9Y6X0	1547	T	N	W5KM97
Q9Y6X0	1547	T	N	W5KM97
Q9Y6X0	1558	Q	L	W5KM97
Q9Y6X0	29	A	T	W5KM97
Q9Y6X0	29	A	T	W5KM97
Q9Y6X0	54	R	H	W5KM97
Q9Y6X0	138	D	Y	W5KM97
Q9Y6X0	138	D	Y	W5KM97
Q9Y6X0	151	T	M	W5KM97
Q9Y6X0	192	H	R	W5KM97
Q9Y6X0	203	G	S	W5KM97
Q9Y6X0	225	N	D	W5KM97
Q9Y6X0	229	G	R	W5KM97
Q9Y6X0	229	G	R	W5KM97
Q9Y6X0	229	G	R	W5KM97
Q9Y6X0	231	V	L	W5KM97
Q9Y6X0	231	V	L	W5KM97
Q9Y6X0	231	V	I	W5KM97
Q9Y6X0	231	V	L	W5KM97
Q9Y6X0	251	I	N	W5KM97
Q9Y6X0	257	V	M	W5KM97
Q9Y6X0	273	T	M	W5KM97
Q9Y6X0	280	N	S	W5KM97
Q9Y6X0	280	N	S	W5KM97
Q9Y6X0	309	N	K	W5KM97
Q9Y6X0	309	N	K	W5KM97
Q9Y6X0	331	V	L	W5KM97
Q9Y6X0	331	V	L	W5KM97
Q9Y6X0	346	T	I	W5KM97
Q9Y6X0	346	T	I	W5KM97
Q9Y6X0	346	T	I	W5KM97
Q9Y6X0	346	T	I	W5KM97
Q9Y6X0	371	G	V	W5KM97
Q9Y6X0	378	Q	R	W5KM97
Q9Y6X0	384	R	G	W5KM97
Q9Y6X0	387	V	M	W5KM97
Q9Y6X0	399	H	R	W5KM97
Q9Y6X0	401	R	Q	W5KM97
Q9Y6X0	401	R	W	W5KM97
Q9Y6X0	402	I	V	W5KM97
Q9Y6X0	408	A	S	W5KM97
Q9Y6X0	452	L	F	W5KM97
Q9Y6X0	495	S	T	W5KM97
Q9Y6X0	495	S	T	W5KM97
Q9Y6X0	497	P	L	W5KM97
Q9Y6X0	497	P	L	W5KM97
Q9Y6X0	498	R	G	W5KM97
Q9Y6X0	498	R	Q	W5KM97
Q9Y6X0	544	R	Q	W5KM97
Q9Y6X0	556	L	V	W5KM97
Q9Y6X0	610	V	I	W5KM97
Q9Y6X0	610	V	I	W5KM97
Q9Y6X0	627	R	C	W5KM97
Q9Y6X0	627	R	H	W5KM97
Q9Y6X0	627	R	H	W5KM97
Q9Y6X0	627	R	C	W5KM97
Q9Y6X0	630	A	V	W5KM97
Q9Y6X0	634	Q	R	W5KM97
Q9Y6X0	634	Q	R	W5KM97
Q9Y6X0	688	V	I	W5KM97
Q9Y6X0	696	P	Q	W5KM97
Q9Y6X0	841	H	R	W5KM97
Q9Y6X0	902	P	L	W5KM97
Q9Y6X0	958	E	G	W5KM97
Q9Y6X0	958	E	G	W5KM97
Q9Y6X0	958	E	G	W5KM97
Q9Y6X0	972	R	W	W5KM97
Q9Y6X0	983	P	R	W5KM97
Q9Y6X0	983	P	R	W5KM97
Q9Y6X0	1006	Y	C	W5KM97
Q9Y6X0	1048	Y	C	W5KM97
Q9Y6X0	1100	H	R	W5KM97
Q9Y6X0	1100	H	R	W5KM97
Q9Y6X0	1101	V	I	W5KM97
Q9Y6X0	1101	V	I	W5KM97
Q9Y6X0	1101	V	I	W5KM97
Q9Y6X0	1123	M	L	W5KM97
Q9Y6X0	1130	P	T	W5KM97
Q9Y6X0	1130	P	T	W5KM97
Q9Y6X0	1130	P	T	W5KM97
Q9Y6X0	1145	G	D	W5KM97
Q9Y6X0	1145	G	D	W5KM97
Q9Y6X0	1161	D	H	W5KM97
Q9Y6X0	1161	D	H	W5KM97
Q9Y6X0	1162	R	Q	W5KM97
Q9Y6X0	1193	A	S	W5KM97
Q9Y6X0	1218	G	S	W5KM97
Q9Y6X0	1244	Q	R	W5KM97
Q9Y6X0	1264	S	A	W5KM97
Q9Y6X0	1264	S	A	W5KM97
Q9Y6X0	1264	S	A	W5KM97
Q9Y6X0	1270	G	S	W5KM97
Q9Y6X0	1287	S	L	W5KM97
Q9Y6X0	1295	V	M	W5KM97
Q9Y6X0	1295	V	M	W5KM97
Q9Y6X0	1321	R	H	W5KM97
Q9Y6X0	1321	R	H	W5KM97
Q9Y6X0	1337	S	T	W5KM97
Q9Y6X0	1366	A	T	W5KM97
Q9Y6X0	1366	A	T	W5KM97
Q9Y6X0	1377	V	L	W5KM97
Q9Y6X0	1377	V	L	W5KM97
Q9Y6X0	1377	V	L	W5KM97
Q9Y6X0	1386	A	T	W5KM97
Q9Y6X0	1401	R	Q	W5KM97
Q9Y6X0	1401	R	Q	W5KM97
Q9Y6X0	1412	R	G	W5KM97
Q9Y6X0	1466	E	D	W5KM97
Q9Y6X0	1466	E	D	W5KM97
Q9Y6X0	1466	E	D	W5KM97
Q9Y6X0	1466	E	D	W5KM97
Q9Y6X0	1489	P	S	W5KM97
Q9Y6X0	1490	S	T	W5KM97
Q9Y6X0	1547	T	N	W5KM97
Q9Y6X0	1547	T	N	W5KM97
Q9Y6X0	1547	T	N	W5KM97
Q9Y6X0	1558	Q	L	W5KM97
Q9Y6X0	29	A	T	W5KM97
Q9Y6X0	29	A	T	W5KM97
Q9Y6X0	54	R	H	W5KM97
Q9Y6X0	138	D	Y	W5KM97
Q9Y6X0	138	D	Y	W5KM97
Q9Y6X0	151	T	M	W5KM97
Q9Y6X0	192	H	R	W5KM97
Q9Y6X0	203	G	S	W5KM97
Q9Y6X0	225	N	D	W5KM97
Q9Y6X0	229	G	R	W5KM97
Q9Y6X0	229	G	R	W5KM97
Q9Y6X0	229	G	R	W5KM97
Q9Y6X0	231	V	L	W5KM97
Q9Y6X0	231	V	I	W5KM97
Q9Y6X0	231	V	L	W5KM97
Q9Y6X0	231	V	L	W5KM97
Q9Y6X0	251	I	N	W5KM97
Q9Y6X0	257	V	M	W5KM97
Q9Y6X0	273	T	M	W5KM97
Q9Y6X0	280	N	S	W5KM97
Q9Y6X0	280	N	S	W5KM97
Q9Y6X0	309	N	K	W5KM97
Q9Y6X0	309	N	K	W5KM97
Q9Y6X0	331	V	L	W5KM97
Q9Y6X0	331	V	L	W5KM97
Q9Y6X0	346	T	I	W5KM97
Q9Y6X0	346	T	I	W5KM97
Q9Y6X0	346	T	I	W5KM97
Q9Y6X0	346	T	I	W5KM97
Q9Y6X0	371	G	V	W5KM97
Q9Y6X0	378	Q	R	W5KM97
Q9Y6X0	384	R	G	W5KM97
Q9Y6X0	387	V	M	W5KM97
Q9Y6X0	399	H	R	W5KM97
Q9Y6X0	401	R	Q	W5KM97
Q9Y6X0	401	R	W	W5KM97
Q9Y6X0	402	I	V	W5KM97
Q9Y6X0	408	A	S	W5KM97
Q9Y6X0	452	L	F	W5KM97
Q9Y6X0	495	S	T	W5KM97
Q9Y6X0	495	S	T	W5KM97
Q9Y6X0	497	P	L	W5KM97
Q9Y6X0	497	P	L	W5KM97
Q9Y6X0	498	R	Q	W5KM97
Q9Y6X0	498	R	G	W5KM97
Q9Y6X0	544	R	Q	W5KM97
Q9Y6X0	556	L	V	W5KM97
Q9Y6X0	610	V	I	W5KM97
Q9Y6X0	610	V	I	W5KM97
Q9Y6X0	627	R	C	W5KM97
Q9Y6X0	627	R	H	W5KM97
Q9Y6X0	627	R	H	W5KM97
Q9Y6X0	627	R	C	W5KM97
Q9Y6X0	630	A	V	W5KM97
Q9Y6X0	634	Q	R	W5KM97
Q9Y6X0	634	Q	R	W5KM97
Q9Y6X0	688	V	I	W5KM97
Q9Y6X0	696	P	Q	W5KM97
Q9Y6X0	841	H	R	W5KM97
Q9Y6X0	902	P	L	W5KM97
Q9Y6X0	958	E	G	W5KM97
Q9Y6X0	958	E	G	W5KM97
Q9Y6X0	958	E	G	W5KM97
Q9Y6X0	972	R	W	W5KM97
Q9Y6X0	983	P	R	W5KM97
Q9Y6X0	983	P	R	W5KM97
Q9Y6X0	1006	Y	C	W5KM97
Q9Y6X0	1048	Y	C	W5KM97
Q9Y6X0	1100	H	R	W5KM97
Q9Y6X0	1100	H	R	W5KM97
Q9Y6X0	1101	V	I	W5KM97
Q9Y6X0	1101	V	I	W5KM97
Q9Y6X0	1101	V	I	W5KM97
Q9Y6X0	1123	M	L	W5KM97
Q9Y6X0	1130	P	T	W5KM97
Q9Y6X0	1130	P	T	W5KM97
Q9Y6X0	1130	P	T	W5KM97
Q9Y6X0	1145	G	D	W5KM97
Q9Y6X0	1145	G	D	W5KM97
Q9Y6X0	1161	D	H	W5KM97
Q9Y6X0	1161	D	H	W5KM97
Q9Y6X0	1162	R	Q	W5KM97
Q9Y6X0	1193	A	S	W5KM97
Q9Y6X0	1218	G	S	W5KM97
Q9Y6X0	1244	Q	R	W5KM97
Q9Y6X0	1264	S	A	W5KM97
Q9Y6X0	1264	S	A	W5KM97
Q9Y6X0	1264	S	A	W5KM97
Q9Y6X0	1270	G	S	W5KM97
Q9Y6X0	1287	S	L	W5KM97
Q9Y6X0	1295	V	M	W5KM97
Q9Y6X0	1295	V	M	W5KM97
Q9Y6X0	1321	R	H	W5KM97
Q9Y6X0	1321	R	H	W5KM97
Q9Y6X0	1337	S	T	W5KM97
Q9Y6X0	1366	A	T	W5KM97
Q9Y6X0	1366	A	T	W5KM97
Q9Y6X0	1377	V	L	W5KM97
Q9Y6X0	1377	V	L	W5KM97
Q9Y6X0	1377	V	L	W5KM97
Q9Y6X0	1386	A	T	W5KM97
Q9Y6X0	1401	R	Q	W5KM97
Q9Y6X0	1401	R	Q	W5KM97
Q9Y6X0	1412	R	G	W5KM97
Q9Y6X0	1466	E	D	W5KM97
Q9Y6X0	1466	E	D	W5KM97
Q9Y6X0	1466	E	D	W5KM97
Q9Y6X0	1466	E	D	W5KM97
Q9Y6X0	1489	P	S	W5KM97
Q9Y6X0	1490	S	T	W5KM97
Q9Y6X0	1547	T	N	W5KM97
Q9Y6X0	1547	T	N	W5KM97
Q9Y6X0	1547	T	N	W5KM97
Q9Y6X0	1558	Q	L	W5KM97
Q9Y6X9	163	E	D	A0A226P8Q3
Q9Y6X9	163	E	D	A0A226P8Q3
Q9Y6X9	163	E	D	A0A226P8Q3
Q9Y6X9	200	I	V	A0A226P8Q3
Q9Y6X9	209	N	S	A0A226P8Q3
Q9Y6X9	209	N	S	A0A226P8Q3
Q9Y6X9	209	N	S	A0A226P8Q3
Q9Y6X9	376	H	Q	A0A226P8Q3
Q9Y6X9	376	H	Q	A0A226P8Q3
Q9Y6X9	585	R	H	A0A226P8Q3
Q9Y6X9	585	R	H	A0A226P8Q3
Q9Y6X9	585	R	H	A0A226P8Q3
Q9Y6X9	647	I	T	A0A226P8Q3
Q9Y6X9	682	V	I	A0A226P8Q3
Q9Y6X9	682	V	I	A0A226P8Q3
Q9Y6X9	682	V	I	A0A226P8Q3
Q9Y6X9	682	V	I	A0A226P8Q3
Q9Y6X9	682	V	I	A0A226P8Q3
Q9Y6X9	708	E	D	A0A226P8Q3
Q9Y6X9	773	S	L	A0A226P8Q3
Q9Y6X9	873	V	L	A0A226P8Q3
Q9Y6Y1	41	H	R	K7DY74
Q9Y6Y1	189	G	S	K7DY74
Q9Y6Y1	189	G	S	K7DY74
Q9Y6Y1	266	G	S	K7DY74
Q9Y6Y1	266	G	S	K7DY74
Q9Y6Y1	272	G	S	K7DY74
Q9Y6Y1	272	G	S	K7DY74
Q9Y6Y1	329	K	R	K7DY74
Q9Y6Y1	329	K	R	K7DY74
Q9Y6Y1	329	K	R	K7DY74
Q9Y6Y1	339	S	G	K7DY74
Q9Y6Y1	339	S	G	K7DY74
Q9Y6Y1	472	G	S	K7DY74
Q9Y6Y1	472	G	S	K7DY74
Q9Y6Y1	538	S	T	K7DY74
Q9Y6Y1	538	S	T	K7DY74
Q9Y6Y1	627	V	I	K7DY74
Q9Y6Y1	627	V	I	K7DY74
Q9Y6Y1	636	S	G	K7DY74
Q9Y6Y1	636	S	G	K7DY74
Q9Y6Y1	652	S	L	K7DY74
Q9Y6Y1	652	S	L	K7DY74
Q9Y6Y1	652	S	L	K7DY74
Q9Y6Y1	663	E	D	K7DY74
Q9Y6Y1	663	E	D	K7DY74
Q9Y6Y1	666	I	M	K7DY74
Q9Y6Y1	666	I	M	K7DY74
Q9Y6Y1	697	A	V	K7DY74
Q9Y6Y1	697	A	V	K7DY74
Q9Y6Y1	707	S	C	K7DY74
Q9Y6Y1	707	S	C	K7DY74
Q9Y6Y1	753	G	S	K7DY74
Q9Y6Y1	753	G	S	K7DY74
Q9Y6Y1	768	S	P	K7DY74
Q9Y6Y1	793	H	Q	K7DY74
Q9Y6Y1	793	H	Q	K7DY74
Q9Y6Y1	976	R	K	K7DY74
Q9Y6Y1	976	R	K	K7DY74
Q9Y6Y1	976	R	K	K7DY74
Q9Y6Y1	1004	G	R	K7DY74
Q9Y6Y1	1004	G	R	K7DY74
Q9Y6Y1	1052	A	V	K7DY74
Q9Y6Y1	1052	A	V	K7DY74
Q9Y6Y1	1177	N	K	K7DY74
Q9Y6Y1	1177	N	K	K7DY74
Q9Y6Y1	1177	N	K	K7DY74
Q9Y6Y1	1188	P	S	K7DY74
Q9Y6Y1	1188	P	S	K7DY74
Q9Y6Y1	1191	E	D	K7DY74
Q9Y6Y1	1191	E	D	K7DY74
Q9Y6Y1	1216	S	N	K7DY74
Q9Y6Y1	1216	S	N	K7DY74
Q9Y6Y1	1218	N	T	K7DY74
Q9Y6Y1	1218	N	T	K7DY74
Q9Y6Y1	1218	N	T	K7DY74
Q9Y6Y1	1218	N	T	K7DY74
Q9Y6Y1	1336	T	I	K7DY74
Q9Y6Y1	1336	T	I	K7DY74
Q9Y6Y1	1336	T	I	K7DY74
Q9Y6Y1	1336	T	I	K7DY74
Q9Y6Y1	1355	P	S	K7DY74
Q9Y6Y1	1387	G	D	K7DY74
Q9Y6Y1	1387	G	D	K7DY74
Q9Y6Y1	1452	S	I	K7DY74
Q9Y6Y1	1485	E	K	K7DY74
Q9Y6Y1	1493	A	V	K7DY74
